 START-UP FOR CHUNK...
     23.60      5000   -0.64227   -2.04182   -2.24773   -2.31110   -1.29257
     47.02     10000   -0.86318   -2.11898   -2.23533   -2.31175   -1.53693
     70.43     15000   -0.92582   -2.21286   -2.12525   -2.16833   -1.64764
     93.84     20000   -0.90215   -2.58124   -1.96751   -1.96784   -1.66110
    117.26     25000   -0.80056   -2.23460   -1.76589   -1.76365   -1.56140
    140.67     30000   -0.66234   -1.94627   -1.56670   -1.57301   -1.39876
    164.08     35000   -0.54600   -1.68637   -1.45417   -1.45381   -1.24204
    187.50     40000   -0.46187   -1.64773   -1.56337   -1.53568   -1.16888
    210.91     45000   -0.50006   -1.88326   -1.89659   -2.04698   -1.23805
    234.33     50000   -0.61144   -1.81749   -1.68773   -1.65983   -1.32293
    257.74     55000   -0.78353   -1.87512   -1.73177   -1.70751   -1.43566
    281.15     60000   -0.86173   -2.14497   -2.11332   -2.09656   -1.56970
    304.57     65000   -0.93325   -2.22494   -2.14297   -2.14431   -1.63084
    327.99     70000   -0.94612   -2.02858   -1.85515   -1.84108   -1.59206
    351.40     75000   -0.89674   -1.98552   -1.88732   -1.86181   -1.56931
    374.82     80000   -0.89513   -2.18494   -2.27199   -2.27639   -1.62124
    398.23     85000   -0.98008   -2.21270   -2.10265   -2.07722   -1.67853
    421.65     90000   -1.09263   -2.13295   -2.00061   -1.97891   -1.72363
    445.06     95000   -1.11845   -2.30516   -2.24325   -2.22424   -1.81463
    468.48    100000   -1.18858   -2.53121   -2.57467   -2.57819   -1.89881
 ITERATION...
    491.90      5000   -1.24398   -2.36794   -2.20711   -2.18913   -1.90276
    515.31     10000   -1.23883   -2.31686   -2.20389   -2.18079   -1.90283
    538.73     15000   -1.24474   -2.50519   -2.55089   -2.54848   -1.96465
    562.14     20000   -1.32231   -2.59898   -2.50301   -2.48554   -2.02658
    585.55     25000   -1.42893   -2.47076   -2.32881   -2.30573   -2.05304
    608.97     30000   -1.42932   -2.57780   -2.49821   -2.47758   -2.11890
    632.38     35000   -1.48756   -2.83102   -2.94465   -2.94952   -2.20534
    655.80     40000   -1.55687   -2.71678   -2.56388   -2.54570   -2.22845
    679.22     45000   -1.58039   -2.65116   -2.52467   -2.50215   -2.23648
    702.63     50000   -1.58540   -2.81961   -2.82775   -2.81487   -2.30024
    726.05     55000   -1.65921   -2.96682   -2.90541   -2.89459   -2.36742
    749.46     60000   -1.74994   -2.81575   -2.66753   -2.64480   -2.38683
    772.88     65000   -1.75459   -2.87677   -2.78095   -2.75913   -2.43586
    796.29     70000   -1.79942   -3.13057   -3.25299   -3.25281   -2.52124
    819.70     75000   -1.87593   -3.07036   -2.92987   -2.91163   -2.55762
    843.12     80000   -1.92135   -2.98156   -2.84610   -2.82399   -2.56730
    866.53     85000   -1.92112   -3.12462   -3.09698   -3.07988   -2.62822
    889.95     90000   -1.98795   -3.32178   -3.31586   -3.31177   -2.70157
    913.36     95000   -2.07085   -3.16411   -3.01373   -2.99181   -2.72106
    936.78    100000   -2.08443   -3.18471   -3.07623   -3.05407   -2.75769
    960.19      5000   -2.11769   -3.42306   -3.51010   -3.50320   -2.84017
    983.61     10000   -2.19619   -3.43017   -3.30705   -3.28967   -2.88801
   1007.02     15000   -2.26537   -3.31356   -3.17215   -3.15001   -2.89767
   1030.44     20000   -2.25417   -3.42592   -3.37028   -3.35097   -2.95276
   1053.85     25000   -2.31339   -3.66136   -3.72253   -3.72695   -3.03120
   1077.27     30000   -2.39289   -3.51759   -3.36768   -3.34641   -3.05528
   1100.68     35000   -2.41650   -3.49996   -3.38092   -3.35859   -3.08233
   1124.10     40000   -2.44117   -3.71153   -3.75231   -3.74002   -3.16015
   1147.51     45000   -2.51847   -3.79244   -3.69632   -3.68118   -3.21839
   1170.92     50000   -2.60305   -3.65065   -3.50439   -3.48231   -3.22870
   1194.34     55000   -2.58715   -3.72918   -3.65178   -3.63109   -3.27629
   1217.75     60000   -2.63670   -3.98193   -4.09450   -4.10485   -3.35773
   1241.17     65000   -2.71491   -3.87615   -3.72983   -3.70944   -3.38928
   1264.59     70000   -2.75344   -3.82197   -3.69363   -3.67114   -3.40902
   1288.00     75000   -2.76713   -4.00119   -4.00044   -3.98429   -3.48065
   1311.42     80000   -2.84088   -4.15119   -4.09759   -4.08651   -3.54792
   1334.83     85000   -2.92252   -3.99337   -3.84354   -3.82167   -3.56069
   1358.25     90000   -2.91942   -4.03704   -3.94208   -3.92056   -3.60010
   1381.66     95000   -2.95902   -4.28639   -4.40209   -4.40756   -3.68204
   1405.07    100000   -3.03830   -4.23840   -4.10110   -4.08202   -3.72277
   1428.49      5000   -3.09305   -4.14982   -4.01357   -3.99107   -3.73740
   1451.90     10000   -3.09617   -4.29449   -4.26008   -4.24143   -3.80159
   1475.32     15000   -3.16264   -4.49986   -4.50677   -4.50233   -3.87609
   1498.73     20000   -3.24159   -4.34144   -4.19007   -4.16858   -3.89348
   1522.15     25000   -3.25301   -4.34996   -4.24082   -4.21881   -3.92483
   1545.57     30000   -3.28256   -4.58119   -4.66044   -4.65603   -4.00482
   1568.98     35000   -3.36112   -4.60266   -4.48269   -4.46549   -4.05543
   1592.39     40000   -3.43755   -4.48301   -4.34042   -4.31804   -4.06727
   1615.81     45000   -3.42639   -4.59235   -4.53147   -4.51128   -4.12314
   1639.22     50000   -3.48475   -4.83304   -4.90814   -4.91220   -4.20263
   1662.64     55000   -3.56248   -4.69466   -4.54450   -4.52360   -4.22679
   1686.05     60000   -3.58700   -4.66800   -4.54742   -4.52514   -4.25079
   1709.47     65000   -3.60891   -4.87212   -4.90543   -4.89363   -4.32663
   1732.88     70000   -3.68530   -4.96618   -4.87565   -4.86132   -4.38687
   1756.30     75000   -3.77019   -4.82148   -4.67417   -4.65199   -4.39842
   1779.71     80000   -3.75831   -4.89523   -4.81357   -4.79243   -4.44554
   1803.13     85000   -3.80600   -5.14897   -5.26767   -5.27594   -4.52753
   1826.54     90000   -3.88366   -5.05273   -4.90757   -4.88752   -4.56021
   1849.96     95000   -3.92454   -4.99130   -4.86143   -4.83903   -4.57815
   1873.37    100000   -3.93580   -5.16345   -5.15627   -5.14006   -4.64799
   1896.79      5000   -4.00864   -5.32428   -5.27975   -5.27003   -4.71678
   1920.20     10000   -4.09007   -5.16531   -5.01496   -4.99308   -4.73063
   1943.62     15000   -4.08966   -5.20340   -5.10522   -5.08347   -4.76902
   1967.03     20000   -4.12806   -5.45069   -5.56204   -5.56446   -4.85097
   1990.45     25000   -4.20691   -5.41478   -5.28021   -5.26144   -4.89330
   2013.86     30000   -4.26514   -5.31995   -5.18251   -5.16010   -4.90692
   2037.28     35000   -4.26586   -5.45782   -5.41827   -5.39951   -4.96938
   2060.69     40000   -4.33094   -5.67095   -5.68980   -5.68721   -5.04496
   2084.11     45000   -4.40984   -5.51448   -5.36314   -5.34171   -5.06361
   2107.52     50000   -4.42301   -5.51697   -5.40543   -5.38331   -5.09377
   2130.94     55000   -4.45169   -5.74403   -5.81484   -5.80829   -5.17326
   2154.35     60000   -4.52950   -5.77889   -5.66353   -5.64673   -5.22561
   2177.76     65000   -4.61043   -5.65397   -5.51051   -5.48819   -5.23706
   2201.18     70000   -4.59664   -5.75663   -5.69173   -5.67143   -5.29123
   2224.60     75000   -4.65239   -6.00124   -6.08691   -6.09274   -5.37135
   2248.01     80000   -4.73077   -5.86883   -5.71926   -5.69847   -5.39702
   2271.43     85000   -4.75822   -5.83592   -5.71348   -5.69114   -5.41990
   2294.84     90000   -4.77859   -6.03460   -6.05986   -6.04686   -5.49483
   2318.26     95000   -4.85361   -6.14171   -6.05843   -6.04474   -5.55671
   2341.67    100000   -4.93758   -5.99338   -5.84543   -5.82332   -5.56843
   2365.09      5000   -4.92884   -6.06050   -5.97564   -5.95440   -5.61388
   2388.50     10000   -4.97414   -6.31432   -6.43535   -6.44357   -5.69603
   2411.91     15000   -5.05186   -6.22786   -6.08410   -6.06425   -5.73044
   2435.33     20000   -5.09595   -6.16024   -6.02884   -6.00642   -5.74749
   2458.74     25000   -5.10512   -6.32630   -6.31256   -6.29570   -5.81610
   2482.17     30000   -5.17706   -6.49811   -6.46414   -6.45545   -5.88628
   2505.61     35000   -5.25729   -6.33816   -6.18748   -6.16568   -5.90080
   2529.06     40000   -5.25980   -6.36968   -6.26889   -6.24707   -5.93760
   2552.50     45000   -5.29635   -6.61408   -6.71947   -6.72038   -6.01927
   2575.94     50000   -5.37536   -6.59053   -6.45867   -6.44021   -6.06344
   2599.37     55000   -5.43745   -6.48991   -6.35123   -6.32882   -6.07651
   2622.78     60000   -5.43512   -6.62141   -6.57672   -6.55758   -6.13753
   2646.19     65000   -5.49872   -6.84202   -6.87373   -6.87264   -6.21411
   2669.59     70000   -5.57821   -6.68827   -6.53702   -6.51570   -6.23388
   2693.00     75000   -5.59304   -6.68423   -6.57056   -6.54839   -6.26261
   2716.40     80000   -5.62022   -6.90656   -6.96887   -6.96097   -6.34141
   2739.81     85000   -5.69792   -6.95475   -6.84411   -6.82777   -6.39556
   2763.21     90000   -5.78309   -6.82493   -6.68051   -6.65822   -6.40689
   2786.61     95000   -5.76638   -6.92111   -6.85219   -6.83167   -6.45948
   2810.04    100000   -5.82048   -7.16904   -7.26474   -7.27169   -6.54017
   2833.48      5000   -5.89940   -7.04350   -6.89465   -6.87401   -6.56732
   2856.91     10000   -5.92968   -7.00417   -6.87995   -6.85759   -6.58901
   2880.34     15000   -5.94711   -7.19710   -7.21463   -7.20079   -6.66290
   2903.77     20000   -6.02207   -7.31684   -7.24116   -7.22822   -6.72641
   2927.20     25000   -6.10523   -7.16532   -7.01674   -6.99466   -6.73845
   2950.63     30000   -6.09897   -7.22595   -7.13790   -7.11653   -6.78231
   2974.07     35000   -6.14261   -7.47928   -7.60103   -7.60843   -6.86456
   2997.50     40000   -6.22036   -7.40329   -7.26117   -7.24154   -6.90070
   3020.93     45000   -6.26735   -7.32945   -7.19661   -7.17418   -6.91687
   3044.37     50000   -6.27449   -7.48929   -7.46932   -7.45197   -6.98417
   3067.80     55000   -6.34484   -7.67141   -7.64842   -7.64094   -7.05568
   3091.23     60000   -6.42476   -7.51109   -7.36013   -7.33840   -7.07098
   3114.67     65000   -6.43023   -7.53611   -7.43275   -7.41086   -7.10625
   3138.10     70000   -6.46448   -7.77725   -7.87583   -7.87497   -7.18756
   3161.53     75000   -6.54408   -7.76643   -7.63764   -7.61950   -7.23357
   3184.97     80000   -6.60960   -7.66009   -7.52026   -7.49786   -7.24615
   3208.40     85000   -6.60460   -7.78517   -7.73561   -7.71617   -7.30567
   3231.83     90000   -6.66673   -8.01246   -8.05693   -8.05745   -7.38319
   3255.26     95000   -6.74568   -7.86217   -7.71110   -7.68989   -7.40416
   3278.69    100000   -6.76334   -7.85165   -7.73588   -7.71367   -7.43151
   3302.12      5000   -6.78903   -8.06902   -8.12282   -8.11360   -7.50955
   3325.55     10000   -6.86661   -8.13058   -8.02517   -8.00934   -7.56549
   3348.98     15000   -6.95291   -7.99609   -7.85079   -7.82853   -7.57675
   3372.42     20000   -6.93607   -8.08579   -8.01303   -7.99233   -7.62776
   3395.84     25000   -6.98881   -8.33626   -8.44057   -8.44843   -7.70892
   3419.28     30000   -7.06723   -8.21829   -8.07029   -8.04981   -7.73762
   3442.71     35000   -7.10031   -8.17256   -8.04664   -8.02426   -7.75817
   3466.13     40000   -7.11590   -8.35964   -8.36970   -8.35507   -7.83097
   3489.56     45000   -7.19080   -8.49174   -8.42431   -8.41218   -7.89607
   3512.98     50000   -7.27313   -8.33747   -8.18830   -8.16629   -7.90851
   3536.42     55000   -7.26848   -8.39158   -8.30048   -8.27900   -7.95077
   3559.84     60000   -7.31049   -8.64382   -8.76447   -8.77078   -8.03304
   3583.27     65000   -7.38911   -8.57881   -8.43855   -8.41914   -8.07094
   3606.70     70000   -7.43873   -8.49883   -8.36459   -8.34216   -8.08629
   3630.13     75000   -7.44412   -8.65239   -8.62646   -8.60864   -8.15225
   3653.56     80000   -7.51287   -8.84427   -8.83283   -8.82663   -8.22502
   3676.99     85000   -7.59249   -8.68422   -8.53304   -8.51140   -8.24118
   3700.42     90000   -7.60091   -8.70273   -8.59691   -8.57494   -8.27495
   3723.85     95000   -7.63287   -8.94021   -9.03129   -9.02873   -8.35582
   3747.28    100000   -7.71261   -8.94235   -8.81696   -8.79917   -8.40366
   3770.71      5000   -7.78188   -8.83045   -8.68950   -8.66712   -8.41582
   3794.14     10000   -7.77434   -8.94909   -8.89485   -8.87513   -8.47383
   3817.57     15000   -7.83500   -9.18232   -9.23937   -9.24149   -8.55220
   3840.99     20000   -7.91342   -9.03624   -8.88547   -8.86436   -8.57444
   3864.42     25000   -7.93389   -9.01925   -8.90147   -8.87922   -8.60045
   3887.85     30000   -7.95808   -9.23145   -9.27681   -9.26639   -8.67768
MyID= 0: Time=  0.1,has convergenced
     1685913 iterations for the convertgence of psi
 MyID=           0 has finish
