 START-UP FOR CHUNK...
     23.49      5000   -0.60068   -2.02996   -2.05858   -2.00534   -1.28879
     46.89     10000   -0.76157   -2.13992   -1.94359   -2.00915   -1.50533
     70.30     15000   -0.75930   -2.26110   -1.82972   -1.86996   -1.54697
     93.70     20000   -0.67684   -2.34419   -1.67869   -1.68170   -1.47641
    117.11     25000   -0.56058   -1.87560   -1.52733   -1.51856   -1.35000
    140.50     30000   -0.47838   -1.61794   -1.45810   -1.45934   -1.23080
    163.91     35000   -0.43143   -1.74259   -1.66779   -1.63343   -1.20606
    187.31     40000   -0.50656   -1.91543   -1.89582   -2.09807   -1.31528
    210.71     45000   -0.66582   -1.84824   -1.73515   -1.72180   -1.39508
    234.12     50000   -0.83414   -1.94129   -1.82021   -1.79616   -1.50377
    257.53     55000   -0.92200   -2.21807   -2.24440   -2.20032   -1.63457
    280.94     60000   -0.99939   -2.29679   -2.21124   -2.22487   -1.71004
    304.35     65000   -1.03452   -2.09893   -1.94402   -1.93305   -1.68482
    327.76     70000   -1.00497   -2.07429   -1.97901   -1.94983   -1.66881
    351.16     75000   -1.00980   -2.29193   -2.37170   -2.30802   -1.72602
    374.56     80000   -1.09543   -2.32748   -2.28254   -2.25384   -1.79456
    397.95     85000   -1.20580   -2.23381   -2.10985   -2.08941   -1.82884
    421.35     90000   -1.22934   -2.37434   -2.28574   -2.25836   -1.89978
    444.75     95000   -1.28880   -2.63139   -2.81974   -2.76910   -1.99859
    468.16    100000   -1.36857   -2.51533   -2.38746   -2.37870   -2.03736
 ITERATION...
    491.58      5000   -1.39949   -2.43535   -2.30588   -2.28527   -2.03295
    514.98     10000   -1.38776   -2.58237   -2.54438   -2.50520   -2.07940
    538.38     15000   -1.44972   -2.77930   -2.86255   -2.84272   -2.16224
    561.77     20000   -1.54705   -2.63220   -2.50698   -2.48742   -2.19888
    585.16     25000   -1.57605   -2.66156   -2.54231   -2.51748   -2.23455
    608.56     30000   -1.61239   -2.90567   -2.94683   -2.89987   -2.31941
    631.95     35000   -1.69774   -2.94580   -2.88965   -2.87778   -2.39091
    655.37     40000   -1.77220   -2.80909   -2.67330   -2.65551   -2.40036
    678.78     45000   -1.75769   -2.88737   -2.79303   -2.76468   -2.43298
    702.18     50000   -1.79855   -3.14506   -3.30164   -3.24945   -2.51643
    725.58     55000   -1.89214   -3.05600   -2.95222   -2.93745   -2.57083
    748.98     60000   -1.95738   -2.99576   -2.86544   -2.84384   -2.58974
    772.38     65000   -1.96256   -3.16381   -3.10676   -3.07237   -2.65265
    795.78     70000   -2.02849   -3.37043   -3.45778   -3.43257   -2.73953
    819.19     75000   -2.11369   -3.20499   -3.07666   -3.06041   -2.76875
    842.59     80000   -2.12930   -3.20716   -3.08890   -3.06468   -2.78796
    866.00     85000   -2.15279   -3.43324   -3.45651   -3.41405   -2.86123
    889.41     90000   -2.23737   -3.50079   -3.45977   -3.44604   -2.93583
    912.82     95000   -2.32419   -3.36401   -3.23140   -3.21252   -2.95491
    936.24    100000   -2.32152   -3.44679   -3.34764   -3.32011   -2.99498
    959.65      5000   -2.36511   -3.71314   -3.85929   -3.80374   -3.08182
    983.06     10000   -2.45596   -3.63009   -3.52600   -3.51215   -3.13589
   1006.47     15000   -2.51942   -3.55271   -3.42282   -3.40161   -3.14844
   1029.88     20000   -2.51516   -3.70412   -3.64437   -3.61142   -3.20389
   1053.28     25000   -2.57686   -3.92483   -4.02822   -4.00286   -3.29027
   1076.68     30000   -2.66611   -3.76495   -3.63846   -3.62189   -3.32443
   1100.07     35000   -2.69009   -3.76317   -3.64275   -3.61882   -3.34646
   1123.47     40000   -2.71467   -3.98557   -3.99809   -3.95599   -3.42082
   1146.87     45000   -2.79743   -4.07261   -4.03966   -4.02610   -3.49690
   1170.26     50000   -2.88090   -3.92717   -3.79368   -3.77517   -3.51480
   1193.65     55000   -2.87872   -3.99710   -3.89635   -3.86904   -3.55033
   1217.05     60000   -2.91872   -4.26026   -4.39370   -4.34148   -3.63525
   1240.45     65000   -3.01050   -4.19434   -4.09402   -4.08022   -3.69249
   1263.86     70000   -3.08118   -4.11087   -3.97933   -3.95827   -3.70656
   1287.27     75000   -3.07531   -4.25559   -4.18939   -4.15693   -3.76140
   1310.68     80000   -3.13473   -4.48626   -4.60820   -4.57762   -3.84855
   1334.09     85000   -3.22331   -4.33066   -4.20488   -4.18884   -3.88414
   1357.51     90000   -3.25002   -4.31904   -4.19690   -4.17331   -3.90379
   1380.91     95000   -3.27181   -4.53282   -4.53492   -4.49438   -3.97567
   1404.32    100000   -3.35203   -4.63721   -4.61554   -4.60219   -4.05352
   1427.72      5000   -3.43684   -4.48784   -4.35399   -4.33567   -4.07329
   1451.12     10000   -3.43744   -4.55055   -4.44601   -4.41905   -4.10759
   1474.53     15000   -3.47652   -4.81184   -4.93220   -4.87890   -4.19196
   1497.93     20000   -3.56748   -4.76120   -4.66606   -4.65244   -4.25137
   1521.32     25000   -3.64370   -4.66972   -4.53747   -4.51679   -4.26495
   1544.72     30000   -3.63265   -4.80579   -4.73433   -4.70270   -4.31727
   1568.12     35000   -3.68951   -5.04450   -5.18044   -5.14705   -4.40468
   1591.52     40000   -3.77978   -4.89395   -4.76982   -4.75410   -4.44275
   1614.91     45000   -3.81006   -4.87468   -4.75073   -4.72745   -4.46154
   1638.31     50000   -3.82968   -5.08164   -5.07298   -5.03331   -4.53184
   1661.70     55000   -3.90770   -5.20309   -5.19516   -5.18093   -4.61123
   1685.11     60000   -3.99351   -5.04930   -4.91602   -4.89798   -4.63218
   1708.53     65000   -3.99606   -5.10359   -4.99655   -4.97008   -4.66441
   1731.94     70000   -4.03372   -5.36193   -5.46759   -5.41597   -4.74771
   1755.35     75000   -4.12321   -5.32692   -5.23712   -5.22375   -4.80955
   1778.75     80000   -4.20600   -5.22800   -5.09520   -5.07480   -4.82335
   1802.16     85000   -4.19089   -5.35606   -5.27957   -5.24854   -4.87366
   1825.56     90000   -4.24534   -5.60249   -5.75148   -5.71309   -4.96128
   1848.97     95000   -4.33619   -5.45825   -5.33636   -5.32088   -5.00161
   1872.38    100000   -4.37048   -5.43061   -5.30553   -5.28258   -5.01925
   1895.78      5000   -4.38702   -5.63003   -5.61209   -5.57372   -5.08765
   1919.17     10000   -4.46345   -5.76805   -5.77387   -5.75912   -5.16851
   1942.56     15000   -4.54927   -5.61061   -5.47779   -5.46001   -5.19100
   1965.96     20000   -4.55475   -5.65666   -5.54717   -5.52109   -5.22144
   1989.35     25000   -4.59033   -5.91138   -6.00222   -5.95161   -5.30366
   2012.74     30000   -4.67952   -5.89338   -5.80978   -5.79652   -5.36779
   2036.14     35000   -4.76402   -5.78690   -5.65379   -5.63367   -5.38180
   2059.54     40000   -4.74918   -5.90662   -5.82578   -5.79541   -5.42997
   2082.94     45000   -4.80141   -6.15920   -6.31693   -6.27486   -5.51764
   2106.34     50000   -4.89219   -6.02260   -5.90290   -5.88768   -5.56038
   2129.74     55000   -4.93134   -5.98671   -5.86039   -5.83775   -5.57709
   2153.14     60000   -4.94489   -6.17843   -6.15174   -6.11437   -5.64359
   2176.55     65000   -5.01935   -6.33273   -6.35399   -6.33812   -5.72576
   2199.95     70000   -5.10493   -6.17252   -6.04035   -6.02282   -5.74986
   2223.35     75000   -5.11338   -6.21021   -6.09851   -6.07284   -5.77852
   2246.75     80000   -5.14684   -6.46049   -6.53666   -6.48762   -5.85953
   2270.14     85000   -5.23622   -6.45976   -6.38273   -6.36964   -5.92592
   2293.54     90000   -5.31974   -6.34601   -6.21252   -6.19267   -5.94033
   2316.94     95000   -5.30715   -6.45743   -6.37238   -6.34257   -5.98639
   2340.34    100000   -5.35689   -6.71489   -6.87796   -6.83188   -6.07396
   2363.73      5000   -5.44861   -6.58739   -6.47026   -6.45530   -6.11911
   2387.13     10000   -5.49265   -6.54325   -6.41584   -6.39350   -6.13499
   2410.52     15000   -5.50314   -6.72712   -6.69238   -6.65604   -6.19953
   2433.92     20000   -5.57461   -6.89674   -6.93407   -6.91696   -6.28289
   2457.32     25000   -5.66103   -6.73463   -6.60316   -6.58589   -6.30874
   2480.72     30000   -5.67196   -6.76401   -6.65015   -6.62486   -6.33570
   2504.11     35000   -5.70379   -7.00926   -7.07102   -7.02341   -6.41539
   2527.50     40000   -5.79227   -7.02628   -6.95670   -6.94368   -6.48396
   2550.88     45000   -5.87587   -6.90550   -6.77178   -6.75219   -6.49890
   2574.27     50000   -5.86538   -7.00860   -6.91968   -6.89043   -6.54286
   2597.66     55000   -5.91279   -7.26958   -7.43354   -7.38442   -6.63020
   2621.04     60000   -6.00529   -7.15238   -7.03806   -7.02335   -6.67780
   2644.43     65000   -6.05365   -7.10003   -6.97158   -6.94953   -6.69298
   2667.82     70000   -6.06155   -7.27595   -7.23369   -7.19827   -6.75551
   2691.21     75000   -6.13030   -7.46009   -7.51453   -7.49568   -6.83991
   2714.60     80000   -6.21754   -7.29710   -7.16651   -7.14951   -6.86761
   2737.99     85000   -6.23064   -7.31815   -7.20232   -7.17740   -6.89295
   2761.38     90000   -6.26050   -7.55782   -7.60578   -7.55970   -6.97124
   2784.77     95000   -6.34840   -7.59276   -7.53133   -7.51837   -7.04190
   2808.17    100000   -6.43242   -7.46524   -7.33136   -7.31203   -7.05754
   2831.58      5000   -6.42297   -7.56002   -7.46748   -7.43875   -7.09941
   2855.00     10000   -6.46910   -7.82328   -7.98409   -7.93260   -7.18638
   2878.41     15000   -6.56079   -7.71766   -7.60652   -7.59205   -7.23643
   2901.80     20000   -6.61508   -7.65713   -7.52775   -7.50600   -7.25104
   2925.19     25000   -6.61909   -7.82501   -7.77582   -7.74128   -7.31153
   2948.59     30000   -6.68618   -8.02265   -8.09466   -8.07369   -7.39684
   2972.00     35000   -6.77416   -7.85985   -7.73027   -7.71353   -7.42650
   2995.41     40000   -6.78975   -7.87257   -7.75488   -7.73031   -7.45029
   3018.82     45000   -6.81753   -8.10618   -8.14103   -8.09641   -7.52708
   3042.24     50000   -6.90362   -8.15920   -8.10684   -8.09385   -7.59974
   3065.65     55000   -6.98819   -8.02532   -7.89137   -7.87231   -7.61621
   3089.06     60000   -6.98097   -8.11177   -8.01585   -7.98763   -7.65603
   3112.47     65000   -7.02537   -8.37607   -8.52999   -8.47710   -7.74249
   3135.88     70000   -7.11672   -8.28315   -8.17556   -8.16133   -7.79501
   3159.29     75000   -7.17696   -8.21453   -8.08429   -8.06283   -7.80917
   3182.70     80000   -7.17704   -8.37428   -8.31866   -8.28493   -7.86760
   3206.11     85000   -7.24143   -8.58436   -8.67419   -8.65056   -7.95367
   3229.52     90000   -7.32966   -8.42291   -8.29453   -8.27805   -7.98538
   3252.92     95000   -7.34928   -8.42731   -8.30788   -8.28367   -8.00771
   3276.33    100000   -7.37498   -8.65446   -8.67695   -8.63375   -8.08292
   3299.74      5000   -7.45927   -8.72550   -8.68313   -8.67003   -8.15749
   3323.15     10000   -7.54360   -8.58568   -8.45176   -8.43297   -8.17493
   3346.57     15000   -7.53940   -8.66381   -8.56473   -8.53698   -8.21273
   3369.98     20000   -7.58158   -8.92802   -9.07202   -9.01853   -8.29855
   3393.40     25000   -7.67307   -8.84888   -8.74525   -8.73126   -8.35352
   3416.81     30000   -7.73883   -8.77223   -8.64123   -8.62005   -8.36738
   3440.22     35000   -7.73541   -8.92381   -8.86222   -8.82926   -8.42372
   3463.63     40000   -7.79710   -9.14513   -9.25241   -9.22561   -8.51040
   3487.05     45000   -7.88559   -8.98626   -8.85926   -8.84304   -8.54424
   3510.46     50000   -7.90924   -8.98235   -8.86130   -8.83742   -8.56522
   3533.87     55000   -7.93285   -9.20268   -9.21360   -9.17175   -8.63876
MyID= 0: Time=  0.1,has convergenced
     1686128 iterations for the convertgence of psi
 MyID=           0 has finish
