 START-UP FOR CHUNK...
     23.61      5000   -0.60433   -2.03240   -2.07511   -2.03099   -1.28823
     47.11     10000   -0.77219   -2.13961   -1.96590   -2.03404   -1.50867
     70.64     15000   -0.77616   -2.25058   -1.85509   -1.89273   -1.55794
     94.15     20000   -0.69529   -2.37190   -1.70236   -1.70286   -1.49297
    117.65     25000   -0.57849   -1.90629   -1.54157   -1.53461   -1.36565
    141.16     30000   -0.48981   -1.63236   -1.45580   -1.45726   -1.24029
    164.68     35000   -0.43094   -1.70149   -1.62136   -1.59081   -1.19696
    188.20     40000   -0.49571   -1.89862   -1.89958   -2.13504   -1.29724
    211.72     45000   -0.64488   -1.85215   -1.74335   -1.72600   -1.38025
    235.23     50000   -0.82465   -1.91038   -1.78896   -1.76932   -1.48387
    258.75     55000   -0.90715   -2.17281   -2.17404   -2.13251   -1.61461
    282.28     60000   -0.98500   -2.29931   -2.24895   -2.27229   -1.69812
    305.79     65000   -1.02308   -2.10594   -1.94512   -1.93513   -1.67764
    329.28     70000   -0.99824   -2.05490   -1.95490   -1.92553   -1.65600
    352.76     75000   -0.99476   -2.25310   -2.30942   -2.25139   -1.70689
    376.24     80000   -1.07379   -2.32883   -2.30243   -2.27234   -1.77700
    399.72     85000   -1.18213   -2.22089   -2.09734   -2.07574   -1.81184
    423.20     90000   -1.21162   -2.34387   -2.24881   -2.22407   -1.88039
    446.68     95000   -1.26886   -2.60167   -2.78769   -2.73870   -1.97928
    470.16    100000   -1.34825   -2.51185   -2.38880   -2.38094   -2.02138
 ITERATION...
    493.65      5000   -1.38627   -2.42011   -2.28743   -2.26757   -2.01602
    517.13     10000   -1.36881   -2.55084   -2.50589   -2.46885   -2.05904
    540.61     15000   -1.42650   -2.76338   -2.86485   -2.84705   -2.14117
    564.09     20000   -1.52244   -2.62002   -2.49528   -2.47496   -2.17907
    587.59     25000   -1.55694   -2.63868   -2.51824   -2.49335   -2.21419
    611.10     30000   -1.59111   -2.87578   -2.90455   -2.86302   -2.29827
    634.60     35000   -1.67456   -2.93211   -2.88323   -2.87038   -2.36987
    658.10     40000   -1.74844   -2.79085   -2.65490   -2.63680   -2.37925
    681.62     45000   -1.73573   -2.86190   -2.76708   -2.73994   -2.41106
    705.13     50000   -1.77516   -3.11709   -3.26686   -3.22296   -2.49363
    728.65     55000   -1.86699   -3.03698   -2.93286   -2.91768   -2.54727
    752.18     60000   -1.93335   -2.97310   -2.84314   -2.82124   -2.56645
    775.69     65000   -1.93856   -3.13811   -3.08304   -3.05007   -2.63001
    799.19     70000   -2.00476   -3.34599   -3.42779   -3.40656   -2.71577
    822.70     75000   -2.08828   -3.18139   -3.05202   -3.03471   -2.74326
    846.20     80000   -2.10331   -3.18297   -3.06659   -3.04219   -2.76328
    869.70     85000   -2.12688   -3.40836   -3.43893   -3.40046   -2.83734
    893.21     90000   -2.21180   -3.47120   -3.42246   -3.40877   -2.90942
    916.72     95000   -2.29869   -3.33746   -3.20435   -3.18472   -2.92744
    940.24    100000   -2.29437   -3.42376   -3.32913   -3.30178   -2.96992
    963.75      5000   -2.33934   -3.68734   -3.84033   -3.79412   -3.05690
    987.25     10000   -2.42843   -3.59664   -3.48652   -3.47182   -3.10672
   1010.75     15000   -2.48503   -3.52596   -3.39711   -3.37508   -3.11970
   1034.27     20000   -2.48545   -3.68415   -3.63494   -3.60256   -3.17834
   1057.79     25000   -2.55094   -3.88960   -3.96539   -3.94806   -3.26275
   1081.30     30000   -2.63858   -3.72948   -3.59963   -3.58186   -3.29259
   1104.85     35000   -2.65693   -3.73872   -3.62170   -3.59718   -3.31756
   1128.38     40000   -2.68454   -3.96884   -4.00500   -3.96437   -3.39495
   1151.90     45000   -2.76983   -4.02673   -3.97244   -3.95941   -3.46589
   1175.42     50000   -2.85333   -3.89252   -3.75809   -3.73848   -3.48118
   1198.95     55000   -2.84546   -3.97719   -3.88453   -3.85673   -3.52166
   1222.49     60000   -2.88960   -4.23800   -4.39239   -4.35015   -3.60767
   1246.04     65000   -2.97994   -4.14473   -4.03337   -4.01835   -3.65753
   1269.54     70000   -3.03650   -4.07945   -3.94968   -3.92754   -3.67250
   1293.04     75000   -3.04014   -4.24240   -4.19392   -4.16100   -3.73339
   1316.55     80000   -3.10645   -4.44248   -4.51477   -4.49646   -3.81771
   1340.05     85000   -3.19271   -4.28237   -4.15174   -4.13426   -3.84600
   1363.57     90000   -3.20907   -4.29323   -4.17665   -4.15209   -3.87028
   1387.09     95000   -3.23654   -4.52430   -4.56471   -4.52421   -3.94745
   1410.62    100000   -3.32259   -4.57505   -4.51754   -4.50475   -4.01786
   1434.13      5000   -3.40644   -4.44400   -4.30942   -4.28965   -4.03357
   1457.64     10000   -3.39893   -4.53297   -4.44049   -4.41246   -4.07550
   1481.16     15000   -3.44387   -4.79382   -4.95110   -4.90713   -4.16194
   1504.69     20000   -3.53418   -4.69547   -4.58370   -4.56856   -4.21068
   1528.20     25000   -3.58822   -4.63271   -4.50355   -4.48145   -4.22532
   1551.73     30000   -3.59270   -4.79811   -4.75203   -4.71917   -4.28649
   1575.28     35000   -3.65946   -4.99321   -5.05871   -5.04178   -4.37048
   1598.82     40000   -3.74576   -4.83270   -4.70190   -4.68435   -4.39836
   1622.36     45000   -3.76169   -4.84700   -4.73098   -4.70628   -4.42349
   1645.88     50000   -3.79016   -5.08072   -5.12510   -5.08376   -4.50135
   1669.40     55000   -3.87627   -5.12546   -5.06554   -5.05243   -4.57101
   1692.91     60000   -3.95977   -4.99620   -4.86208   -4.84223   -4.58626
   1716.43     65000   -3.95176   -5.08776   -4.99687   -4.96881   -4.62869
   1739.94     70000   -3.99708   -5.34812   -5.50653   -5.46434   -4.71520
   1763.44     75000   -4.08778   -5.24533   -5.13241   -5.11720   -4.76320
   1786.96     80000   -4.13992   -5.18546   -5.05668   -5.03449   -4.77818
   1810.45     85000   -4.14582   -5.35373   -5.30995   -5.27675   -4.84013
   1833.93     90000   -4.21316   -5.54483   -5.60509   -5.58821   -4.92380
   1857.41     95000   -4.29911   -5.38411   -5.25317   -5.23551   -4.95096
   1880.90    100000   -4.31424   -5.40102   -5.28591   -5.26111   -4.97654
   1904.38      5000   -4.34337   -5.63665   -5.68570   -5.64430   -5.05483
   1927.86     10000   -4.42961   -5.67534   -5.61219   -5.59912   -5.12382
   1951.34     15000   -4.51314   -5.54822   -5.41412   -5.39416   -5.13890
   1974.82     20000   -4.50469   -5.64262   -5.55292   -5.52467   -5.18207
   1998.30     25000   -4.55061   -5.90246   -6.06248   -6.02048   -5.26871
   2021.78     30000   -4.64140   -5.79590   -5.68200   -5.66668   -5.31586
   2045.29     35000   -4.69170   -5.73868   -5.61032   -5.58805   -5.33101
   2068.81     40000   -4.69838   -5.90957   -5.86832   -5.83495   -5.39362
   2092.35     45000   -4.76675   -6.09611   -6.15015   -6.13401   -5.47696
   2115.86     50000   -4.85246   -5.93532   -5.80397   -5.78623   -5.50352
   2139.37     55000   -4.86686   -5.95505   -5.84055   -5.81562   -5.52966
   2162.88     60000   -4.89651   -6.19264   -6.24614   -6.20423   -5.60843
   2186.41     65000   -4.98308   -6.22548   -6.15962   -6.14645   -5.67670
   2209.96     70000   -5.06654   -6.10054   -5.96653   -5.94649   -5.69155
   2233.48     75000   -5.05735   -6.19771   -6.10930   -6.08093   -5.73541
   2256.99     80000   -5.10413   -6.45679   -6.61748   -6.57656   -5.82215
   2280.50     85000   -5.19462   -6.34628   -6.23126   -6.21586   -5.86849
   2304.01     90000   -5.24352   -6.29182   -6.16376   -6.14139   -5.88388
   2327.52     95000   -5.25103   -6.46541   -6.42654   -6.39289   -5.94716
   2351.04    100000   -5.32042   -6.64741   -6.69583   -6.67999   -6.03014
   2374.54      5000   -5.40585   -6.48669   -6.35507   -6.33724   -6.05608
   2398.06     10000   -5.41954   -6.50921   -6.39542   -6.37039   -6.08277
   2421.58     15000   -5.44966   -6.74869   -6.80677   -6.76459   -6.16200
   2445.08     20000   -5.53658   -6.77549   -6.70680   -6.69359   -6.22955
   2468.61     25000   -5.62000   -6.65276   -6.51881   -6.49869   -6.24421
   2492.11     30000   -5.61007   -6.75274   -6.66558   -6.63705   -6.28878
   2515.60     35000   -5.65771   -7.01100   -7.17212   -7.13193   -6.37559
   2539.09     40000   -5.74789   -6.89677   -6.78078   -6.76529   -6.42111
   2562.61     45000   -5.79540   -6.84505   -6.71736   -6.69491   -6.43674
   2586.12     50000   -5.80372   -7.02131   -6.98498   -6.95109   -6.50069
   2609.61     55000   -5.87414   -7.19858   -7.24118   -7.22579   -6.58330
   2633.09     60000   -5.95930   -7.03801   -6.90610   -6.88818   -6.60864
   2656.57     65000   -5.97225   -7.06333   -6.95024   -6.92510   -6.63590
   2680.08     70000   -6.00287   -7.30466   -7.36736   -7.32479   -6.71557
   2703.60     75000   -6.09013   -7.32554   -7.25423   -7.24096   -6.78240
   2727.11     80000   -6.17349   -7.20508   -7.07122   -7.05102   -6.79687
   2750.61     85000   -6.16283   -7.30785   -7.22201   -7.19333   -6.84215
   2774.11     90000   -6.21133   -7.56511   -7.72608   -7.68691   -6.92903
   2797.61     95000   -6.30121   -7.44725   -7.33027   -7.31469   -6.97373
   2821.11    100000   -6.34715   -7.39827   -7.27095   -7.24841   -6.98962
   2844.63      5000   -6.35646   -7.57721   -7.54342   -7.50928   -7.05423
   2868.16     10000   -6.42790   -7.74967   -7.78668   -7.77161   -7.13646
   2891.68     15000   -6.51280   -7.58940   -7.45724   -7.43924   -7.16120
   2915.21     20000   -6.52491   -7.61753   -7.50516   -7.47991   -7.18903
   2938.73     25000   -6.55612   -7.86064   -7.92802   -7.88514   -7.26914
   2962.23     30000   -6.64347   -7.87556   -7.80168   -7.78834   -7.33523
   2985.73     35000   -6.72705   -7.75740   -7.62364   -7.60336   -7.34954
   3009.25     40000   -6.71564   -7.86297   -7.77846   -7.74963   -7.39552
   3032.78     45000   -6.76500   -8.11909   -8.27953   -8.24132   -7.48246
   3056.30     50000   -6.85457   -7.99777   -7.87988   -7.86421   -7.52635
   3079.79     55000   -6.89886   -7.95155   -7.82461   -7.80198   -7.54250
   3103.28     60000   -6.90924   -8.13314   -8.10200   -8.06760   -7.60777
   3126.80     65000   -6.98171   -8.30067   -8.33211   -8.31738   -7.68960
   3150.32     70000   -7.06634   -8.14081   -8.00840   -7.99032   -7.71377
   3173.85     75000   -7.07746   -8.17174   -8.06010   -8.03475   -7.74218
   3197.34     80000   -7.10942   -8.41657   -8.48869   -8.44546   -7.82271
   3220.84     85000   -7.19673   -8.42560   -8.34925   -8.33584   -7.88805
   3244.34     90000   -7.28064   -8.30976   -8.17612   -8.15576   -7.90221
   3267.84     95000   -7.26850   -8.41813   -8.33500   -8.30601   -7.94891
   3291.34    100000   -7.31873   -8.67297   -8.83238   -8.79523   -8.03588
   3314.85      5000   -7.40798   -8.54831   -8.42953   -8.41376   -8.07896
   3338.36     10000   -7.45063   -8.50485   -8.37830   -8.35558   -8.09539
   3361.86     15000   -7.46207   -8.68908   -8.66064   -8.62598   -8.16132
   3385.36     20000   -7.53534   -8.85160   -8.87761   -8.86315   -8.24273
   3408.86     25000   -7.61993   -8.69226   -8.55963   -8.54146   -8.26633
   3432.36     30000   -7.63006   -8.72599   -8.61511   -8.58965   -8.29533
   3455.86     35000   -7.66277   -8.97247   -9.04938   -9.00583   -8.37627
   3479.36     40000   -7.75003   -8.97563   -8.89688   -8.88341   -8.44087
   3502.88     45000   -7.83428   -8.86216   -8.72863   -8.70819   -8.45490
   3526.41     50000   -7.82141   -8.97332   -8.89160   -8.86244   -8.50230
   3549.94     55000   -7.87222   -9.22673   -9.38466   -9.34859   -8.58929
   3573.46     60000   -7.96144   -9.09888   -8.97925   -8.96340   -8.63156
MyID= 0: Time=  0.1,has convergenced
     1686483 iterations for the convertgence of psi
 MyID=           0 has finish
