 START-UP FOR CHUNK...
     23.49      5000   -0.56836   -2.01468   -1.93055   -1.85474   -1.28301
     46.90     10000   -0.68936   -2.16744   -1.79344   -1.86410   -1.47042
     70.32     15000   -0.65390   -2.27654   -1.68571   -1.73096   -1.46922
     93.72     20000   -0.55926   -2.14488   -1.56045   -1.55939   -1.38110
    117.14     25000   -0.46984   -1.71390   -1.46993   -1.45311   -1.27266
    140.54     30000   -0.41828   -1.61532   -1.52388   -1.52056   -1.19822
    163.95     35000   -0.43961   -1.92649   -1.84703   -1.91436   -1.28416
    187.37     40000   -0.59942   -1.91130   -1.83894   -1.83661   -1.39963
    210.78     45000   -0.78341   -1.89355   -1.76118   -1.77800   -1.48330
    234.19     50000   -0.89307   -2.12076   -2.02469   -1.98072   -1.60424
    257.59     55000   -0.98013   -2.37160   -2.45755   -2.42776   -1.73117
    281.00     60000   -1.06804   -2.31092   -2.10655   -2.11089   -1.77135
    304.41     65000   -1.10054   -2.12621   -2.00022   -1.96954   -1.74341
    327.81     70000   -1.06944   -2.21451   -2.14727   -2.10565   -1.76075
    351.21     75000   -1.10962   -2.46898   -2.59596   -2.49772   -1.84376
    374.61     80000   -1.22348   -2.34835   -2.28994   -2.25435   -1.90495
    398.02     85000   -1.32948   -2.33472   -2.21475   -2.20765   -1.93975
    421.43     90000   -1.33926   -2.54215   -2.47005   -2.44091   -2.01598
    444.84     95000   -1.40798   -2.74500   -2.86359   -2.81592   -2.11721
    468.25    100000   -1.50244   -2.60025   -2.45901   -2.46140   -2.15606
 ITERATION...
    491.66      5000   -1.52287   -2.56020   -2.43541   -2.41171   -2.15886
    515.08     10000   -1.52685   -2.75908   -2.71660   -2.65442   -2.21427
    538.49     15000   -1.59446   -2.94261   -2.99002   -2.93584   -2.30461
    561.90     20000   -1.70255   -2.75824   -2.65140   -2.62714   -2.34631
    585.32     25000   -1.72697   -2.79528   -2.67973   -2.65802   -2.37721
    608.73     30000   -1.76343   -3.05955   -3.05117   -2.99974   -2.45781
    632.15     35000   -1.84921   -3.11073   -3.09276   -3.07118   -2.54481
    655.56     40000   -1.93753   -2.96307   -2.83574   -2.82836   -2.56778
    678.96     45000   -1.92811   -3.02714   -2.91509   -2.89096   -2.59248
    702.37     50000   -1.96607   -3.30875   -3.36499   -3.27680   -2.67288
    725.78     55000   -2.06381   -3.28809   -3.21779   -3.20335   -2.75135
    749.19     60000   -2.15688   -3.16670   -3.04422   -3.02478   -2.77414
    772.59     65000   -2.14675   -3.28133   -3.18340   -3.15147   -2.81671
    796.00     70000   -2.19693   -3.58561   -3.70658   -3.60751   -2.90772
    819.42     75000   -2.30116   -3.45482   -3.36276   -3.34730   -2.97364
    842.83     80000   -2.37404   -3.37596   -3.25270   -3.23701   -2.98846
    866.24     85000   -2.35849   -3.52972   -3.44603   -3.41344   -3.03671
    889.65     90000   -2.41508   -3.79940   -3.93897   -3.84792   -3.12888
    913.06     95000   -2.52186   -3.63236   -3.52227   -3.51173   -3.18335
    936.47    100000   -2.56574   -3.59998   -3.47786   -3.45796   -3.20157
    959.88      5000   -2.57840   -3.79957   -3.74252   -3.69743   -3.26369
    983.30     10000   -2.64744   -4.01156   -4.06585   -4.01661   -3.35656
   1006.71     15000   -2.74965   -3.81826   -3.69905   -3.68473   -3.39726
   1030.12     20000   -2.76671   -3.82602   -3.70884   -3.68667   -3.41742
   1053.53     25000   -2.79374   -4.06622   -4.04479   -3.99147   -3.48845
   1076.95     30000   -2.87515   -4.17696   -4.16789   -4.13970   -3.57679
   1100.36     35000   -2.97352   -4.01058   -3.88689   -3.87369   -3.60732
   1123.77     40000   -2.97365   -4.06515   -3.95306   -3.92871   -3.63551
   1147.18     45000   -3.01295   -4.34124   -4.37973   -4.30558   -3.71666
   1170.59     50000   -3.10711   -4.34759   -4.28230   -4.26699   -3.79733
   1194.00     55000   -3.19821   -4.21336   -4.08635   -4.07067   -3.81905
   1217.41     60000   -3.18571   -4.30959   -4.20739   -4.17804   -3.85553
   1240.81     65000   -3.23207   -4.60552   -4.71431   -4.61773   -3.94334
   1264.19     70000   -3.33625   -4.51281   -4.42224   -4.40822   -4.01324
   1287.58     75000   -3.42126   -4.42278   -4.29655   -4.27968   -4.03079
   1310.97     80000   -3.40207   -4.56462   -4.47608   -4.44286   -4.07813
   1334.36     85000   -3.45714   -4.84580   -4.99002   -4.89282   -4.17042
   1357.75     90000   -3.56330   -4.68697   -4.57762   -4.56596   -4.22774
   1381.14     95000   -3.61341   -4.64117   -4.51591   -4.49708   -4.24429
   1404.53    100000   -3.61934   -4.82674   -4.75973   -4.71835   -4.30237
   1427.92      5000   -3.68388   -5.05493   -5.14014   -5.07858   -4.39529
   1451.31     10000   -3.78848   -4.86895   -4.75055   -4.73765   -4.43980
   1474.70     15000   -3.81250   -4.86738   -4.74633   -4.72502   -4.45949
   1498.09     20000   -3.83604   -5.09697   -5.06320   -5.01191   -4.52846
   1521.48     25000   -3.91440   -5.23377   -5.23895   -5.20745   -4.61835
   1544.87     30000   -4.01342   -5.05917   -4.93506   -4.92171   -4.65120
   1568.25     35000   -4.01805   -5.10172   -4.98613   -4.96228   -4.67686
   1591.64     40000   -4.05333   -5.36956   -5.38751   -5.31918   -4.75539
   1615.03     45000   -4.14514   -5.40130   -5.35022   -5.33180   -4.83840
   1638.42     50000   -4.23770   -5.25862   -5.13208   -5.11720   -4.86223
   1661.83     55000   -4.22876   -5.34483   -5.23829   -5.21066   -4.89647
   1685.23     60000   -4.27251   -5.63792   -5.72717   -5.63626   -4.98282
   1708.63     65000   -4.37497   -5.56730   -5.48240   -5.46860   -5.05578
   1732.04     70000   -4.46190   -5.46589   -5.33895   -5.32255   -5.07399
   1755.46     75000   -4.44460   -5.59617   -5.50236   -5.47027   -5.11830
   1778.87     80000   -4.49738   -5.88566   -6.02894   -5.92627   -5.20969
   1802.29     85000   -4.60207   -5.73910   -5.63464   -5.62236   -5.27044
   1825.69     90000   -4.66165   -5.68187   -5.55637   -5.53812   -5.28693
   1849.08     95000   -4.66243   -5.85645   -5.78224   -5.74356   -5.34219
   1872.47    100000   -4.72294   -6.10226   -6.20851   -6.13669   -5.43533
   1895.86      5000   -4.82838   -5.91880   -5.80263   -5.79020   -5.48317
   1919.25     10000   -4.85809   -5.90572   -5.78340   -5.76289   -5.50165
   1942.63     15000   -4.87814   -6.12412   -6.07958   -6.03143   -5.56777
   1966.02     20000   -4.95252   -6.28770   -6.31275   -6.27507   -5.65885
   1989.41     25000   -5.05322   -6.10713   -5.98459   -5.97137   -5.69460
   2012.79     30000   -5.06268   -6.13805   -6.02101   -5.99790   -5.71841
   2036.18     35000   -5.09486   -6.39680   -6.39874   -6.33591   -5.79457
   2059.57     40000   -5.18312   -6.45663   -6.41797   -6.39720   -5.87978
   2082.96     45000   -5.27713   -6.30407   -6.17811   -6.16367   -5.90568
   2106.35     50000   -5.27140   -6.37864   -6.26944   -6.24295   -5.93743
   2129.74     55000   -5.31330   -6.66703   -6.73623   -6.65160   -6.02192
   2153.13     60000   -5.41376   -6.62228   -6.54501   -6.53040   -6.09782
   2176.52     65000   -5.50213   -6.50948   -6.38264   -6.36667   -6.11715
   2199.91     70000   -5.48685   -6.62796   -6.53044   -6.49969   -6.15867
   2223.29     75000   -5.53696   -6.92199   -7.05747   -6.95473   -6.24904
   2246.68     80000   -5.64186   -6.79218   -6.69197   -6.67949   -6.31318
   2270.07     85000   -5.71028   -6.72309   -6.59709   -6.57935   -6.32974
   2293.46     90000   -5.70318   -6.88580   -6.80560   -6.76892   -6.38204
   2316.85     95000   -5.76199   -7.14737   -7.27257   -7.18950   -6.47508
   2340.24    100000   -5.86744   -6.96974   -6.85626   -6.84394   -6.52633
   2363.65      5000   -5.90442   -6.94495   -6.82169   -6.80183   -6.54394
   2387.05     10000   -5.92008   -7.15181   -7.09816   -7.05296   -6.60722
   2410.46     15000   -5.99077   -7.34012   -7.38623   -7.34143   -6.69924
   2433.86     20000   -6.09340   -7.15573   -7.03453   -7.02158   -6.73804
   2457.27     25000   -6.10724   -7.17496   -7.05629   -7.03392   -6.76014
   2480.69     30000   -6.13710   -7.42357   -7.41112   -7.35282   -6.83375
   2504.10     35000   -6.22178   -7.51203   -7.48789   -7.46392   -6.92088
   2527.52     40000   -6.31726   -7.35045   -7.22522   -7.21114   -6.94912
   2550.93     45000   -6.31463   -7.41340   -7.30185   -7.27635   -6.97854
   2574.35     50000   -6.35488   -7.69556   -7.74511   -7.66693   -7.06103
   2597.77     55000   -6.45189   -7.67755   -7.60868   -7.59303   -7.13970
   2621.18     60000   -6.54182   -7.55358   -7.42679   -7.41126   -7.16043
   2644.59     65000   -6.52834   -7.66033   -7.55923   -7.52973   -7.19921
   2668.01     70000   -6.57674   -7.95611   -8.07795   -7.97768   -7.28829
   2691.42     75000   -6.68132   -7.84594   -7.75079   -7.73797   -7.35573
   2714.84     80000   -6.75982   -7.76506   -7.63871   -7.62147   -7.37265
   2738.25     85000   -6.74451   -7.91597   -7.83046   -7.79557   -7.42203
   2761.67     90000   -6.80113   -8.19037   -8.32843   -8.23595   -7.51470
   2785.09     95000   -6.90730   -8.02127   -7.91066   -7.89842   -7.56942
   2808.51    100000   -6.95155   -7.98469   -7.86053   -7.84127   -7.58638
   2831.93      5000   -6.96174   -8.17987   -8.11797   -8.07538   -7.64676
   2855.34     10000   -7.02941   -8.39115   -8.45977   -8.40601   -7.73943
   2878.76     15000   -7.13267   -8.20502   -8.08551   -8.07277   -7.78142
   2902.19     20000   -7.15223   -8.21255   -8.09248   -8.07083   -7.80202
   2925.60     25000   -7.17888   -8.45051   -8.42527   -8.37107   -7.87298
   2949.02     30000   -7.25955   -8.56707   -8.55899   -8.53113   -7.96179
   2972.44     35000   -7.35799   -8.39740   -8.27298   -8.25922   -7.99259
   2995.85     40000   -7.35861   -8.44870   -8.33497   -8.31038   -8.01982
   3019.27     45000   -7.39681   -8.72326   -8.75416   -8.68199   -8.10013
   3042.68     50000   -7.49030   -8.73315   -8.67408   -8.65694   -8.18137
   3066.09     55000   -7.58225   -8.59834   -8.47178   -8.45666   -8.20376
   3089.51     60000   -7.57059   -8.69337   -8.58910   -8.56078   -8.23988
   3112.91     65000   -7.61640   -8.98834   -9.09248   -8.99711   -8.32747
   3136.29     70000   -7.72035   -8.90019   -8.81072   -8.79746   -8.39812
   3159.67     75000   -7.80541   -8.80759   -8.68095   -8.66419   -8.41568
   3183.05     80000   -7.78659   -8.94668   -8.85638   -8.82310   -8.46215
   3206.43     85000   -7.84103   -9.23089   -9.37486   -9.27539   -8.55419
   3229.81     90000   -7.94683   -9.07348   -8.96623   -8.95396   -8.61237
MyID= 0: Time=  0.1,has convergenced
     1685180 iterations for the convertgence of psi
 MyID=           0 has finish
