 START-UP FOR CHUNK...
     23.41      5000   -0.54067   -1.99482   -1.83447   -1.74766   -1.27767
     46.74     10000   -0.62926   -2.18810   -1.68909   -1.76467   -1.43577
     70.06     15000   -0.57506   -2.23089   -1.58952   -1.64257   -1.40878
     93.39     20000   -0.48468   -2.00396   -1.50309   -1.49186   -1.32267
    116.71     25000   -0.42551   -1.63370   -1.46336   -1.45092   -1.23425
    140.04     30000   -0.40189   -1.73677   -1.65619   -1.64227   -1.21481
    163.36     35000   -0.46776   -1.95113   -1.81814   -1.94764   -1.35378
    186.69     40000   -0.68196   -1.90877   -1.80815   -1.79621   -1.46171
    210.02     45000   -0.89186   -1.97875   -1.83521   -1.85995   -1.56340
    233.34     50000   -0.95115   -2.29002   -2.18534   -2.15836   -1.68790
    256.67     55000   -1.02915   -2.42257   -2.36235   -2.37208   -1.80873
    280.00     60000   -1.13029   -2.33173   -2.10736   -2.12678   -1.83601
    303.32     65000   -1.17648   -2.20456   -2.07877   -2.05156   -1.82005
    326.65     70000   -1.14818   -2.35608   -2.28613   -2.24061   -1.85748
    349.98     75000   -1.20303   -2.62681   -2.64223   -2.54057   -1.95628
    373.31     80000   -1.33607   -2.44611   -2.37233   -2.32753   -2.02005
    396.63     85000   -1.44820   -2.43288   -2.32420   -2.31689   -2.05573
    419.96     90000   -1.44747   -2.66744   -2.57047   -2.55761   -2.12879
    443.28     95000   -1.51758   -2.88873   -2.96992   -2.88036   -2.23699
    466.61    100000   -1.63660   -2.73963   -2.59449   -2.60585   -2.29524
 ITERATION...
    489.93      5000   -1.68886   -2.69303   -2.55502   -2.54488   -2.30336
    513.26     10000   -1.67029   -2.86834   -2.78469   -2.73380   -2.35148
    536.58     15000   -1.73220   -3.17076   -3.21452   -3.10680   -2.45024
    559.90     20000   -1.85971   -2.96154   -2.85426   -2.82655   -2.51665
    583.23     25000   -1.92149   -2.92262   -2.80870   -2.78822   -2.54147
    606.55     30000   -1.92810   -3.12860   -3.03913   -3.01263   -2.60213
    629.87     35000   -1.99282   -3.39538   -3.47290   -3.36334   -2.70397
    653.20     40000   -2.11751   -3.19667   -3.07878   -3.07495   -2.76754
    676.52     45000   -2.15858   -3.16857   -3.03575   -3.02954   -2.78378
    699.85     50000   -2.16022   -3.36181   -3.27005   -3.23073   -2.83698
    723.17     55000   -2.22419   -3.65474   -3.70364   -3.60127   -2.93606
    746.50     60000   -2.34982   -3.44627   -3.32514   -3.31168   -3.00130
    769.82     65000   -2.39555   -3.40946   -3.28833   -3.26856   -3.02275
    793.15     70000   -2.40546   -3.60920   -3.52501   -3.48754   -3.08088
    816.48     75000   -2.47109   -3.89749   -3.94560   -3.84154   -3.18122
    839.80     80000   -2.59639   -3.67447   -3.55831   -3.54608   -3.24482
    863.13     85000   -2.63360   -3.64592   -3.51943   -3.50949   -3.26359
    886.45     90000   -2.64211   -3.84732   -3.75732   -3.72301   -3.31958
    909.78     95000   -2.70815   -4.13007   -4.18009   -4.07976   -3.41896
    933.10    100000   -2.83393   -3.92117   -3.79826   -3.78968   -3.48256
    956.43      5000   -2.87206   -3.89183   -3.76705   -3.75122   -3.50296
    979.75     10000   -2.88395   -4.09363   -4.01214   -3.97126   -3.56116
   1003.08     15000   -2.95110   -4.38258   -4.41303   -4.31915   -3.66128
   1026.40     20000   -3.07712   -4.15623   -4.03426   -4.02118   -3.72384
   1049.73     25000   -3.11053   -4.12751   -4.00300   -3.98928   -3.74343
   1073.05     30000   -3.12306   -4.33240   -4.24729   -4.21149   -3.80128
   1096.38     35000   -3.19065   -4.60984   -4.65320   -4.55507   -3.90090
   1119.71     40000   -3.31636   -4.39619   -4.27370   -4.26456   -3.96284
   1143.03     45000   -3.34943   -4.37252   -4.24707   -4.23330   -3.98299
   1166.36     50000   -3.36371   -4.57880   -4.49923   -4.45854   -4.04204
   1189.68     55000   -3.43230   -4.85762   -4.88135   -4.79472   -4.14219
   1213.01     60000   -3.55799   -4.63554   -4.50906   -4.49780   -4.20341
   1236.33     65000   -3.58807   -4.61064   -4.48544   -4.47027   -4.22334
   1259.65     70000   -3.60377   -4.81891   -4.73799   -4.69886   -4.28268
   1282.98     75000   -3.67282   -5.09077   -5.12370   -5.03018   -4.38251
   1306.31     80000   -3.79789   -4.87305   -4.74967   -4.73914   -4.44285
   1329.63     85000   -3.82716   -4.85345   -4.72836   -4.71455   -4.46301
   1352.96     90000   -3.84411   -5.06475   -4.98716   -4.94659   -4.52320
   1376.28     95000   -3.91404   -5.33128   -5.35097   -5.26865   -4.62339
   1399.61    100000   -4.03923   -5.11248   -4.98425   -4.97433   -4.68315
   1422.93      5000   -4.06591   -5.09341   -4.96725   -4.95207   -4.70330
   1446.26     10000   -4.08445   -5.30631   -5.22830   -5.18658   -4.76399
   1469.58     15000   -4.15471   -5.56971   -5.59240   -5.50496   -4.86397
   1492.91     20000   -4.27944   -5.35053   -5.22541   -5.21440   -4.92277
   1516.23     25000   -4.30510   -5.33500   -5.21021   -5.19563   -4.94306
   1539.55     30000   -4.32481   -5.55144   -5.47609   -5.43454   -5.00449
   1562.88     35000   -4.39568   -5.80667   -5.82064   -5.74183   -5.10470
   1586.20     40000   -4.52073   -5.58867   -5.46009   -5.45050   -5.16293
   1609.53     45000   -4.54395   -5.57548   -5.44905   -5.43408   -5.18330
   1632.85     50000   -4.56522   -5.79383   -5.71819   -5.67488   -5.24529
   1656.18     55000   -4.63631   -6.04650   -6.06028   -5.97889   -5.34536
   1679.50     60000   -4.76111   -5.82764   -5.70100   -5.69022   -5.40263
   1702.83     65000   -4.78319   -5.81685   -5.69215   -5.67695   -5.42312
   1726.15     70000   -4.80567   -6.03857   -5.96566   -5.92244   -5.48582
   1749.48     75000   -4.87711   -6.28315   -6.28958   -6.21471   -5.58605
   1772.81     80000   -5.00240   -6.06501   -5.93631   -5.92657   -5.64272
   1796.13     85000   -5.02215   -6.05720   -5.93110   -5.91605   -5.66334
   1819.45     90000   -5.04613   -6.28124   -6.20807   -6.16350   -5.72661
   1842.78     95000   -5.11776   -6.52222   -6.52785   -6.45195   -5.82671
   1866.11    100000   -5.24291   -6.30431   -6.17671   -6.16630   -5.88246
   1889.44      5000   -5.26143   -6.29869   -6.17410   -6.15857   -5.90319
   1912.76     10000   -5.28665   -6.52583   -6.45552   -6.41053   -5.96717
   1936.08     15000   -5.35861   -6.75947   -6.75777   -6.68732   -6.06738
   1959.41     20000   -5.48421   -6.54166   -6.41266   -6.40278   -6.12251
   1982.74     25000   -5.50033   -6.53891   -6.41336   -6.39801   -6.14340
   2006.07     30000   -5.52698   -6.76858   -6.69819   -6.65225   -6.20795
   2029.40     35000   -5.59935   -6.99757   -6.99524   -6.92434   -6.30802
   2052.73     40000   -5.72467   -6.78084   -6.65267   -6.64248   -6.36226
   2076.06     45000   -5.73949   -6.78047   -6.65613   -6.64040   -6.38329
   2099.39     50000   -5.76723   -7.01309   -6.94558   -6.89889   -6.44854
   2122.71     55000   -5.84025   -7.23511   -7.22551   -7.15957   -6.54868
   2146.04     60000   -5.96552   -7.01847   -6.88909   -6.87918   -6.60227
   2169.36     65000   -5.97843   -7.02074   -6.89577   -6.88005   -6.62348
   2192.69     70000   -6.00756   -7.25593   -7.18861   -7.14109   -6.68932
   2216.01     75000   -6.08107   -7.47272   -7.46246   -7.39629   -6.78931
   2239.34     80000   -6.20583   -7.25747   -7.12887   -7.11877   -6.84203
   2262.66     85000   -6.21764   -7.26227   -7.13832   -7.12236   -6.86340
   2285.99     90000   -6.24787   -7.50039   -7.43585   -7.38751   -6.92992
   2309.31     95000   -6.32204   -7.71011   -7.69306   -7.63143   -7.02996
   2332.64    100000   -6.44670   -7.49536   -7.36563   -7.35576   -7.08202
   2355.96      5000   -6.45667   -7.50269   -7.37827   -7.36222   -7.10359
   2379.29     10000   -6.48827   -7.74336   -7.67930   -7.63006   -7.17070
   2402.61     15000   -6.56294   -7.94758   -7.92957   -7.86792   -7.27057
   2425.93     20000   -6.68713   -7.73426   -7.60526   -7.59520   -7.32179
   2449.26     25000   -6.69594   -7.74418   -7.62068   -7.60445   -7.34354
   2472.59     30000   -6.72859   -7.98776   -7.92638   -7.87634   -7.41133
   2495.91     35000   -6.80396   -8.18467   -8.16055   -8.10295   -7.51120
   2519.23     40000   -6.92803   -7.97232   -7.84230   -7.83247   -7.56176
   2542.55     45000   -6.93505   -7.98476   -7.86088   -7.84452   -7.58373
   2565.87     50000   -6.96866   -8.23089   -8.17024   -8.11919   -7.65211
   2589.20     55000   -7.04494   -8.42208   -8.39666   -8.33929   -7.75180
   2612.54     60000   -7.16856   -8.21121   -8.08183   -8.07180   -7.80153
   2635.87     65000   -7.17438   -8.22622   -8.10319   -8.08665   -7.82371
   2659.20     70000   -7.20868   -8.47525   -8.41722   -8.36535   -7.89276
   2682.53     75000   -7.28603   -8.65895   -8.62805   -8.57423   -7.99242
   2705.86     80000   -7.40950   -8.44937   -8.31912   -8.30930   -8.04147
   2729.16     85000   -7.41359   -8.46693   -8.34360   -8.32694   -8.06389
   2752.46     90000   -7.44881   -8.71852   -8.66143   -8.60848   -8.13354
   2775.77     95000   -7.52708   -8.89626   -8.86382   -8.81044   -8.23300
   2799.07    100000   -7.65012   -8.68828   -8.55856   -8.54856   -8.28125
   2822.38      5000   -7.65298   -8.70839   -8.58585   -8.56899   -8.30391
   2845.70     10000   -7.68890   -8.96286   -8.90834   -8.85453   -8.37421
   2869.02     15000   -7.76824   -9.13300   -9.09560   -9.04532   -8.47360
   2892.35     20000   -7.89111   -8.92654   -8.79608   -8.78626   -8.52118
   2915.67     25000   -7.89227   -8.94921   -8.82645   -8.80947   -8.54409
   2939.00     30000   -7.92909   -9.20625   -9.15287   -9.09794   -8.61498
MyID= 0: Time=  0.1,has convergenced
     1682452 iterations for the convertgence of psi
 MyID=           0 has finish
