 START-UP FOR CHUNK...
     23.59      5000   -0.62935   -2.03949   -2.18821   -2.19733   -1.29128
     46.98     10000   -0.83152   -2.12463   -2.12759   -2.19819   -1.52892
     70.37     15000   -0.87287   -2.22317   -2.01662   -2.05485   -1.61922
     93.76     20000   -0.82288   -2.51413   -1.85791   -1.85713   -1.59827
    117.15     25000   -0.70748   -2.10444   -1.66404   -1.66231   -1.47832
    140.55     30000   -0.58262   -1.80252   -1.50070   -1.50244   -1.32380
    163.94     35000   -0.48443   -1.61906   -1.46699   -1.46258   -1.20081
    187.33     40000   -0.46330   -1.75912   -1.74264   -1.72799   -1.20290
    210.72     45000   -0.55545   -1.93155   -1.86126   -1.88652   -1.30209
    234.11     50000   -0.69738   -1.81111   -1.68280   -1.66600   -1.38180
    257.50     55000   -0.82892   -1.98272   -1.87018   -1.83192   -1.50844
    280.90     60000   -0.91213   -2.27893   -2.38230   -2.38573   -1.62801
    304.29     65000   -0.97115   -2.17863   -2.01845   -2.00475   -1.64933
    327.68     70000   -0.97828   -2.00571   -1.86493   -1.84152   -1.60572
    351.07     75000   -0.92413   -2.06478   -2.01278   -1.98385   -1.61338
    374.46     80000   -0.95756   -2.28561   -2.41233   -2.41208   -1.68165
    397.86     85000   -1.05742   -2.18376   -2.06203   -2.03999   -1.72677
    421.25     90000   -1.12704   -2.19768   -2.07493   -2.05732   -1.78078
    444.64     95000   -1.17107   -2.42534   -2.45256   -2.42639   -1.87816
    468.03    100000   -1.24792   -2.53107   -2.45551   -2.45522   -1.94371
 ITERATION...
    491.42      5000   -1.30173   -2.36475   -2.21261   -2.19309   -1.93705
    514.81     10000   -1.27728   -2.39126   -2.30681   -2.27824   -1.95536
    538.20     15000   -1.30682   -2.63687   -2.76164   -2.76558   -2.02993
    561.59     20000   -1.39504   -2.58344   -2.46262   -2.43950   -2.07975
    584.99     25000   -1.46701   -2.52085   -2.38801   -2.36493   -2.10897
    608.38     30000   -1.48467   -2.69181   -2.65269   -2.63095   -2.18515
    631.77     35000   -1.55460   -2.87676   -2.90549   -2.89847   -2.26391
    655.16     40000   -1.62580   -2.72077   -2.57207   -2.55458   -2.27634
    678.55     45000   -1.62645   -2.72170   -2.61230   -2.58918   -2.29588
    701.94     50000   -1.65039   -2.94414   -3.02462   -3.00887   -2.37050
    725.33     55000   -1.73289   -2.97245   -2.87074   -2.85557   -2.42860
    748.72     60000   -1.82385   -2.86072   -2.72104   -2.69808   -2.44694
    772.11     65000   -1.81535   -2.97889   -2.90715   -2.88211   -2.50589
    795.50     70000   -1.87359   -3.22180   -3.33538   -3.32859   -2.59014
    818.90     75000   -1.95050   -3.08531   -2.94512   -2.92586   -2.61710
    842.29     80000   -1.97563   -3.04974   -2.92658   -2.90392   -2.63343
    865.68     85000   -1.99056   -3.24233   -3.25793   -3.23811   -2.70368
    889.07     90000   -2.06821   -3.35486   -3.30067   -3.28895   -2.77191
    912.47     95000   -2.15425   -3.21047   -3.06735   -3.04622   -2.78829
    935.86    100000   -2.15260   -3.27761   -3.18402   -3.16013   -2.83248
    959.25      5000   -2.19661   -3.53267   -3.66948   -3.65741   -2.91728
    982.65     10000   -2.27765   -3.46073   -3.33232   -3.31472   -2.95844
   1006.04     15000   -2.32765   -3.38279   -3.25049   -3.22773   -2.97109
   1029.43     20000   -2.33073   -3.53560   -3.50312   -3.48017   -3.03343
   1052.82     25000   -2.39842   -3.72851   -3.74808   -3.74204   -3.11042
   1076.21     30000   -2.48081   -3.57109   -3.42746   -3.40665   -3.13126
   1099.60     35000   -2.49312   -3.58947   -3.47910   -3.45570   -3.16298
   1123.00     40000   -2.52459   -3.82456   -3.90597   -3.88725   -3.24410
   1146.39     45000   -2.60563   -3.84173   -3.73844   -3.72298   -3.29915
   1169.78     50000   -2.68642   -3.72455   -3.58499   -3.56310   -3.31033
   1193.17     55000   -2.67120   -3.83259   -3.76592   -3.74217   -3.36246
   1216.56     60000   -2.72717   -4.07448   -4.18293   -4.18302   -3.44481
   1239.95     65000   -2.80837   -3.94126   -3.80089   -3.78133   -3.47480
   1263.34     70000   -2.83828   -3.91218   -3.78889   -3.76560   -3.49661
   1286.74     75000   -2.85766   -4.11133   -4.12777   -4.10533   -3.57064
   1310.13     80000   -2.93540   -4.22281   -4.16599   -4.15371   -3.63807
   1333.52     85000   -3.01749   -4.07525   -3.93150   -3.91018   -3.65137
   1356.91     90000   -3.01227   -4.13787   -4.04611   -4.02245   -3.69240
   1380.30     95000   -3.05482   -4.39029   -4.52603   -4.51972   -3.77587
   1403.68    100000   -3.13710   -4.31861   -4.18972   -4.17193   -3.81796
   1427.08      5000   -3.18899   -4.24439   -4.11128   -4.08859   -3.83302
   1450.47     10000   -3.19473   -4.40029   -4.36766   -4.34387   -3.89743
   1473.86     15000   -3.26289   -4.59222   -4.61204   -4.60525   -3.97436
   1497.26     20000   -3.34365   -4.43492   -4.29050   -4.26999   -3.99383
   1520.65     25000   -3.35418   -4.45172   -4.34190   -4.31841   -4.02416
   1544.04     30000   -3.38485   -4.68592   -4.76829   -4.75142   -4.10454
   1567.43     35000   -3.46619   -4.70107   -4.59675   -4.58119   -4.15975
   1590.82     40000   -3.54757   -4.58564   -4.44578   -4.42372   -4.17193
   1614.22     45000   -3.53376   -4.69602   -4.62871   -4.60475   -4.22519
   1637.61     50000   -3.59018   -4.93713   -5.04674   -5.04463   -4.30767
   1661.00     55000   -3.67091   -4.80346   -4.66318   -4.64380   -4.33699
   1684.39     60000   -3.69980   -4.77446   -4.65142   -4.62832   -4.35821
   1707.78     65000   -3.71878   -4.97348   -4.99113   -4.96931   -4.43191
   1731.17     70000   -3.79666   -5.08291   -5.02454   -5.01256   -4.49927
   1754.56     75000   -3.87929   -4.93606   -4.79231   -4.77092   -4.51292
   1777.95     80000   -3.87429   -5.00025   -4.90841   -4.88457   -4.55458
   1801.34     85000   -3.91720   -5.25324   -5.38979   -5.38205   -4.63822
   1824.73     90000   -3.99932   -5.18016   -5.05145   -5.03357   -4.67992
   1848.12     95000   -4.05051   -5.10632   -4.97358   -4.95096   -4.69474
   1871.52    100000   -4.05624   -5.26263   -5.23086   -5.20742   -4.75907
   1894.90      5000   -4.12455   -5.45307   -5.47091   -5.46441   -4.83589
   1918.30     10000   -4.20542   -5.29572   -5.15132   -5.13079   -4.85540
   1941.69     15000   -4.21595   -5.31360   -5.20394   -5.18039   -4.88609
   1965.08     20000   -4.24691   -5.54851   -5.63193   -5.61453   -4.96666
   1988.47     25000   -4.32820   -5.56244   -5.45788   -5.44223   -5.02160
   2011.86     30000   -4.40899   -5.44739   -5.30780   -5.28573   -5.03365
   2035.25     35000   -4.39538   -5.55831   -5.49167   -5.46780   -5.08697
   2058.64     40000   -4.45191   -5.79887   -5.90674   -5.90516   -5.16938
   2082.03     45000   -4.53283   -5.66438   -5.52396   -5.50454   -5.19860
   2105.43     50000   -4.56142   -5.63621   -5.51333   -5.49019   -5.22004
   2128.82     55000   -4.58066   -5.83594   -5.85444   -5.83247   -5.29392
   2152.21     60000   -4.65863   -5.94419   -5.88517   -5.87303   -5.36108
   2175.60     65000   -4.74118   -5.79768   -5.65403   -5.63264   -5.37461
   2198.99     70000   -4.73597   -5.86246   -5.77106   -5.74725   -5.41640
   2222.38     75000   -4.77901   -6.11547   -6.25222   -6.24506   -5.50004
   2245.77     80000   -4.86119   -6.04114   -5.91206   -5.89416   -5.54157
   2269.16     85000   -4.91197   -5.96801   -5.83535   -5.81270   -5.55650
   2292.55     90000   -4.91807   -6.12505   -6.09386   -6.07035   -5.62101
   2315.94     95000   -4.98654   -6.31456   -6.33124   -6.32451   -5.69771
   2339.34    100000   -5.06728   -6.15717   -6.01277   -5.99223   -5.71708
   2362.73      5000   -5.07764   -6.17571   -6.06631   -6.04279   -5.74790
   2386.12     10000   -5.10873   -6.41100   -6.49550   -6.47838   -5.82853
   2409.51     15000   -5.19004   -6.42342   -6.31826   -6.30259   -5.88329
   2432.90     20000   -5.27038   -6.30898   -6.16943   -6.14735   -5.89537
   2456.30     25000   -5.25712   -6.42062   -6.35439   -6.33049   -5.94888
   2479.69     30000   -5.31379   -6.66075   -6.76762   -6.76586   -6.03124
   2503.08     35000   -5.39481   -6.52566   -6.38514   -6.36570   -6.06027
   2526.47     40000   -5.42305   -6.49816   -6.37547   -6.35233   -6.08182
   2549.86     45000   -5.44245   -6.69850   -6.71791   -6.69604   -6.15582
   2573.25     50000   -5.52052   -6.80528   -6.74527   -6.73309   -6.22282
   2596.64     55000   -5.60307   -6.65913   -6.51550   -6.49410   -6.23630
   2620.03     60000   -5.59771   -6.72464   -6.63353   -6.60972   -6.27827
   2643.42     65000   -5.64090   -6.97773   -7.11485   -7.10775   -6.36192
   2666.81     70000   -5.72309   -6.90227   -6.77297   -6.75504   -6.40324
   2690.21     75000   -5.77346   -6.82981   -6.69729   -6.67463   -6.41825
   2713.60     80000   -5.77987   -6.98752   -6.95699   -6.93351   -6.48292
   2736.98     85000   -5.84849   -7.17595   -7.19118   -7.18438   -6.55950
   2760.38     90000   -5.92914   -7.01849   -6.87407   -6.85351   -6.57875
   2783.77     95000   -5.93934   -7.03775   -6.92858   -6.90504   -6.60973
   2807.16    100000   -5.97058   -7.27348   -7.35902   -7.34197   -6.69044
   2830.55      5000   -6.05190   -7.28449   -7.17885   -7.16313   -6.74499
   2853.94     10000   -6.13177   -7.17062   -7.03116   -7.00907   -6.75708
   2877.33     15000   -6.11885   -7.28296   -7.21719   -7.19331   -6.81076
   2900.72     20000   -6.17567   -7.52259   -7.62825   -7.62651   -6.89307
   2924.11     25000   -6.25679   -7.38686   -7.24623   -7.22677   -6.92193
   2947.50     30000   -6.28468   -7.36007   -7.23754   -7.21440   -6.94361
   2970.89     35000   -6.30425   -7.56102   -7.58132   -7.55948   -7.01774
   2994.28     40000   -6.38241   -7.66641   -7.60551   -7.59326   -7.08456
   3017.67     45000   -6.46496   -7.52063   -7.37704   -7.35563   -7.09799
   3041.06     50000   -6.45944   -7.58684   -7.49607   -7.47225   -7.14013
   3064.45     55000   -6.50278   -7.83999   -7.97740   -7.97050   -7.22380
   3087.84     60000   -6.58500   -7.76337   -7.63380   -7.61584   -7.26492
   3111.23     65000   -6.63494   -7.69158   -7.55918   -7.53651   -7.28000
   3134.62     70000   -6.64167   -7.84997   -7.82008   -7.79661   -7.34483
   3158.01     75000   -6.71045   -8.03735   -8.05122   -8.04432   -7.42129
   3181.41     80000   -6.79100   -7.87984   -7.73540   -7.71484   -7.44041
   3204.79     85000   -6.80104   -7.89981   -7.79088   -7.76734   -7.47156
   3228.19     90000   -6.83244   -8.13597   -8.22255   -8.20563   -7.55234
   3251.58     95000   -6.91376   -8.14553   -8.03939   -8.02363   -7.60669
   3274.97    100000   -6.99317   -8.03225   -7.89288   -7.87078   -7.61880
   3298.36      5000   -6.98058   -8.14530   -8.07998   -8.05609   -7.67266
   3321.75     10000   -7.03754   -8.38443   -8.48891   -8.48713   -7.75491
   3345.14     15000   -7.11877   -8.24807   -8.10734   -8.08786   -7.78360
   3368.53     20000   -7.14632   -8.22199   -8.09964   -8.07649   -7.80540
   3391.92     25000   -7.16605   -8.42355   -8.44476   -8.42296   -7.87965
   3415.31     30000   -7.24432   -8.52753   -8.46572   -8.45340   -7.94630
   3438.70     35000   -7.32686   -8.38212   -8.23857   -8.21715   -7.95967
   3462.11     40000   -7.32117   -8.44904   -8.35859   -8.33477   -8.00199
   3485.53     45000   -7.36467   -8.70225   -8.83994   -8.83319   -8.08567
   3508.93     50000   -7.44691   -8.62447   -8.49466   -8.47667   -8.12659
   3532.32     55000   -7.49643   -8.55335   -8.42109   -8.39841   -8.14175
   3555.70     60000   -7.50347   -8.71243   -8.68319   -8.65974   -8.20674
   3579.09     65000   -7.57241   -8.89874   -8.91123   -8.90424   -8.28307
   3602.48     70000   -7.65287   -8.74119   -8.59673   -8.57615   -8.30208
   3625.87     75000   -7.66274   -8.76187   -8.65318   -8.62963   -8.33339
   3649.27     80000   -7.69429   -8.99846   -9.08608   -9.06927   -8.41424
   3672.65     85000   -7.77562   -9.00658   -8.89994   -8.88414   -8.46839
   3696.05     90000   -7.85457   -8.89389   -8.75460   -8.73249   -8.48051
   3719.43     95000   -7.84231   -9.00764   -8.94278   -8.91889   -8.53455
   3742.84    100000   -7.89942   -9.24626   -9.34954   -9.34773   -8.61674
   3766.24      5000   -7.98076   -9.10929   -8.96845   -8.94895   -8.64526
MyID= 0: Time=  0.1,has convergenced
     1686271 iterations for the convertgence of psi
 MyID=           0 has finish
