 START-UP FOR CHUNK...
     24.00      5000   -0.68368   -2.04650   -2.36778   -3.20165   -1.29216
     48.07     10000   -0.98062   -2.11287   -2.69476   -3.39860   -1.54700
     72.14     15000   -1.15224   -2.18978   -2.71816   -3.66943   -1.69598
     96.22     20000   -1.29074   -2.67307   -2.66474   -3.70546   -1.81935
    120.29     25000   -1.39726   -3.58300   -3.37693   -3.98188   -1.92099
    144.36     30000   -1.47479   -2.81426   -2.89566   -3.80863   -2.00057
    168.43     35000   -1.54204   -2.55775   -3.22969   -3.66499   -2.07627
    192.50     40000   -1.61073   -2.61880   -3.17362   -3.62929   -2.16206
    216.57     45000   -1.67772   -3.07955   -3.05693   -3.53971   -2.26027
    240.64     50000   -1.72072   -3.88650   -3.32524   -3.37816   -2.35581
    264.72     55000   -1.72431   -3.32146   -3.12226   -3.16524   -2.43740
    288.79     60000   -1.69006   -2.99322   -2.97845   -2.96562   -2.50026
    312.86     65000   -1.62108   -3.04362   -2.76596   -2.78045   -2.51209
    336.93     70000   -1.51395   -3.32291   -2.57621   -2.59906   -2.41743
    361.00     75000   -1.37748   -3.15238   -2.40326   -2.41581   -2.24840
    385.08     80000   -1.22558   -2.94926   -2.23248   -2.23781   -2.06746
    409.15     85000   -1.08063   -2.77139   -2.07795   -2.07880   -1.90299
    433.22     90000   -0.98498   -2.58382   -1.96548   -1.96036   -1.77703
    457.29     95000   -1.02700   -2.44501   -1.93073   -1.92086   -1.72167
    481.37    100000   -1.18989   -2.45094   -2.01753   -2.02175   -1.77149
 ITERATION...
    505.44      5000   -1.35614   -2.67786   -2.29578   -2.35284   -1.94670
    529.51     10000   -1.49317   -3.15693   -2.85968   -2.98176   -2.23659
    553.58     15000   -1.69102   -3.34668   -2.94185   -2.88499   -2.55048
    577.65     20000   -1.95703   -3.45643   -3.02397   -3.02910   -2.78658
    601.73     25000   -2.20008   -3.62371   -3.28961   -3.42798   -2.95602
    625.80     30000   -2.41915   -3.72314   -3.57579   -3.79610   -3.06547
    649.87     35000   -2.51177   -3.88595   -3.84823   -3.86791   -3.16663
    673.95     40000   -2.60566   -4.05966   -4.11636   -4.06182   -3.27562
    698.02     45000   -2.70299   -4.09627   -4.11865   -4.12249   -3.38306
    722.10     50000   -2.80574   -4.10512   -4.10667   -4.14468   -3.48640
    746.17     55000   -2.91560   -4.18128   -4.16259   -4.26314   -3.58554
    770.25     60000   -3.02403   -4.34857   -4.26423   -4.40668   -3.68019
    794.32     65000   -3.12485   -4.50214   -4.39102   -4.51407   -3.77205
    818.40     70000   -3.21586   -4.53292   -4.50950   -4.59482   -3.86405
    842.47     75000   -3.30654   -4.57723   -4.60548   -4.65708   -3.95855
    866.55     80000   -3.39943   -4.69765   -4.67637   -4.75891   -4.05530
    890.62     85000   -3.49284   -4.90805   -4.76259   -4.87817   -4.15157
    914.69     90000   -3.58556   -5.06930   -4.86980   -4.96903   -4.24512
    938.76     95000   -3.67684   -5.02178   -4.96117   -5.03525   -4.33614
    962.84    100000   -3.75838   -4.98324   -4.98526   -5.04284   -4.42115
    986.91      5000   -3.72374   -4.98336   -4.81509   -4.89765   -4.46125
   1010.99     10000   -3.46153   -4.82298   -4.51334   -4.59393   -4.33913
   1035.06     15000   -3.12203   -4.49890   -4.17473   -4.25347   -4.05151
   1059.13     20000   -2.77608   -4.15453   -3.82968   -3.90827   -3.71460
   1083.20     25000   -2.43015   -3.80897   -3.48382   -3.56242   -3.36990
   1107.27     30000   -2.08434   -3.46311   -3.13789   -3.21649   -3.02414
   1131.35     35000   -1.73905   -3.11718   -2.79197   -2.87055   -2.67827
   1155.42     40000   -1.39631   -2.77118   -2.44620   -2.52466   -2.33251
   1179.49     45000   -1.05308   -2.42489   -2.10110   -2.17897   -1.98741
   1203.56     50000   -0.71387   -2.07790   -1.75946   -1.83450   -1.64573
   1227.64     55000   -0.38912   -1.73475   -1.43271   -1.49610   -1.31972
   1251.71     60000   -0.15754   -1.48321   -1.15335   -1.18144   -1.04804
   1275.78     65000    0.01728   -1.24538   -0.99923   -0.99266   -0.85855
   1299.86     70000    0.00573   -1.60478   -1.06766   -1.11539   -0.91140
   1323.93     75000   -0.25284   -1.49663   -1.23096   -1.21063   -1.04939
   1348.00     80000   -0.50093   -1.82935   -1.50598   -1.44546   -1.24901
   1372.08     85000   -0.60861   -2.31780   -1.72993   -1.75189   -1.40964
   1396.15     90000   -0.69969   -2.17239   -1.63603   -1.67432   -1.39285
   1420.22     95000   -0.66010   -1.96038   -1.53204   -1.64903   -1.32869
   1444.30    100000   -0.67090   -2.03306   -1.67396   -1.74850   -1.41576
   1468.37      5000   -0.76567   -2.30043   -1.87745   -1.78604   -1.52524
   1492.44     10000   -1.00470   -2.12694   -1.99843   -1.85595   -1.64573
   1516.51     15000   -1.06919   -2.26933   -2.33121   -2.11759   -1.79425
   1540.59     20000   -1.13115   -2.44810   -2.30952   -2.29116   -1.85278
   1564.66     25000   -1.19234   -2.25331   -2.10594   -2.08437   -1.82506
   1588.73     30000   -1.14588   -2.26088   -2.19157   -2.17549   -1.84026
   1612.80     35000   -1.18124   -2.57779   -2.53133   -2.59100   -1.91094
   1636.88     40000   -1.26429   -2.46352   -2.31116   -2.26286   -1.95216
   1660.95     45000   -1.33533   -2.39336   -2.26945   -2.25049   -1.99825
   1685.02     50000   -1.36218   -2.57227   -2.55053   -2.57204   -2.08763
   1709.09     55000   -1.43296   -2.75963   -2.66051   -2.64400   -2.14350
   1733.17     60000   -1.50473   -2.59033   -2.42243   -2.41007   -2.14188
   1757.24     65000   -1.48188   -2.59085   -2.52350   -2.51593   -2.17686
   1781.31     70000   -1.52066   -2.86525   -2.89095   -2.92949   -2.25096
   1805.38     75000   -1.59723   -2.81304   -2.62186   -2.59583   -2.28160
   1829.45     80000   -1.64947   -2.71857   -2.58863   -2.56089   -2.31306
   1853.53     85000   -1.66742   -2.89660   -2.87310   -2.86939   -2.39266
   1877.60     90000   -1.73546   -3.10090   -2.96778   -2.94610   -2.44757
   1901.67     95000   -1.81464   -2.90513   -2.73465   -2.71047   -2.45136
   1925.74    100000   -1.79747   -2.91971   -2.82959   -2.82265   -2.49172
   1949.82      5000   -1.83717   -3.17238   -3.21238   -3.24601   -2.56672
   1973.89     10000   -1.91154   -3.12639   -2.94214   -2.91947   -2.59517
   1997.96     15000   -1.95904   -3.02827   -2.89046   -2.87156   -2.61977
   2022.04     20000   -1.97055   -3.18554   -3.16385   -3.16036   -2.69427
   2046.11     25000   -2.03806   -3.40448   -3.28096   -3.26808   -2.75164
   2070.18     30000   -2.11890   -3.21145   -3.04157   -3.01765   -2.75837
   2094.26     35000   -2.10759   -3.22482   -3.13155   -3.11791   -2.79999
   2118.33     40000   -2.14668   -3.48638   -3.51952   -3.54996   -2.87638
   2142.41     45000   -2.21823   -3.44546   -3.26502   -3.23854   -2.90520
   2166.48     50000   -2.26875   -3.33509   -3.19619   -3.17619   -2.92562
   2190.55     55000   -2.27544   -3.48000   -3.44951   -3.45035   -2.99669
   2214.62     60000   -2.34064   -3.70582   -3.60373   -3.59088   -3.05662
   2238.69     65000   -2.42237   -3.51997   -3.34992   -3.32726   -3.06522
   2262.77     70000   -2.41626   -3.52435   -3.42835   -3.41487   -3.10594
   2286.84     75000   -2.45348   -3.77856   -3.81921   -3.84715   -3.18325
   2310.91     80000   -2.52335   -3.76669   -3.58498   -3.56016   -3.21388
   2334.99     85000   -2.57823   -3.64224   -3.50179   -3.48045   -3.23140
   2359.06     90000   -2.57968   -3.77539   -3.73896   -3.73725   -3.29983
   2383.13     95000   -2.64458   -4.01773   -3.92747   -3.91710   -3.36228
   2407.21    100000   -2.72611   -3.83273   -3.66099   -3.63700   -3.37222
   2431.28      5000   -2.72408   -3.82709   -3.72586   -3.71174   -3.41125
   2455.35     10000   -2.75879   -4.07160   -4.11249   -4.13918   -3.48898
   2479.42     15000   -2.82845   -4.08580   -3.90558   -3.88160   -3.52198
   2503.49     20000   -2.88859   -3.95080   -3.80678   -3.78575   -3.53738
   2527.56     25000   -2.88504   -4.07082   -4.02849   -4.02507   -3.60341
   2551.63     30000   -2.94858   -4.32566   -4.25115   -4.24509   -3.66825
   2575.71     35000   -3.02790   -4.14662   -3.97251   -3.94825   -3.67937
   2599.78     40000   -3.03209   -4.13014   -4.02431   -4.00887   -3.71630
   2623.85     45000   -3.06414   -4.36658   -4.40293   -4.42688   -3.79415
   2647.92     50000   -3.13385   -4.40475   -4.22685   -4.20296   -3.82976
   2671.99     55000   -3.19947   -4.25969   -4.11250   -4.09116   -3.84352
   2696.06     60000   -3.19134   -4.36782   -4.31844   -4.31393   -3.90726
   2720.13     65000   -3.25342   -4.63088   -4.57470   -4.57242   -3.97428
   2744.20     70000   -3.33046   -4.46069   -4.28477   -4.26052   -3.98666
   2768.27     75000   -3.33987   -4.43311   -4.32306   -4.30699   -4.02128
   2792.34     80000   -3.36848   -4.66013   -4.69126   -4.71215   -4.09897
   2816.41     85000   -3.43871   -4.72335   -4.54844   -4.52512   -4.13735
   2840.48     90000   -3.51018   -4.56870   -4.41873   -4.39699   -4.14979
   2864.55     95000   -3.49825   -4.66527   -4.60943   -4.60348   -4.21124
   2888.62    100000   -3.55743   -4.93527   -4.89688   -4.89886   -4.28029
   2912.69      5000   -3.63375   -4.77543   -4.59797   -4.57347   -4.29403
   2936.76     10000   -3.64747   -4.73657   -4.62251   -4.60584   -4.32630
   2960.83     15000   -3.67340   -4.95344   -4.97807   -4.99618   -4.40358
   2984.91     20000   -3.74331   -5.04148   -4.87073   -4.84805   -4.44481
   3008.98     25000   -3.82134   -4.87820   -4.72543   -4.70341   -4.45618
   3033.05     30000   -3.80522   -4.96309   -4.90119   -4.89392   -4.51531
   3057.12     35000   -3.86174   -5.23768   -5.21694   -5.22372   -4.58619
   3081.19     40000   -3.93775   -5.09090   -4.91189   -4.88723   -4.60148
   3105.26     45000   -3.95573   -5.04058   -4.92267   -4.90535   -4.63140
   3129.33     50000   -3.97811   -5.24699   -5.26422   -5.27945   -4.70804
   3153.40     55000   -4.04856   -5.35930   -5.19375   -5.17181   -4.75216
   3177.47     60000   -4.13222   -5.18827   -5.03272   -5.01039   -4.76270
   3201.54     65000   -4.11288   -5.26155   -5.19373   -5.18526   -4.81946
   3225.61     70000   -4.16679   -5.53822   -5.53424   -5.54588   -4.89198
   3249.68     75000   -4.24143   -5.40689   -5.22652   -5.20179   -4.90898
   3273.75     80000   -4.26469   -5.34512   -5.22345   -5.20557   -4.93661
   3297.83     85000   -4.28298   -5.54071   -5.55013   -5.56248   -5.01240
   3321.90     90000   -4.35268   -5.67653   -5.51746   -5.49650   -5.05941
   3345.97     95000   -4.44221   -5.49883   -5.34059   -5.31795   -5.06933
   3370.04    100000   -4.41915   -5.56057   -5.48706   -5.47745   -5.12366
   3394.11      5000   -4.47111   -5.83724   -5.84811   -5.86439   -5.19763
   3418.18     10000   -4.54450   -5.72333   -5.54189   -5.51711   -5.21653
   3442.25     15000   -4.57328   -5.65017   -5.52486   -5.50646   -5.24193
   3466.32     20000   -4.58852   -5.83471   -5.83609   -5.84571   -5.31667
   3490.39     25000   -4.65681   -5.99295   -5.84183   -5.82207   -5.36656
   3514.46     30000   -4.74729   -5.80988   -5.64905   -5.62613   -5.37608
   3538.53     35000   -4.72612   -5.86010   -5.78116   -5.77049   -5.42793
   3562.60     40000   -4.77559   -6.13483   -6.15806   -6.17839   -5.50313
   3586.67     45000   -4.84789   -6.04021   -5.85800   -5.83320   -5.52410
   3610.74     50000   -4.88128   -5.95571   -5.82690   -5.80799   -5.54736
   3634.82     55000   -4.89404   -6.12906   -6.12235   -6.12940   -5.62088
   3658.89     60000   -4.96162   -6.30840   -6.16679   -6.14850   -5.67360
   3682.96     65000   -5.05189   -6.12144   -5.95810   -5.93491   -5.68293
   3707.03     70000   -5.03379   -6.16014   -6.07601   -6.06436   -5.73227
   3731.10     75000   -5.08070   -6.43119   -6.46380   -6.48729   -5.80848
   3755.18     80000   -5.15197   -6.35750   -6.17485   -6.15008   -5.83169
   3779.23     85000   -5.18999   -6.26177   -6.12955   -6.11017   -5.85293
   3803.21     90000   -5.19976   -6.42378   -6.40910   -6.41374   -5.92504
   3827.28     95000   -5.26712   -6.62267   -6.49223   -6.47572   -5.98052
   3850.90    100000   -5.35417   -6.43353   -6.26776   -6.24432   -5.98989
   3874.68      5000   -5.34186   -6.46071   -6.37160   -6.35903   -6.03669
   3898.70     10000   -5.38475   -6.72657   -6.76534   -6.79083   -6.11370
   3922.27     15000   -5.45625   -6.67514   -6.49246   -6.46777   -6.13929
   3945.54     20000   -5.49940   -6.56833   -6.43281   -6.41298   -6.15861
   3968.87     25000   -5.50617   -6.71893   -6.69646   -6.69888   -6.22917
   3992.08     30000   -5.57260   -6.93553   -6.81796   -6.80362   -6.28732
   4015.61     35000   -5.65686   -6.74614   -6.57804   -6.55436   -6.29694
   4038.79     40000   -5.64899   -6.76180   -6.66791   -6.65449   -6.34118
   4062.02     45000   -5.68950   -7.02118   -7.06295   -7.08921   -6.41877
   4085.15     50000   -5.75942   -6.99308   -6.81085   -6.78629   -6.44687
   4108.04     55000   -5.80875   -6.87541   -6.73667   -6.71641   -6.46442
   4130.74     60000   -5.81228   -7.01453   -6.98450   -6.98488   -6.53326
   4153.50     65000   -5.87713   -7.24679   -7.14375   -7.13201   -6.59398
   4176.23     70000   -5.96025   -7.05927   -6.88894   -6.86504   -6.60408
   4198.64     75000   -5.95668   -7.06340   -6.96493   -6.95072   -6.64577
   4221.02     80000   -5.99389   -7.31521   -7.35710   -7.38297   -6.72370
   4243.44     85000   -6.06328   -7.31123   -7.13001   -7.10567   -6.75444
   4265.85     90000   -6.11856   -7.18299   -7.04112   -7.02046   -6.77036
   4288.26     95000   -6.11765   -7.31061   -7.27330   -7.27180   -6.83735
   4310.67    100000   -6.18211   -7.55629   -7.46929   -7.46061   -6.90051
   4333.09      5000   -6.26363   -7.37292   -7.20048   -7.17637   -6.91131
   4355.19     10000   -6.26394   -7.36553   -7.26264   -7.24769   -6.95045
   4377.33     15000   -6.29835   -7.60885   -7.64840   -7.67291   -7.02851
   4399.16     20000   -6.36783   -7.62953   -7.44998   -7.42593   -7.06198
   4421.13     25000   -6.42910   -7.49108   -7.34617   -7.32512   -7.07642
   4442.79     30000   -6.42369   -7.60718   -7.56287   -7.55966   -7.14143
   4464.45     35000   -6.48673   -7.86392   -7.79415   -7.78905   -7.20689
   4486.06     40000   -6.56574   -7.68709   -7.51266   -7.48837   -7.21862
   4507.70     45000   -6.57188   -7.66816   -7.56103   -7.54538   -7.25523
   4529.38     50000   -6.60299   -7.90228   -7.93751   -7.95996   -7.33321
   4551.14     55000   -6.67308   -7.94785   -7.77074   -7.74708   -7.36948
   4572.93     60000   -6.73980   -7.79969   -7.65180   -7.63039   -7.38261
   4594.65     65000   -6.73043   -7.90426   -7.85324   -7.84845   -7.44552
   4616.40     70000   -6.79191   -8.16961   -8.11784   -8.11681   -7.51312
   4638.07     75000   -6.86857   -8.00177   -7.82549   -7.80105   -7.52599
   4659.86     80000   -6.87934   -7.97131   -7.86008   -7.84378   -7.56011
   4681.49     85000   -6.90731   -8.19563   -8.22505   -8.24498   -7.63779
   4703.23     90000   -6.97743   -8.26608   -8.09230   -8.06916   -7.67692
   4724.54     95000   -7.05070   -8.10880   -7.95803   -7.93627   -7.68892
   4746.19    100000   -7.03740   -8.20185   -8.14441   -8.13818   -7.74963
   4767.78      5000   -7.09580   -8.47337   -8.43978   -8.44324   -7.81921
   4789.44     10000   -7.17210   -8.31695   -8.13900   -8.11443   -7.83342
   4811.10     15000   -7.18709   -8.27497   -8.15978   -8.14287   -7.86511
   4832.80     20000   -7.21232   -8.48903   -8.51160   -8.52877   -7.94227
   4854.46     25000   -7.28214   -8.58406   -8.41466   -8.39217   -7.98429
   4876.02     30000   -7.36173   -8.41844   -8.26485   -8.24276   -7.99536
   4897.42     35000   -7.34463   -8.49995   -8.43638   -8.42882   -8.05378
   4918.58     40000   -7.40038   -8.77528   -8.75931   -8.76754   -8.12513
   4940.21     45000   -7.47633   -8.63262   -8.45319   -8.42851   -8.14091
   4961.85     50000   -7.49553   -8.57914   -8.46013   -8.44264   -8.17022
   4983.49     55000   -7.51680   -8.78258   -8.79763   -8.81196   -8.24666
   5005.17     60000   -7.58752   -8.90163   -8.73779   -8.71612   -8.29159
   5026.88     65000   -7.67246   -8.72858   -8.57227   -8.54986   -8.30191
   5048.57     70000   -7.65190   -8.79858   -8.72914   -8.72036   -8.35796
   5070.20     75000   -7.70563   -9.07544   -9.07579   -9.08881   -8.43091
   5091.98     80000   -7.77956   -8.94876   -8.76808   -8.74332   -8.44844
   5113.66     85000   -7.80469   -8.88382   -8.76111   -8.74307   -8.47545
   5135.34     90000   -7.82183   -9.07636   -9.08350   -9.09504   -8.55098
   5156.97     95000   -7.89114   -9.21860   -9.06165   -9.04100   -8.59880
   5178.65    100000   -7.98172   -9.03925   -8.88028   -8.85757   -8.60857
   5200.34      5000   -7.95839   -9.09773   -9.02269   -9.01278   -8.66220
MyID= 0: Time=  0.1,has convergenced
     1684377 iterations for the convertgence of psi
 MyID=           0 has finish
