 START-UP FOR CHUNK...
     23.40      5000   -0.58814   -2.02612   -2.00735   -1.94718   -1.28556
     46.72     10000   -0.73401   -2.15278   -1.88270   -1.95243   -1.49267
     70.05     15000   -0.71882   -2.26567   -1.77396   -1.81320   -1.51805
     93.36     20000   -0.62966   -2.27139   -1.63034   -1.63036   -1.43837
    116.68     25000   -0.52116   -1.80986   -1.49842   -1.48598   -1.31722
    140.00     30000   -0.45517   -1.59316   -1.46594   -1.46957   -1.21239
    163.32     35000   -0.43020   -1.81501   -1.75649   -1.72611   -1.22801
    186.64     40000   -0.53697   -1.92048   -1.87791   -1.98089   -1.34659
    209.96     45000   -0.70131   -1.85850   -1.73402   -1.73116   -1.42310
    233.29     50000   -0.85158   -2.00289   -1.89000   -1.85056   -1.53810
    256.60     55000   -0.94191   -2.28617   -2.37903   -2.31300   -1.66791
    279.92     60000   -1.02274   -2.29881   -2.16326   -2.16107   -1.73006
    303.25     65000   -1.05528   -2.09827   -1.95706   -1.93786   -1.70159
    326.57     70000   -1.02443   -2.11773   -2.03147   -2.00211   -1.69790
    349.89     75000   -1.04254   -2.35020   -2.47349   -2.39720   -1.76546
    373.21     80000   -1.13923   -2.32567   -2.27373   -2.24708   -1.83121
    396.53     85000   -1.24840   -2.26947   -2.14329   -2.12892   -1.86533
    419.85     90000   -1.26590   -2.43541   -2.35494   -2.32173   -1.93876
    443.17     95000   -1.32866   -2.68070   -2.84964   -2.79508   -2.03779
    466.50    100000   -1.41201   -2.53927   -2.40669   -2.39839   -2.07485
 ITERATION...
    489.82      5000   -1.43832   -2.47602   -2.35112   -2.32684   -2.07366
    513.14     10000   -1.43360   -2.64959   -2.61043   -2.56426   -2.12485
    536.46     15000   -1.49897   -2.82537   -2.89751   -2.86088   -2.20955
    559.78     20000   -1.59874   -2.66780   -2.55194   -2.53198   -2.24651
    583.10     25000   -1.62420   -2.70970   -2.59145   -2.56920   -2.28157
    606.42     30000   -1.66145   -2.96418   -2.99925   -2.94614   -2.36611
    629.74     35000   -1.74946   -2.99234   -2.94223   -2.93167   -2.44136
    653.06     40000   -1.82605   -2.85698   -2.72543   -2.71025   -2.45397
    676.38     45000   -1.81378   -2.93814   -2.84083   -2.81082   -2.48577
    699.70     50000   -1.85444   -3.21168   -3.34780   -3.27524   -2.56987
    723.03     55000   -1.95143   -3.12179   -3.02833   -3.01259   -2.63021
    746.35     60000   -2.02614   -3.04916   -2.92388   -2.90211   -2.64897
    769.66     65000   -2.02375   -3.21004   -3.13948   -3.10546   -2.70724
    792.98     70000   -2.08463   -3.44503   -3.56734   -3.52005   -2.79742
    816.30     75000   -2.17707   -3.27586   -3.15751   -3.14302   -2.83564
    839.62     80000   -2.20231   -3.26169   -3.14179   -3.11974   -2.85218
    862.94     85000   -2.22043   -3.47506   -3.46150   -3.41732   -2.92042
    886.26     90000   -2.29978   -3.59849   -3.59786   -3.58046   -3.00304
    909.59     95000   -2.38973   -3.44144   -3.31418   -3.29719   -3.02867
    932.91    100000   -2.39530   -3.49655   -3.38871   -3.36167   -3.06092
    956.23      5000   -2.43333   -3.76317   -3.84484   -3.78247   -3.14460
    979.55     10000   -2.52646   -3.73992   -3.66219   -3.64825   -3.21279
   1002.87     15000   -2.60913   -3.62816   -3.49941   -3.48010   -3.22757
   1026.19     20000   -2.59469   -3.74501   -3.65922   -3.62825   -3.27229
   1049.51     25000   -2.64486   -4.00979   -4.17152   -4.10716   -3.36089
   1072.83     30000   -2.74112   -3.87760   -3.76764   -3.75376   -3.41115
   1096.16     35000   -2.79092   -3.83243   -3.70663   -3.68527   -3.42783
   1119.48     40000   -2.79919   -4.01578   -3.96862   -3.92953   -3.49053
   1142.80     45000   -2.86837   -4.20536   -4.26781   -4.24005   -3.57781
   1166.12     50000   -2.95945   -4.03660   -3.91126   -3.89553   -3.60937
   1189.44     55000   -2.97400   -4.05464   -3.93822   -3.91342   -3.63283
   1212.76     60000   -3.00293   -4.29542   -4.32022   -4.26836   -3.70923
   1236.08     65000   -3.09048   -4.34857   -4.30586   -4.29094   -3.78609
   1259.40     70000   -3.17641   -4.21118   -4.08159   -4.06377   -3.80560
   1282.72     75000   -3.17236   -4.29585   -4.19513   -4.16675   -3.84324
   1306.04     80000   -3.21559   -4.56805   -4.70296   -4.63265   -3.92993
   1329.36     85000   -3.31043   -4.48548   -4.39030   -4.37710   -3.98986
   1352.68     90000   -3.38318   -4.40574   -4.27729   -4.25723   -4.00449
   1376.01     95000   -3.37442   -4.55486   -4.48309   -4.44865   -4.05782
   1399.33    100000   -3.43293   -4.79372   -4.92549   -4.87789   -4.14703
   1422.65      5000   -3.52759   -4.63302   -4.51481   -4.50002   -4.18813
   1445.97     10000   -3.55860   -4.61800   -4.49581   -4.47295   -4.20709
   1469.29     15000   -3.57787   -4.83047   -4.81069   -4.76670   -4.27654
   1492.61     20000   -3.65605   -4.95860   -4.96538   -4.94599   -4.35987
   1515.93     25000   -3.74444   -4.79896   -4.67160   -4.65500   -4.38485
   1539.25     30000   -3.74948   -4.84884   -4.73884   -4.71269   -4.41447
   1562.58     35000   -3.78525   -5.11040   -5.18467   -5.12395   -4.49651
   1585.90     40000   -3.87856   -5.09537   -5.02326   -5.00983   -4.56606
   1609.22     45000   -3.96280   -4.98329   -4.85407   -4.83521   -4.58216
   1632.54     50000   -3.95002   -5.09830   -5.00942   -4.97850   -4.62697
   1655.86     55000   -4.00008   -5.36555   -5.52753   -5.45990   -4.71583
   1679.18     60000   -4.09556   -5.23594   -5.12805   -5.11409   -4.76687
   1702.50     65000   -4.14739   -5.18618   -5.06053   -5.03922   -4.78253
   1725.82     70000   -4.15320   -5.36567   -5.31465   -5.27657   -4.84365
   1749.14     75000   -4.22100   -5.56068   -5.63291   -5.60283   -4.93122
   1772.47     80000   -4.31272   -5.39199   -5.26844   -5.25286   -4.96412
   1795.79     85000   -4.32968   -5.40727   -5.29020   -5.26591   -4.98734
   1819.11     90000   -4.35808   -5.64565   -5.66436   -5.61346   -5.06325
   1842.42     95000   -4.44417   -5.70755   -5.67015   -5.65504   -5.14096
   1865.75    100000   -4.53028   -5.56669   -5.43782   -5.42015   -5.16075
   1889.07      5000   -4.52698   -5.64693   -5.54561   -5.51742   -5.19713
   1912.39     10000   -4.56956   -5.91915   -6.04703   -5.97814   -5.28328
   1935.71     15000   -4.66380   -5.84344   -5.75092   -5.73751   -5.34447
   1959.03     20000   -4.73986   -5.75977   -5.63162   -5.61166   -5.35929
   1982.35     25000   -4.72936   -5.90507   -5.83124   -5.79740   -5.41174
   2005.68     30000   -4.78683   -6.14871   -6.28776   -6.23703   -5.50107
   2029.00     35000   -4.88138   -5.99062   -5.87362   -5.85899   -5.54326
   2052.32     40000   -4.91462   -5.97124   -5.84890   -5.82625   -5.56160
   2075.64     45000   -4.93244   -6.17968   -6.15614   -6.11296   -5.63003
   2098.96     50000   -5.00923   -6.31688   -6.33028   -6.31028   -5.71399
   2122.28     55000   -5.09814   -6.15528   -6.02826   -6.01172   -5.73988
   2145.60     60000   -5.10431   -6.20097   -6.09017   -6.06419   -5.76873
   2168.92     65000   -5.13926   -6.46031   -6.52756   -6.46800   -5.85016
   2192.24     70000   -5.23210   -6.45446   -6.38586   -6.37224   -5.92074
   2215.57     75000   -5.31677   -6.33862   -6.20942   -6.19071   -5.93712
   2238.89     80000   -5.30451   -6.44936   -6.35894   -6.32841   -5.98085
   2262.21     85000   -5.35357   -6.71823   -6.87924   -6.81065   -6.06949
   2285.53     90000   -5.44920   -6.59415   -6.48760   -6.47378   -6.12178
   2308.85     95000   -5.50395   -6.54031   -6.41423   -6.39306   -6.13725
   2332.17    100000   -5.50800   -6.71574   -6.66161   -6.62403   -6.19736
   2355.50      5000   -5.57454   -6.91779   -6.99866   -6.96646   -6.28527
   2378.82     10000   -5.66641   -6.74919   -6.62624   -6.61076   -6.31920
   2402.13     15000   -5.68534   -6.76030   -6.64252   -6.61843   -6.34173
   2425.46     20000   -5.71282   -6.99536   -7.00836   -6.95855   -6.41680
   2448.78     25000   -5.79738   -7.06640   -7.03402   -7.01859   -6.49537
   2472.10     30000   -5.88413   -6.92260   -6.79378   -6.77626   -6.51578
   2495.42     35000   -5.88190   -6.99874   -6.89607   -6.86817   -6.55123
   2518.73     40000   -5.92383   -7.27025   -7.39137   -7.32318   -6.63691
   2542.05     45000   -6.01750   -7.20222   -7.11203   -7.09864   -6.69927
   2565.37     50000   -6.09659   -7.11457   -6.98621   -6.96640   -6.71413
   2588.69     55000   -6.08426   -7.25576   -7.17968   -7.14627   -6.76553
   2612.01     60000   -6.14015   -7.50368   -7.64850   -7.59517   -6.85491
   2635.33     65000   -6.23515   -7.34831   -7.23227   -7.21775   -6.89828
   2658.65     70000   -6.27076   -7.32482   -7.20192   -7.17946   -6.91617
   2681.97     75000   -6.28724   -7.52945   -7.50168   -7.45925   -6.98365
   2705.29     80000   -6.36262   -7.67514   -7.69586   -7.67484   -7.06821
   2728.61     85000   -6.45196   -7.51185   -7.38518   -7.36878   -7.09496
   2751.93     90000   -6.45922   -7.55342   -7.44167   -7.41594   -7.12297
   2775.25     95000   -6.49328   -7.81035   -7.87050   -7.81223   -7.20372
   2798.57    100000   -6.58529   -7.81344   -7.74834   -7.73463   -7.27535
   2821.89      5000   -6.67085   -7.69398   -7.56471   -7.54615   -7.29208
   2845.21     10000   -6.65914   -7.80060   -7.70850   -7.67831   -7.33479
   2868.53     15000   -6.70721   -8.07090   -8.22992   -8.16033   -7.42320
   2891.85     20000   -6.80297   -7.95245   -7.84750   -7.83375   -7.47670
   2915.17     25000   -6.86061   -7.89453   -7.76810   -7.74711   -7.49197
   2938.49     30000   -6.86287   -8.06593   -8.00880   -7.97178   -7.55106
   2961.81     35000   -6.92816   -8.27454   -8.36389   -8.32962   -7.63927
   2985.13     40000   -7.02020   -8.10635   -7.98403   -7.96867   -7.67427
   3008.45     45000   -7.04108   -8.11335   -7.99485   -7.97096   -7.69616
   3031.77     50000   -7.06739   -8.34502   -8.35245   -8.30364   -7.77037
   3055.09     55000   -7.15070   -8.42526   -8.39826   -8.38242   -7.84977
   3078.40     60000   -7.23809   -8.27859   -8.14994   -8.13255   -7.87082
   3101.72     65000   -7.23661   -8.35062   -8.24673   -8.21911   -7.90533
   3125.04     70000   -7.27749   -8.62116   -8.73525   -8.66805   -7.99052
   3148.36     75000   -7.37129   -8.56095   -8.47320   -8.45983   -8.05404
   3171.68     80000   -7.45344   -8.46938   -8.34084   -8.32117   -8.06900
   3195.00     85000   -7.43901   -8.60647   -8.52820   -8.49522   -8.11935
   3218.32     90000   -7.49351   -8.85831   -9.00837   -8.95234   -8.20874
   3241.64     95000   -7.58902   -8.70608   -8.59113   -8.57671   -8.25329
   3264.96    100000   -7.62702   -8.67849   -8.55509   -8.53282   -8.27076
   3288.28      5000   -7.64214   -8.87927   -8.84748   -8.80579   -8.33727
   3311.60     10000   -7.71612   -9.03321   -9.06143   -9.03934   -8.42239
   3334.92     15000   -7.80589   -8.86844   -8.74217   -8.72589   -8.45003
   3358.24     20000   -7.81422   -8.90591   -8.79325   -8.76775   -8.47725
   3381.56     25000   -7.84740   -9.16028   -9.21347   -9.15643   -8.55729
   3404.88     30000   -7.93858   -9.17242   -9.11109   -9.09725   -8.62993
MyID= 0: Time=  0.1,has convergenced
     1686318 iterations for the convertgence of psi
 MyID=           0 has finish
