 START-UP FOR CHUNK...
     23.49      5000   -0.55830   -2.00857   -1.89424   -1.81507   -1.28083
     46.92     10000   -0.66878   -2.17727   -1.75380   -1.82667   -1.45835
     70.35     15000   -0.62538   -2.26602   -1.64918   -1.69626   -1.44688
     93.78     20000   -0.53143   -2.09110   -1.53580   -1.53134   -1.35809
    117.21     25000   -0.45221   -1.67953   -1.46304   -1.44687   -1.25660
    140.64     30000   -0.40722   -1.64650   -1.56327   -1.55560   -1.19897
    164.07     35000   -0.44346   -1.94142   -1.84227   -1.95902   -1.30899
    187.50     40000   -0.62690   -1.90505   -1.82379   -1.81054   -1.42052
    210.93     45000   -0.82182   -1.91924   -1.78336   -1.80512   -1.51041
    234.35     50000   -0.91247   -2.17674   -2.08280   -2.04236   -1.63255
    257.78     55000   -0.99582   -2.39250   -2.42171   -2.41981   -1.75754
    281.21     60000   -1.08748   -2.31556   -2.09984   -2.10929   -1.79152
    304.63     65000   -1.12440   -2.14892   -2.02583   -1.99352   -1.76706
    328.05     70000   -1.09437   -2.26214   -2.19761   -2.15202   -1.79240
    351.48     75000   -1.14056   -2.52153   -2.61854   -2.51357   -1.88094
    374.91     80000   -1.26096   -2.37295   -2.31396   -2.27436   -1.94190
    398.33     85000   -1.36623   -2.36673   -2.25099   -2.24563   -1.97699
    421.76     90000   -1.37560   -2.58827   -2.50988   -2.48482   -2.05282
    445.18     95000   -1.44463   -2.78612   -2.89002   -2.83323   -2.15615
    468.61    100000   -1.54713   -2.64104   -2.49852   -2.50521   -2.19996
 ITERATION...
    492.04      5000   -1.57229   -2.60219   -2.47527   -2.45419   -2.20430
    515.46     10000   -1.57406   -2.80022   -2.74539   -2.68253   -2.25868
    538.89     15000   -1.63967   -3.01648   -3.06464   -2.99393   -2.35234
    562.32     20000   -1.75420   -2.81453   -2.71252   -2.68644   -2.40011
    585.75     25000   -1.78350   -2.83337   -2.72005   -2.69940   -2.42800
    609.18     30000   -1.81708   -3.09017   -3.04763   -3.00441   -2.50363
    632.60     35000   -1.89565   -3.19584   -3.20655   -3.16884   -2.59763
    656.03     40000   -1.99691   -3.02814   -2.90402   -2.90006   -2.63084
    679.46     45000   -1.99471   -3.06780   -2.94889   -2.92997   -2.65067
    702.89     50000   -2.02832   -3.33521   -3.32868   -3.25354   -2.72476
    726.31     55000   -2.11584   -3.40353   -3.35780   -3.33536   -2.81370
    749.74     60000   -2.21908   -3.24002   -3.12018   -3.10252   -2.84500
    773.17     65000   -2.21576   -3.31182   -3.20535   -3.17735   -2.87760
    796.59     70000   -2.26022   -3.61566   -3.64670   -3.56752   -2.96238
    820.02     75000   -2.35844   -3.58279   -3.51613   -3.49373   -3.04534
    843.45     80000   -2.45123   -3.45014   -3.32819   -3.31605   -3.06772
    866.88     85000   -2.43375   -3.55202   -3.44733   -3.42323   -3.10232
    890.30     90000   -2.48031   -3.85812   -3.94409   -3.84067   -3.18980
    913.73     95000   -2.58778   -3.77323   -3.68367   -3.67229   -3.26580
    937.16    100000   -2.67789   -3.67391   -3.54966   -3.53432   -3.28650
    960.59      5000   -2.65869   -3.80622   -3.71351   -3.67987   -3.33086
    984.02     10000   -2.71266   -4.11984   -4.23483   -4.12401   -3.42369
   1007.44     15000   -2.82310   -3.96569   -3.86149   -3.84692   -3.49079
   1030.87     20000   -2.89089   -3.89351   -3.77107   -3.75418   -3.50806
   1054.30     25000   -2.88134   -4.05686   -3.97294   -3.93874   -3.55855
   1077.73     30000   -2.94084   -4.33888   -4.45877   -4.35560   -3.65292
   1101.15     35000   -3.05246   -4.15872   -4.04795   -4.03707   -3.71121
   1124.58     40000   -3.09716   -4.12331   -4.00045   -3.98345   -3.72932
   1148.01     45000   -3.10811   -4.31881   -4.25165   -4.20885   -3.78853
   1171.43     50000   -3.17356   -4.55818   -4.62101   -4.55409   -3.88396
   1194.86     55000   -3.28390   -4.36019   -4.24017   -4.22815   -3.93278
   1218.28     60000   -3.30709   -4.35320   -4.23281   -4.21254   -3.95207
   1241.71     65000   -3.33096   -4.58023   -4.53188   -4.48178   -4.01854
   1265.14     70000   -3.40605   -4.75223   -4.76834   -4.72082   -4.11233
   1288.56     75000   -3.51343   -4.56260   -4.44127   -4.42912   -4.15250
   1311.99     80000   -3.52194   -4.58954   -4.47191   -4.45110   -4.17559
   1335.42     85000   -3.55563   -4.84723   -4.82859   -4.76738   -4.24972
   1358.84     90000   -3.64073   -4.94121   -4.90798   -4.88085   -4.34039
   1382.27     95000   -3.74342   -4.77155   -4.64562   -4.63322   -4.37265
   1405.70    100000   -3.74028   -4.82865   -4.71487   -4.69072   -4.40037
   1429.12      5000   -3.77985   -5.11349   -5.13179   -5.05426   -4.48103
   1452.55     10000   -3.87485   -5.12720   -5.06448   -5.04354   -4.56641
   1475.98     15000   -3.97143   -4.98379   -4.85818   -4.84437   -4.59231
   1499.41     20000   -3.95941   -5.07293   -4.96523   -4.93899   -4.62621
   1522.83     25000   -4.00553   -5.37652   -5.44352   -5.34812   -4.71272
   1546.26     30000   -4.10948   -5.31215   -5.22667   -5.21183   -4.79136
   1569.69     35000   -4.20034   -5.20044   -5.07345   -5.05919   -4.81254
   1593.11     40000   -4.18164   -5.32088   -5.22018   -5.19020   -4.85325
   1616.54     45000   -4.23296   -5.62999   -5.74137   -5.62796   -4.94418
   1639.97     50000   -4.34321   -5.50211   -5.40237   -5.38923   -5.01463
   1663.39     55000   -4.42306   -5.42165   -5.29593   -5.28001   -5.03305
   1686.82     60000   -4.40643   -5.57404   -5.48397   -5.44987   -5.08133
   1710.24     65000   -4.46391   -5.86789   -5.99068   -5.88200   -5.17532
   1733.67     70000   -4.57458   -5.69433   -5.58432   -5.57249   -5.23684
   1757.10     75000   -4.62706   -5.64641   -5.52152   -5.50453   -5.25445
   1780.52     80000   -4.63097   -5.83086   -5.75389   -5.71430   -5.31048
   1803.95     85000   -4.69386   -6.08643   -6.17543   -6.09180   -5.40568
   1827.38     90000   -4.80517   -5.89230   -5.77575   -5.76414   -5.45789
   1850.80     95000   -4.83584   -5.87604   -5.75359   -5.73481   -5.47659
   1874.23    100000   -4.85500   -6.09265   -6.03472   -5.98777   -5.54048
   1897.66      5000   -4.92665   -6.28851   -6.32052   -6.26733   -5.63510
   1921.09     10000   -5.03558   -6.09392   -5.97262   -5.96077   -5.67832
   1944.51     15000   -5.04927   -6.10921   -5.98947   -5.96893   -5.69985
   1967.94     20000   -5.07945   -6.35695   -6.32413   -6.26725   -5.77125
   1991.37     25000   -5.16084   -6.47904   -6.46310   -6.42891   -5.86325
   2014.79     30000   -5.26536   -6.30066   -6.17672   -6.16437   -5.89821
   2038.22     35000   -5.26616   -6.34724   -6.23169   -6.20895   -5.92411
   2061.65     40000   -5.30397   -6.62350   -6.62601   -6.55544   -6.00252
   2085.08     45000   -5.39579   -6.66488   -6.61161   -6.58911   -6.09005
   2108.50     50000   -5.49389   -6.51140   -6.38557   -6.37242   -6.11807
   2131.93     55000   -5.48471   -6.58912   -6.47864   -6.45329   -6.14959
   2155.36     60000   -5.52971   -6.88763   -6.93506   -6.84631   -6.23409
   2178.79     65000   -5.62992   -6.85032   -6.77271   -6.75585   -6.31534
   2202.21     70000   -5.72300   -6.72676   -6.60050   -6.58639   -6.33801
   2225.64     75000   -5.70625   -6.83588   -6.73247   -6.70403   -6.37616
   2249.07     80000   -5.75527   -7.14512   -7.24162   -7.13427   -6.46566
   2272.49     85000   -5.86384   -7.03800   -6.94285   -6.92930   -6.53924
   2295.92     90000   -5.95126   -6.94610   -6.81984   -6.80459   -6.55844
   2319.35     95000   -5.93088   -7.08680   -6.99235   -6.95994   -6.60389
   2342.77    100000   -5.98528   -7.38892   -7.51361   -7.39960   -6.69695
   2366.20      5000   -6.09669   -7.22960   -7.12322   -7.11098   -6.76178
   2389.63     10000   -6.15782   -7.16983   -7.04473   -7.02815   -6.77945
   2413.06     15000   -6.15433   -7.34256   -7.26047   -7.22312   -6.83264
   2436.48     20000   -6.21540   -7.61459   -7.71981   -7.62598   -6.92763
   2459.91     25000   -6.32765   -7.42530   -7.31082   -7.29921   -6.98326
   2483.34     30000   -6.36518   -7.39753   -7.27405   -7.25596   -7.00134
   2506.76     35000   -6.37954   -7.60235   -7.53666   -7.49267   -7.06237
   2530.19     40000   -6.44742   -7.82211   -7.87587   -7.81215   -7.15742
   2553.62     45000   -6.55813   -7.62574   -7.50616   -7.49443   -7.20385
   2577.05     50000   -6.57679   -7.62959   -7.50884   -7.48898   -7.22415
   2600.45     55000   -6.60405   -7.86612   -7.82329   -7.77048   -7.29286
   2623.85     60000   -6.68111   -8.01609   -8.01620   -7.97638   -7.38607
   2647.25     65000   -6.78805   -7.83052   -7.70736   -7.69524   -7.42393
   2670.66     70000   -6.79228   -7.86570   -7.74842   -7.72652   -7.44806
   2694.06     75000   -6.82857   -8.13196   -8.12021   -8.05512   -7.52398
   2717.47     80000   -6.91558   -8.20315   -8.16246   -8.13634   -7.61336
   2740.87     85000   -7.01691   -8.03991   -7.91478   -7.90194   -7.64374
   2764.27     90000   -7.01083   -8.10629   -7.99385   -7.96952   -7.67308
   2787.68     95000   -7.05280   -8.39765   -8.42765   -8.34611   -7.75547
   2811.08    100000   -7.15030   -8.38828   -8.31849   -8.30004   -7.83922
   2834.49      5000   -7.24565   -8.25350   -8.12729   -8.11356   -7.86364
   2857.89     10000   -7.23124   -8.35113   -8.24486   -8.21761   -7.89926
   2881.29     15000   -7.27826   -8.65819   -8.73741   -8.63622   -7.98708
   2904.70     20000   -7.38478   -8.57505   -8.48577   -8.47120   -8.06360
   2928.10     25000   -7.47410   -8.47148   -8.34523   -8.33041   -8.08384
   2951.51     30000   -7.45421   -8.60062   -8.50265   -8.47181   -8.12656
   2974.89     35000   -7.50718   -8.90777   -9.02662   -8.91257   -8.21850
   2998.26     40000   -7.61764   -8.76504   -8.66227   -8.64972   -8.28664
   3021.63     45000   -7.68939   -8.69354   -8.56792   -8.55186   -8.30464
   3045.00     50000   -7.67838   -8.85451   -8.76744   -8.73204   -8.35496
   3068.37     55000   -7.73762   -9.14036   -9.25853   -9.15446   -8.44944
   3091.74     60000   -7.84869   -8.95930   -8.84755   -8.83577   -8.50846
   3115.12     65000   -7.89514   -8.91986   -8.79577   -8.77825   -8.52617
   3138.49     70000   -7.90433   -9.11295   -9.04072   -8.99941   -8.58433
   3161.86     75000   -7.96864   -9.35416   -9.42815   -9.35378   -8.67959
MyID= 0: Time=  0.1,has convergenced
     1684561 iterations for the convertgence of psi
 MyID=           0 has finish
