 START-UP FOR CHUNK...
     23.50      5000   -0.60177   -2.03173   -2.06426   -2.01784   -1.28763
     46.87     10000   -0.76629   -2.14195   -1.95234   -2.02115   -1.50626
     70.24     15000   -0.76784   -2.25213   -1.84241   -1.87980   -1.55193
     93.61     20000   -0.68533   -2.35672   -1.69083   -1.69091   -1.48431
    116.98     25000   -0.56986   -1.89089   -1.53378   -1.52605   -1.35763
    140.35     30000   -0.48666   -1.62305   -1.45520   -1.45731   -1.23519
    163.72     35000   -0.43047   -1.71589   -1.64024   -1.60758   -1.20005
    187.09     40000   -0.49931   -1.90290   -1.89797   -2.12487   -1.30468
    210.46     45000   -0.65355   -1.85137   -1.73997   -1.72417   -1.38605
    233.83     50000   -0.82798   -1.92281   -1.80250   -1.77993   -1.49169
    257.20     55000   -0.91237   -2.18932   -2.20325   -2.15944   -1.62231
    280.57     60000   -0.99059   -2.29755   -2.23387   -2.25177   -1.70270
    303.94     65000   -1.02747   -2.10309   -1.94523   -1.93433   -1.68060
    327.31     70000   -1.00125   -2.06281   -1.96492   -1.93586   -1.66158
    350.69     75000   -1.00125   -2.26749   -2.33454   -2.27379   -1.71520
    374.06     80000   -1.08308   -2.32805   -2.29635   -2.26694   -1.78477
    397.43     85000   -1.19199   -2.22758   -2.10353   -2.08278   -1.81936
    420.80     90000   -1.21927   -2.35723   -2.26432   -2.23808   -1.88872
    444.17     95000   -1.27734   -2.61460   -2.80379   -2.75157   -1.98758
    467.54    100000   -1.35712   -2.51455   -2.39028   -2.38190   -2.02870
 ITERATION...
    490.91      5000   -1.39308   -2.42765   -2.29638   -2.27588   -2.02400
    514.28     10000   -1.37780   -2.56542   -2.52157   -2.48354   -2.06845
    537.66     15000   -1.43697   -2.77170   -2.86876   -2.84774   -2.15093
    561.03     20000   -1.53347   -2.62606   -2.50277   -2.48266   -2.18851
    584.40     25000   -1.56633   -2.64917   -2.52927   -2.50474   -2.22378
    607.77     30000   -1.60103   -2.88949   -2.92057   -2.87708   -2.30806
    631.14     35000   -1.68521   -2.93966   -2.88969   -2.87716   -2.37989
    654.51     40000   -1.75952   -2.79969   -2.66482   -2.64694   -2.38963
    677.89     45000   -1.74667   -2.87347   -2.77884   -2.75113   -2.42178
    701.26     50000   -1.78644   -3.13138   -3.28052   -3.23265   -2.50470
    724.63     55000   -1.87902   -3.04762   -2.94510   -2.92972   -2.55893
    748.00     60000   -1.94588   -2.98386   -2.85493   -2.83301   -2.57808
    771.37     65000   -1.95050   -3.14962   -3.09322   -3.05998   -2.64123
    794.74     70000   -2.01629   -3.35928   -3.44479   -3.42123   -2.72758
    818.11     75000   -2.10071   -3.19375   -3.06596   -3.04900   -2.75617
    841.48     80000   -2.11682   -3.19453   -3.07806   -3.05381   -2.77590
    864.85     85000   -2.14004   -3.41958   -3.44561   -3.40569   -2.84955
    888.22     90000   -2.22459   -3.48765   -3.44352   -3.42982   -2.92293
    911.59     95000   -2.31146   -3.35153   -3.21934   -3.19992   -2.94161
    934.96    100000   -2.30845   -3.43505   -3.33891   -3.31137   -2.98298
    958.34      5000   -2.35280   -3.70021   -3.84845   -3.79854   -3.06992
    981.70     10000   -2.44245   -3.61486   -3.50811   -3.49363   -3.12189
   1005.08     15000   -2.50322   -3.54020   -3.41135   -3.38955   -3.13481
   1028.45     20000   -2.50093   -3.69439   -3.64022   -3.60762   -3.19202
   1051.82     25000   -2.56461   -3.90790   -3.99788   -3.97715   -3.27742
   1075.19     30000   -2.65291   -3.74856   -3.62074   -3.60347   -3.30936
   1098.56     35000   -2.67442   -3.75216   -3.63380   -3.60950   -3.33306
   1121.94     40000   -2.70040   -3.97815   -4.00259   -3.96125   -3.40914
   1145.30     45000   -2.78440   -4.05064   -4.00690   -3.99377   -3.48256
   1168.68     50000   -2.86794   -3.91124   -3.77761   -3.75842   -3.49911
   1192.05     55000   -2.86311   -3.98884   -3.89237   -3.86469   -3.53743
   1215.42     60000   -2.90559   -4.25098   -4.39650   -4.34910   -3.62309
   1238.79     65000   -2.99613   -4.17035   -4.06482   -4.05026   -3.67638
   1262.16     70000   -3.06014   -4.09677   -3.96655   -3.94484   -3.69097
   1285.53     75000   -3.05874   -4.25133   -4.19412   -4.16140   -3.74923
   1308.90     80000   -3.12223   -4.46599   -4.56236   -4.53918   -3.83504
   1332.28     85000   -3.20949   -4.30739   -4.17969   -4.16281   -3.86662
   1355.64     90000   -3.23075   -4.30815   -4.18926   -4.16509   -3.88884
   1379.01     95000   -3.25536   -4.53175   -4.55327   -4.51259   -3.96383
   1402.38    100000   -3.33902   -4.60681   -4.56562   -4.55269   -4.03779
   1425.75      5000   -3.42339   -4.46715   -4.33360   -4.31440   -4.05520
   1449.12     10000   -3.41987   -4.54440   -4.44639   -4.41880   -4.09379
   1472.50     15000   -3.46223   -4.80696   -4.95053   -4.90109   -4.17961
   1495.87     20000   -3.55252   -4.72857   -4.62480   -4.61025   -4.23320
   1519.23     25000   -3.61729   -4.65296   -4.52299   -4.50146   -4.24722
   1542.61     30000   -3.61458   -4.80543   -4.74713   -4.71480   -4.30462
   1565.98     35000   -3.67736   -5.02215   -5.12138   -5.09855   -4.39053
   1589.35     40000   -3.76498   -4.86389   -4.73675   -4.71991   -4.42281
   1612.72     45000   -3.78740   -4.86332   -4.74409   -4.71996   -4.44502
   1636.09     50000   -3.81179   -5.08595   -5.10455   -5.06382   -4.51985
   1659.46     55000   -3.89501   -5.16519   -5.12706   -5.11377   -4.59417
   1682.83     60000   -3.97907   -5.02397   -4.89086   -4.87171   -4.61163
   1706.20     65000   -3.97607   -5.09907   -5.00082   -4.97342   -4.64956
   1729.57     70000   -4.01782   -5.36141   -5.50229   -5.45375   -4.73517
   1752.94     75000   -4.10822   -5.28610   -5.18317   -5.16871   -4.78939
   1776.31     80000   -4.17428   -5.20879   -5.07870   -5.05722   -4.80348
   1799.68     85000   -4.17097   -5.35950   -5.29992   -5.26765   -4.86050
   1823.05     90000   -4.23315   -5.57904   -5.68280   -5.65876   -4.94656
   1846.42     95000   -4.32073   -5.42153   -5.29485   -5.27804   -4.97925
   1869.80    100000   -4.34402   -5.41886   -5.29949   -5.27543   -5.00107
   1893.16      5000   -4.36784   -5.63982   -5.65612   -5.61585   -5.07547
   1916.53     10000   -4.45067   -5.72307   -5.68707   -5.67389   -5.15024
   1939.91     15000   -4.53474   -5.58064   -5.44747   -5.42836   -5.16799
   1963.28     20000   -4.53244   -5.65387   -5.55490   -5.52755   -5.20552
   1986.65     25000   -4.57370   -5.91601   -6.05454   -6.00548   -5.29098
   2010.02     30000   -4.66410   -5.84427   -5.74239   -5.72796   -5.34573
   2033.39     35000   -4.73134   -5.76509   -5.63487   -5.61345   -5.35972
   2056.76     40000   -4.72723   -5.91387   -5.85309   -5.82102   -5.41624
   2080.13     45000   -4.78880   -6.13569   -6.24287   -6.21852   -5.50244
   2103.50     50000   -4.87646   -5.97892   -5.85244   -5.83570   -5.53564
   2126.87     55000   -4.90066   -5.97439   -5.85457   -5.83056   -5.55717
   2150.24     60000   -4.92402   -6.19378   -6.20745   -6.16733   -5.63121
   2173.61     65000   -5.00643   -6.28116   -6.24786   -6.23457   -5.70637
   2196.99     70000   -5.09042   -6.13755   -6.00443   -5.98538   -5.72435
   2220.36     75000   -5.08880   -6.20887   -6.10925   -6.08202   -5.76142
   2243.73     80000   -5.12954   -6.47072   -6.60651   -6.55763   -5.84672
   2267.10     85000   -5.21998   -6.40221   -6.30122   -6.28687   -5.90203
   2290.47     90000   -5.28840   -6.32125   -6.19082   -6.16946   -5.91598
   2313.84     95000   -5.28356   -6.46818   -6.40606   -6.37410   -5.97203
   2337.21    100000   -5.34451   -6.69237   -6.80349   -6.77827   -6.05835
   2360.58      5000   -5.43221   -6.53643   -6.41032   -6.39364   -6.09203
   2383.95     10000   -5.45734   -6.53001   -6.40984   -6.38591   -6.11325
   2407.33     15000   -5.48019   -6.74783   -6.75899   -6.71919   -6.18691
   2430.70     20000   -5.56219   -6.83913   -6.80831   -6.79503   -6.26249
   2454.07     25000   -5.64613   -6.69435   -6.56124   -6.54225   -6.28073
   2477.44     30000   -5.64518   -6.76380   -6.66348   -6.63633   -6.31735
   2500.81     35000   -5.68542   -7.02533   -7.15836   -7.10937   -6.40247
   2524.17     40000   -5.77587   -6.96024   -6.86031   -6.84600   -6.45833
   2547.54     45000   -5.84549   -6.87749   -6.74692   -6.72561   -6.47223
   2570.91     50000   -5.83990   -7.02256   -6.95919   -6.92740   -6.52781
   2594.28     55000   -5.90024   -7.24896   -7.36366   -7.33783   -6.61425
   2617.65     60000   -5.98799   -7.09388   -6.96810   -6.95147   -6.64843
   2641.01     65000   -6.01403   -7.08558   -6.96504   -6.94118   -6.66935
   2664.38     70000   -6.03639   -7.30181   -7.31047   -7.27089   -6.74263
   2687.75     75000   -6.11798   -7.39713   -7.36900   -7.35565   -6.81860
   2711.12     80000   -6.20185   -7.25122   -7.11816   -7.09922   -6.83709
   2734.49     85000   -6.20159   -7.31877   -7.21781   -7.19076   -6.87327
   2757.86     90000   -6.24131   -7.57993   -7.71010   -7.66119   -6.95822
   2781.23     95000   -6.33180   -7.51823   -7.41932   -7.40507   -7.01463
   2804.60    100000   -6.40260   -7.43370   -7.30297   -7.28172   -7.02850
   2827.96      5000   -6.39627   -7.57691   -7.51229   -7.48063   -7.08360
   2851.33     10000   -6.45598   -7.80550   -7.92388   -7.89726   -7.17015
   2874.70     15000   -6.54378   -7.65138   -7.52597   -7.50940   -7.20482
   2898.07     20000   -6.57075   -7.64119   -7.52031   -7.49653   -7.22545
   2921.44     25000   -6.59262   -7.85582   -7.86205   -7.82273   -7.29834
   2944.80     30000   -6.67379   -7.95509   -7.92962   -7.91625   -7.37470
   2968.17     35000   -6.75761   -7.80808   -7.67505   -7.65618   -7.39347
   2991.54     40000   -6.75789   -7.87374   -7.77213   -7.74517   -7.42920
   3014.93     45000   -6.79723   -8.13447   -8.26173   -8.21284   -7.51397
   3038.32     50000   -6.88774   -8.07625   -7.97842   -7.96422   -7.57093
   3061.71     55000   -6.95974   -7.98995   -7.85907   -7.83788   -7.58476
   3085.10     60000   -6.95265   -8.13129   -8.06546   -8.03395   -7.63939
   3108.48     65000   -7.01175   -8.36198   -8.48387   -8.45653   -7.72604
   3131.87     70000   -7.09960   -8.20888   -8.08383   -8.06732   -7.76121
   3155.26     75000   -7.12749   -8.19681   -8.07558   -8.05186   -7.78156
   3178.65     80000   -7.14886   -8.40982   -8.41364   -8.37456   -7.85406
   3202.04     85000   -7.22963   -8.51304   -8.49034   -8.47690   -7.93080
   3225.43     90000   -7.31338   -8.36496   -8.23200   -8.21317   -7.94984
   3248.80     95000   -7.31414   -8.42874   -8.32650   -8.29963   -7.98513
   3272.17    100000   -7.35317   -8.68900   -8.81326   -8.76445   -8.06971
   3295.54      5000   -7.44370   -8.63427   -8.53753   -8.52338   -8.12722
   3318.91     10000   -7.51691   -8.54620   -8.41517   -8.39405   -8.14103
   3342.28     15000   -7.50906   -8.68568   -8.61864   -8.58727   -8.19518
   3365.65     20000   -7.56754   -8.91842   -9.04376   -9.01564   -8.28193
   3389.01     25000   -7.65544   -8.76640   -8.64173   -8.62528   -8.31760
   3412.38     30000   -7.68413   -8.75245   -8.63089   -8.60723   -8.33767
   3435.75     35000   -7.70512   -8.96382   -8.96529   -8.92645   -8.40977
   3459.12     40000   -7.78527   -9.07097   -9.05107   -9.03757   -8.48690
   3482.49     45000   -7.86918   -8.92186   -8.78895   -8.77018   -8.50622
   3505.85     50000   -7.87040   -8.98375   -8.88088   -8.85410   -8.54107
   3529.22     55000   -7.90913   -9.24349   -9.36470   -9.31597   -8.62546
   3552.59     60000   -7.99968   -9.19230   -9.09668   -9.08259   -8.68351
MyID= 0: Time=  0.1,has convergenced
     1686536 iterations for the convertgence of psi
 MyID=           0 has finish
