 START-UP FOR CHUNK...
     23.49      5000   -0.61268   -2.03450   -2.11126   -2.07691   -1.29001
     46.91     10000   -0.79205   -2.13278   -2.01294   -2.07918   -1.51622
     70.33     15000   -0.80316   -2.24470   -1.89949   -1.93794   -1.57776
     93.75     20000   -0.73360   -2.42199   -1.74359   -1.74512   -1.52310
    117.16     25000   -0.61235   -1.96127   -1.57111   -1.56654   -1.39480
    140.58     30000   -0.51150   -1.67126   -1.46168   -1.46140   -1.25982
    164.02     35000   -0.43766   -1.65908   -1.56247   -1.54049   -1.19023
    187.47     40000   -0.48176   -1.87732   -1.89425   -2.08461   -1.27081
    210.92     45000   -0.61968   -1.86300   -1.76192   -1.74171   -1.36048
    234.36     50000   -0.81011   -1.87219   -1.74711   -1.73476   -1.45641
    257.77     55000   -0.88804   -2.11771   -2.07932   -2.04075   -1.58738
    281.19     60000   -0.96611   -2.30783   -2.31083   -2.35194   -1.68164
    304.60     65000   -1.00945   -2.12082   -1.95072   -1.94206   -1.66868
    328.01     70000   -0.98999   -2.03225   -1.92311   -1.89318   -1.63851
    351.42     75000   -0.97334   -2.20155   -2.22199   -2.17296   -1.67899
    374.83     80000   -1.04040   -2.33010   -2.33079   -2.30004   -1.75056
    398.24     85000   -1.14855   -2.20115   -2.07869   -2.05525   -1.78679
    421.65     90000   -1.18628   -2.29957   -2.19607   -2.17577   -1.85210
    445.07     95000   -1.24031   -2.55638   -2.71389   -2.67687   -1.95109
    468.50    100000   -1.31913   -2.50760   -2.39011   -2.38440   -1.99770
 ITERATION...
    491.93      5000   -1.36632   -2.39702   -2.25912   -2.24080   -1.99038
    515.36     10000   -1.34011   -2.50220   -2.45013   -2.41610   -2.02769
    538.79     15000   -1.39117   -2.73573   -2.85480   -2.84676   -2.10858
    562.23     20000   -1.48504   -2.60238   -2.47415   -2.45298   -2.14831
    585.65     25000   -1.52677   -2.60286   -2.47998   -2.45450   -2.18238
    609.08     30000   -1.55825   -2.82705   -2.84218   -2.80752   -2.26532
    632.50     35000   -1.63884   -2.91146   -2.87031   -2.85705   -2.33719
    655.93     40000   -1.71137   -2.76363   -2.62384   -2.60531   -2.34588
    679.34     45000   -1.70045   -2.82130   -2.72467   -2.69934   -2.37562
    702.75     50000   -1.73716   -3.06888   -3.21333   -3.18198   -2.45671
    726.16     55000   -1.82688   -3.00708   -2.89873   -2.88399   -2.50955
    749.58     60000   -1.89458   -2.93758   -2.80425   -2.78235   -2.52865
    773.02     65000   -1.89989   -3.09585   -3.04207   -3.01069   -2.59261
    796.46     70000   -1.96500   -3.30539   -3.38254   -3.36730   -2.67690
    819.90     75000   -2.04621   -3.14456   -3.01007   -2.99185   -2.70194
    843.34     80000   -2.06078   -3.14375   -3.02678   -3.00226   -2.72221
    866.78     85000   -2.08431   -3.36622   -3.40515   -3.37239   -2.79667
    890.23     90000   -2.16816   -3.42368   -3.36420   -3.35045   -2.86547
    913.68     95000   -2.25428   -3.29382   -3.15741   -3.13719   -2.88206
    937.12    100000   -2.24867   -3.38397   -3.29279   -3.26635   -2.92710
    960.56      5000   -2.29518   -3.64225   -3.80023   -3.76669   -3.01369
    983.99     10000   -2.38185   -3.54312   -3.42405   -3.40859   -3.05800
   1007.41     15000   -2.43009   -3.48033   -3.35104   -3.32853   -3.07130
   1030.83     20000   -2.43483   -3.64629   -3.61037   -3.57970   -3.13329
   1054.25     25000   -2.50437   -3.83167   -3.87121   -3.86001   -3.21441
   1077.68     30000   -2.58842   -3.67197   -3.53656   -3.51748   -3.23907
   1101.10     35000   -2.60318   -3.69429   -3.58111   -3.55630   -3.26770
   1124.52     40000   -2.63412   -3.93273   -4.00054   -3.96458   -3.34797
   1147.94     45000   -2.71836   -3.95533   -3.87583   -3.86218   -3.41156
   1171.35     50000   -2.80174   -3.83487   -3.69853   -3.67787   -3.42426
   1194.76     55000   -2.78881   -3.93709   -3.85632   -3.82886   -3.47068
   1218.17     60000   -2.83825   -4.18916   -4.34215   -4.31923   -3.55641
   1241.59     65000   -2.92567   -4.06859   -3.94338   -3.92680   -3.59683
   1265.02     70000   -2.96592   -4.02501   -3.89747   -3.87436   -3.61403
   1288.44     75000   -2.97959   -4.20927   -4.18918   -4.15710   -3.68169
   1311.85     80000   -3.05299   -4.36473   -4.37246   -4.36058   -3.76017
   1335.27     85000   -3.13644   -4.20763   -4.07039   -4.05123   -3.78045
   1358.68     90000   -3.14244   -4.24534   -4.13738   -4.11212   -3.81145
   1382.09     95000   -3.17668   -4.49204   -4.58929   -4.55412   -3.89329
   1405.50    100000   -3.26359   -4.47915   -4.38492   -4.37090   -3.95238
   1428.92      5000   -3.34511   -4.37430   -4.23852   -4.21726   -3.96550
   1452.33     10000   -3.33153   -4.49506   -4.42288   -4.39438   -4.01717
   1475.74     15000   -3.38644   -4.73676   -4.87307   -4.85301   -4.10274
   1499.16     20000   -3.47141   -4.59830   -4.46903   -4.45188   -4.13797
   1522.58     25000   -3.50365   -4.57140   -4.44696   -4.42353   -4.15687
   1546.01     30000   -3.52138   -4.77085   -4.77027   -4.73759   -4.22785
   1569.44     35000   -3.59933   -4.89233   -4.86999   -4.85846   -4.30308
   1592.86     40000   -3.68210   -4.74177   -4.60386   -4.58427   -4.32094
   1616.28     45000   -3.68383   -4.79756   -4.69496   -4.66906   -4.35631
   1639.71     50000   -3.72185   -5.05174   -5.17674   -5.14097   -4.44015
   1663.13     55000   -3.80871   -5.00506   -4.90024   -4.88541   -4.49414
   1686.55     60000   -3.87872   -4.91552   -4.78157   -4.75988   -4.50721
   1709.96     65000   -3.87232   -5.05326   -4.99239   -4.96325   -4.56304
   1733.38     70000   -3.93306   -5.27854   -5.38326   -5.36835   -4.64756
   1756.79     75000   -4.01786   -5.12768   -4.99517   -4.97747   -4.67840
   1780.21     80000   -4.04172   -5.11834   -4.99739   -4.97347   -4.70022
   1803.63     85000   -4.06459   -5.33290   -5.35445   -5.32044   -4.77475
   1827.06     90000   -4.14648   -5.41940   -5.37286   -5.36057   -4.84618
   1850.51     95000   -4.22978   -5.27799   -5.14027   -5.12025   -4.86177
   1873.95    100000   -4.22535   -5.35096   -5.25522   -5.22877   -4.90121
   1897.40      5000   -4.26729   -5.60840   -5.75531   -5.72243   -4.98630
   1920.84     10000   -4.35519   -5.53086   -5.41713   -5.40166   -5.03527
   1944.28     15000   -4.41294   -5.45760   -5.32562   -5.30346   -5.04922
   1967.73     20000   -4.41501   -5.61241   -5.56436   -5.53429   -5.10939
   1991.17     25000   -4.47993   -5.81633   -5.88552   -5.87267   -5.19226
   2014.62     30000   -4.56408   -5.65902   -5.52426   -5.50602   -5.21893
   2038.05     35000   -4.58167   -5.66686   -5.55010   -5.52572   -5.24385
   2061.46     40000   -4.60878   -5.89491   -5.94198   -5.90711   -5.32144
   2084.87     45000   -4.69290   -5.94500   -5.87790   -5.86504   -5.38868
   2108.28     50000   -4.77599   -5.81528   -5.67796   -5.65747   -5.40277
   2131.70     55000   -4.76706   -5.90557   -5.81738   -5.79025   -5.44654
   2155.13     60000   -4.81378   -6.16189   -6.31921   -6.29013   -5.53233
   2178.55     65000   -4.90092   -6.05789   -5.93735   -5.92122   -5.57622
   2201.97     70000   -4.94847   -6.00126   -5.87169   -5.84909   -5.59154
   2225.40     75000   -4.95640   -6.17272   -6.13971   -6.10874   -5.65584
   2248.82     80000   -5.02707   -6.35014   -6.38303   -6.37143   -5.73645
   2272.25     85000   -5.11038   -6.19145   -6.05502   -6.03628   -5.75944
   2295.67     90000   -5.12216   -6.21661   -6.10445   -6.07954   -5.78788
   2319.10     95000   -5.15397   -6.45642   -6.53138   -6.49561   -5.86815
   2342.54    100000   -5.23835   -6.47027   -6.38680   -6.37320   -5.93080
   2365.97      5000   -5.32316   -6.35404   -6.21762   -6.19668   -5.94399
   2389.41     10000   -5.30924   -6.46159   -6.38211   -6.35431   -5.99213
   2412.83     15000   -5.36025   -6.71158   -6.86272   -6.83927   -6.07802
   2436.25     20000   -5.44714   -6.58578   -6.45985   -6.44313   -6.11697
   2459.68     25000   -5.48477   -6.54613   -6.41930   -6.39624   -6.13421
   2483.10     30000   -5.49965   -6.73384   -6.71815   -6.68613   -6.20245
   2506.53     35000   -5.57392   -6.88082   -6.88094   -6.86945   -6.28020
   2529.96     40000   -5.65709   -6.72526   -6.58789   -6.56867   -6.30002
   2553.39     45000   -5.66236   -6.76774   -6.66086   -6.63542   -6.33225
   2576.81     50000   -5.69754   -7.01688   -7.12086   -7.08496   -6.41472
   2600.24     55000   -5.78448   -6.99545   -6.89874   -6.88444   -6.47255
   2623.67     60000   -5.86300   -6.89403   -6.75887   -6.73749   -6.48547
   2647.09     65000   -5.85102   -7.01880   -6.94929   -6.92073   -6.53801
   2670.52     70000   -5.90728   -7.25697   -7.38627   -7.36796   -6.62337
   2693.94     75000   -5.99228   -7.11486   -6.98486   -6.96756   -6.65758
   2717.37     80000   -6.02258   -7.09234   -6.96873   -6.94520   -6.67723
   2740.81     85000   -6.04163   -7.29562   -7.30003   -7.26696   -6.74915
   2764.25     90000   -6.12052   -7.40903   -7.38073   -7.36894   -6.82351
   2787.68     95000   -6.20335   -7.26034   -7.12255   -7.10286   -6.84071
   2811.12    100000   -6.20356   -7.32014   -7.21926   -7.19323   -6.87697
   2834.56      5000   -6.24273   -7.57549   -7.70644   -7.67145   -6.96115
   2858.00     10000   -6.32962   -7.52105   -7.41386   -7.39887   -7.01396
   2881.44     15000   -6.39693   -7.43535   -7.30186   -7.28005   -7.02723
   2904.88     20000   -6.39244   -7.57723   -7.51926   -7.48989   -7.08414
   2928.32     25000   -6.45460   -7.79795   -7.89470   -7.88023   -7.16832
   2951.76     30000   -6.53928   -7.64512   -7.51205   -7.49421   -7.19811
   2975.19     35000   -6.56110   -7.63982   -7.51989   -7.49588   -7.22061
   2998.62     40000   -6.58512   -7.85769   -7.88517   -7.85100   -7.29589
   3022.06     45000   -6.66797   -7.93556   -7.88361   -7.87124   -7.36636
   3045.50     50000   -6.75133   -7.79675   -7.65906   -7.63892   -7.38156
   3068.94     55000   -6.74557   -7.87386   -7.77983   -7.75320   -7.42203
   3092.37     60000   -6.78825   -8.13150   -8.28224   -8.24996   -7.50735
   3115.81     65000   -6.87660   -8.04730   -7.93182   -7.91617   -7.55509
   3139.24     70000   -6.93137   -7.97795   -7.84653   -7.82426   -7.56931
   3162.64     75000   -6.93473   -8.13674   -8.09212   -8.06186   -7.63047
   3186.03     80000   -7.00120   -8.33472   -8.39499   -8.38262   -7.71286
   3209.41     85000   -7.08498   -8.17664   -8.04138   -8.02303   -7.73861
   3232.80     90000   -7.10150   -8.18862   -8.07289   -8.04838   -7.76435
   3256.18     95000   -7.12942   -8.41967   -8.47319   -8.43803   -7.84262
   3279.56    100000   -7.21393   -8.46111   -8.38980   -8.37675   -7.90879
   3302.95      5000   -7.29710   -8.33446   -8.19732   -8.17672   -7.92260
   3326.34     10000   -7.28712   -8.42887   -8.34266   -8.31537   -7.96741
   3349.73     15000   -7.33501   -8.68415   -8.84151   -8.81379   -8.05328
   3373.12     20000   -7.42187   -8.57445   -8.45248   -8.43620   -8.09598
   3396.51     25000   -7.46697   -8.52186   -8.39289   -8.37018   -8.11171
   3419.90     30000   -7.47658   -8.69725   -8.66813   -8.63691   -8.17697
   3443.29     35000   -7.54811   -8.86776   -8.89249   -8.88096   -8.25695
   3466.68     40000   -7.63172   -8.70943   -8.57272   -8.55388   -8.27913
   3490.08     45000   -7.64161   -8.73873   -8.62777   -8.60274   -8.30845
   3513.47     50000   -7.67439   -8.98101   -9.06289   -9.02704   -8.38929
   3536.86     55000   -7.75939   -8.98628   -8.89934   -8.88558   -8.45082
   3560.25     60000   -7.84416   -8.87348   -8.73731   -8.71627   -8.46388
   3583.65     65000   -7.82924   -8.98515   -8.90792   -8.87993   -8.51308
   3607.04     70000   -7.88154   -9.23283   -9.38009   -9.35790   -8.59890
   3630.43     75000   -7.96776   -9.10264   -8.97564   -8.95877   -8.63669
MyID= 0: Time=  0.1,has convergenced
     1686293 iterations for the convertgence of psi
 MyID=           0 has finish
