 START-UP FOR CHUNK...
     23.47      5000   -0.56709   -2.01307   -1.92585   -1.84658   -1.28356
     46.87     10000   -0.68565   -2.16563   -1.78716   -1.85658   -1.46872
     70.28     15000   -0.64821   -2.28096   -1.67786   -1.72522   -1.46500
     93.68     20000   -0.55322   -2.13173   -1.55471   -1.55476   -1.37645
    117.08     25000   -0.46742   -1.70591   -1.46938   -1.45221   -1.26936
    140.49     30000   -0.41604   -1.62408   -1.53519   -1.52926   -1.19881
    163.89     35000   -0.43969   -1.93776   -1.84847   -1.93324   -1.29134
    187.29     40000   -0.60662   -1.90965   -1.83517   -1.82589   -1.40565
    210.70     45000   -0.79417   -1.89735   -1.76645   -1.78464   -1.49110
    234.10     50000   -0.89885   -2.13372   -2.03890   -2.00008   -1.61259
    257.51     55000   -0.98511   -2.37403   -2.44705   -2.42920   -1.73891
    280.91     60000   -1.07360   -2.30983   -2.10027   -2.10965   -1.77649
    304.32     65000   -1.10634   -2.13147   -2.00496   -1.97537   -1.74872
    327.72     70000   -1.07507   -2.22760   -2.16288   -2.11765   -1.76836
    351.13     75000   -1.11748   -2.48785   -2.60226   -2.50466   -1.85308
    374.53     80000   -1.23345   -2.35515   -2.29243   -2.25388   -1.91359
    397.94     85000   -1.33641   -2.34104   -2.22398   -2.21523   -1.94852
    421.34     90000   -1.34817   -2.55350   -2.48267   -2.45645   -2.02523
    444.75     95000   -1.41758   -2.74803   -2.86357   -2.81424   -2.12675
    468.15    100000   -1.51342   -2.60525   -2.46397   -2.46836   -2.16558
 ITERATION...
    491.56      5000   -1.53214   -2.57015   -2.44349   -2.42248   -2.16861
    514.96     10000   -1.53744   -2.76972   -2.72913   -2.66542   -2.22445
    538.36     15000   -1.60536   -2.95555   -2.99502   -2.94538   -2.31559
    561.77     20000   -1.71436   -2.77167   -2.66114   -2.63689   -2.35778
    585.18     25000   -1.73803   -2.80583   -2.69034   -2.66663   -2.38822
    608.58     30000   -1.77570   -3.07021   -3.05867   -3.00671   -2.46843
    631.99     35000   -1.86027   -3.12490   -3.11021   -3.08395   -2.55659
    655.39     40000   -1.95092   -2.97491   -2.84809   -2.84065   -2.58074
    678.80     45000   -1.94142   -3.03788   -2.92288   -2.90102   -2.60462
    702.20     50000   -1.97965   -3.31569   -3.36556   -3.27899   -2.68433
    725.60     55000   -2.07596   -3.30464   -3.23785   -3.22508   -2.76475
    749.00     60000   -2.17035   -3.18197   -3.05689   -3.03910   -2.78846
    772.41     65000   -2.15995   -3.29120   -3.18964   -3.15742   -2.82926
    795.81     70000   -2.20948   -3.59804   -3.70839   -3.60706   -2.91972
    819.21     75000   -2.31447   -3.47750   -3.38744   -3.37097   -2.98872
    842.62     80000   -2.39518   -3.39038   -3.26651   -3.25064   -3.00411
    866.03     85000   -2.37361   -3.53739   -3.44736   -3.41648   -3.04993
    889.43     90000   -2.42877   -3.81568   -3.96183   -3.85953   -3.14196
    912.84     95000   -2.53667   -3.65419   -3.54800   -3.53793   -3.20027
    936.24    100000   -2.58723   -3.61366   -3.48940   -3.47142   -3.21799
    959.64      5000   -2.59498   -3.80370   -3.73644   -3.69380   -3.27696
    983.05     10000   -2.65983   -4.03784   -4.11392   -4.05304   -3.37089
   1006.45     15000   -2.76553   -3.84312   -3.72502   -3.71157   -3.41605
   1029.86     20000   -2.78791   -3.83815   -3.71877   -3.69729   -3.43454
   1053.26     25000   -2.81092   -4.06764   -4.02923   -3.97949   -3.50209
   1076.66     30000   -2.88837   -4.21231   -4.22450   -4.18765   -3.59293
   1100.07     35000   -2.98955   -4.03414   -3.91247   -3.89970   -3.62773
   1123.48     40000   -2.99575   -4.07403   -3.95851   -3.93610   -3.65282
   1146.88     45000   -3.03027   -4.34028   -4.35060   -4.28421   -3.73052
   1170.29     50000   -3.12067   -4.38690   -4.33771   -4.31947   -3.81562
   1193.69     55000   -3.21463   -4.23665   -4.10983   -4.09561   -3.84085
   1217.10     60000   -3.20621   -4.31497   -4.20738   -4.18008   -3.87289
   1240.50     65000   -3.24923   -4.60847   -4.68130   -4.59281   -3.95788
   1263.91     70000   -3.35111   -4.55579   -4.47537   -4.45999   -4.03401
   1287.32     75000   -3.43980   -4.44406   -4.31769   -4.30176   -4.05354
   1310.72     80000   -3.42329   -4.56499   -4.46797   -4.43763   -4.09525
   1334.13     85000   -3.47417   -4.86129   -4.99632   -4.89131   -4.18600
   1357.53     90000   -3.58070   -4.72930   -4.62727   -4.61545   -4.25104
   1380.94     95000   -3.64865   -4.65973   -4.53302   -4.51592   -4.26761
   1404.35    100000   -3.64061   -4.82164   -4.74043   -4.70364   -4.31920
   1427.75      5000   -3.69945   -5.08907   -5.21415   -5.12643   -4.41257
   1451.16     10000   -3.80656   -4.91061   -4.79633   -4.78414   -4.46551
   1474.56     15000   -3.84473   -4.88236   -4.75854   -4.73896   -4.48291
   1497.97     20000   -3.85910   -5.08646   -5.02905   -4.98452   -4.54503
   1521.37     25000   -3.92919   -5.28590   -5.33763   -5.28778   -4.63794
   1544.78     30000   -4.03300   -5.09826   -4.97668   -4.96422   -4.67895
   1568.18     35000   -4.04853   -5.11191   -4.99171   -4.97018   -4.70003
   1591.59     40000   -4.07756   -5.35587   -5.33439   -5.27774   -4.77194
   1614.99     45000   -4.15969   -5.46284   -5.44603   -5.41906   -4.86090
   1638.40     50000   -4.25881   -5.29453   -5.16878   -5.15537   -4.89151
   1661.81     55000   -4.25741   -5.34925   -5.23533   -5.21068   -4.91904
   1685.21     60000   -4.29660   -5.62767   -5.66017   -5.58533   -4.99976
   1708.61     65000   -4.39124   -5.63251   -5.56933   -5.55223   -5.08155
   1732.01     70000   -4.48386   -5.49771   -5.37020   -5.35541   -5.10421
   1755.42     75000   -4.47086   -5.59363   -5.48838   -5.46026   -5.14006
   1778.82     80000   -4.51692   -5.89125   -5.99238   -5.89447   -5.22768
   1802.23     85000   -4.62153   -5.80309   -5.71254   -5.69930   -5.29957
   1825.63     90000   -4.70747   -5.70863   -5.58112   -5.56491   -5.31748
   1849.04     95000   -4.68852   -5.84608   -5.75370   -5.72083   -5.36303
   1872.44    100000   -4.74287   -6.13547   -6.27705   -6.17309   -5.45515
   1895.84      5000   -4.84913   -5.97954   -5.87179   -5.85980   -5.51542
   1919.25     10000   -4.90485   -5.92659   -5.80056   -5.78245   -5.53196
   1942.66     15000   -4.90793   -6.10581   -6.03210   -5.99269   -5.58780
   1966.06     20000   -4.96940   -6.34975   -6.44886   -6.37652   -5.68138
   1989.46     25000   -5.07596   -6.16309   -6.04552   -6.03338   -5.72945
   2012.87     30000   -5.10391   -6.15193   -6.02904   -6.00888   -5.74796
   2036.27     35000   -5.12516   -6.37256   -6.32712   -6.27838   -5.81406
   2059.68     40000   -5.19941   -6.53700   -6.55853   -6.51993   -5.90580
   2083.08     45000   -5.30186   -6.35433   -6.23070   -6.21792   -5.94242
   2106.49     50000   -5.31043   -6.38445   -6.26634   -6.24360   -5.96581
   2129.89     55000   -5.34306   -6.64350   -6.64071   -6.57765   -6.04142
   2153.29     60000   -5.43080   -6.70960   -6.67163   -6.64956   -6.12788
   2176.70     65000   -5.52618   -6.55328   -6.42667   -6.41273   -6.15497
   2200.10     70000   -5.52040   -6.62450   -6.51358   -6.48772   -6.18561
   2223.51     75000   -5.56239   -6.91312   -6.97194   -6.88818   -6.26934
   2246.91     80000   -5.66183   -6.87868   -6.80291   -6.78786   -6.34746
   2270.32     85000   -5.75147   -6.75962   -6.63188   -6.61659   -6.36782
   2293.72     90000   -5.73603   -6.87207   -6.77133   -6.74148   -6.40743
   2317.13     95000   -5.78571   -7.17056   -7.29550   -7.19085   -6.49717
   2340.53    100000   -5.89167   -7.05141   -6.95292   -6.94038   -6.56457
   2363.94      5000   -5.96737   -6.97337   -6.84628   -6.82933   -6.58152
   2387.34     10000   -5.95365   -7.12744   -7.04162   -7.00642   -6.63113
   2410.75     15000   -6.01096   -7.40329   -7.53735   -7.44270   -6.72423
   2434.15     20000   -6.11860   -7.23048   -7.11821   -7.10626   -6.77962
   2457.55     25000   -6.16184   -7.19426   -7.06926   -7.05040   -6.79657
   2480.98     30000   -6.17232   -7.39011   -7.32626   -7.28357   -6.85654
   2504.38     35000   -6.23946   -7.60573   -7.67371   -7.61682   -6.94981
   2527.78     40000   -6.34455   -7.41714   -7.29672   -7.28440   -6.99315
   2551.19     45000   -6.36428   -7.42247   -7.30124   -7.28010   -7.01328
   2574.61     50000   -6.39044   -7.65898   -7.62847   -7.57472   -7.08330
   2598.02     55000   -6.47037   -7.78554   -7.78044   -7.75009   -7.17334
   2621.42     60000   -6.57023   -7.61145   -7.48634   -7.47313   -7.20587
   2644.80     65000   -6.57253   -7.65796   -7.54238   -7.51849   -7.23190
   2668.18     70000   -6.60904   -7.93033   -7.94984   -7.87933   -7.31095
   2691.55     75000   -6.70176   -7.95559   -7.90034   -7.88185   -7.39443
   2714.93     80000   -6.79500   -7.81337   -7.68609   -7.67165   -7.41846
   2738.30     85000   -6.78489   -7.90100   -7.79368   -7.76635   -7.45251
   2761.68     90000   -6.82906   -8.19663   -8.28357   -8.19032   -7.53892
   2785.05     95000   -6.93228   -8.12559   -8.03938   -8.02568   -7.61300
   2808.43    100000   -7.02002   -8.02267   -7.89500   -7.87907   -7.63159
   2831.81      5000   -7.00256   -8.15167   -8.05619   -8.02439   -7.67509
   2855.21     10000   -7.05462   -8.44560   -8.58514   -8.47895   -7.76653
   2878.60     15000   -7.16061   -8.30063   -8.19583   -8.18368   -7.82923
   2902.00     20000   -7.22266   -8.23927   -8.11283   -8.09516   -7.84577
   2925.39     25000   -7.22026   -8.41003   -8.33190   -8.29404   -7.89951
   2948.79     30000   -7.28056   -8.66614   -8.77923   -8.69908   -7.99307
   2972.18     35000   -7.38713   -8.48267   -8.36663   -8.35462   -8.04359
   2995.58     40000   -7.42019   -8.46307   -8.33936   -8.31964   -8.06145
   3018.98     45000   -7.43820   -8.67540   -8.62318   -8.57661   -8.12550
   3042.37     50000   -7.51005   -8.85811   -8.89485   -8.85073   -8.21790
   3065.76     55000   -7.61365   -8.67238   -8.54976   -8.53713   -8.25671
   3089.16     60000   -7.62537   -8.69416   -8.57493   -8.55276   -8.27890
   3112.56     65000   -7.65667   -8.94587   -8.93298   -8.87337   -8.35268
   3135.95     70000   -7.74146   -9.03254   -9.00467   -8.98032   -8.44048
   3159.35     75000   -7.83834   -8.86974   -8.74353   -8.72986   -8.46930
   3182.75     80000   -7.83476   -8.93264   -8.81999   -8.79483   -8.49831
   3206.14     85000   -7.87566   -9.21640   -9.26129   -9.18218   -8.58054
   3229.54     90000   -7.97229   -9.20170   -9.13224   -9.11622   -8.66057
MyID= 0: Time=  0.1,has convergenced
     1684810 iterations for the convertgence of psi
 MyID=           0 has finish
