 START-UP FOR CHUNK...
     23.42      5000   -0.65679   -2.04488   -2.31057   -2.50461   -1.29212
     46.76     10000   -0.90325   -2.11617   -2.39441   -2.50731   -1.54257
     70.11     15000   -1.00041   -2.19730   -2.30465   -2.36339   -1.67458
     93.44     20000   -1.01603   -2.60780   -2.15293   -2.16080   -1.73899
    116.77     25000   -0.94875   -2.43767   -1.95654   -1.95055   -1.69625
    140.10     30000   -0.81971   -2.17316   -1.72440   -1.73601   -1.54898
    163.44     35000   -0.66836   -1.91238   -1.52999   -1.53734   -1.36027
    186.76     40000   -0.53605   -1.64881   -1.44103   -1.43065   -1.19838
    210.07     45000   -0.46475   -1.63666   -1.59542   -1.58150   -1.14646
    233.37     50000   -0.49319   -1.93125   -1.82091   -1.84203   -1.22420
    256.68     55000   -0.62908   -1.77716   -1.63153   -1.59927   -1.31471
    279.99     60000   -0.77144   -1.91721   -1.77128   -1.74447   -1.44769
    303.30     65000   -0.84791   -2.19012   -2.23264   -2.23415   -1.57084
    326.61     70000   -0.90076   -2.13893   -1.96497   -1.95400   -1.58625
    349.92     75000   -0.90116   -1.96022   -1.79196   -1.77347   -1.53370
    373.23     80000   -0.83606   -1.97694   -1.92141   -1.90586   -1.53295
    396.54     85000   -0.86586   -2.22818   -2.25923   -2.28144   -1.59673
    419.85     90000   -0.96775   -2.10986   -1.96807   -1.94263   -1.64297
    443.15     95000   -1.04498   -2.13034   -2.00746   -1.98801   -1.71116
    466.49    100000   -1.09395   -2.37407   -2.39826   -2.39340   -1.81409
 ITERATION...
    489.84      5000   -1.16463   -2.45033   -2.31849   -2.30664   -1.86148
    513.18     10000   -1.21597   -2.27589   -2.11917   -2.09734   -1.84593
    536.52     15000   -1.17763   -2.31083   -2.24418   -2.22806   -1.87070
    559.86     20000   -1.21606   -2.56996   -2.62873   -2.66092   -1.94294
    583.20     25000   -1.30350   -2.46740   -2.31693   -2.29114   -1.98057
    606.53     30000   -1.36039   -2.43467   -2.30916   -2.28830   -2.02275
    629.87     35000   -1.39141   -2.63909   -2.64698   -2.64044   -2.11033
    653.21     40000   -1.46429   -2.77085   -2.67124   -2.65916   -2.16786
    676.55     45000   -1.53343   -2.60318   -2.44576   -2.42440   -2.16721
    699.88     50000   -1.51227   -2.63720   -2.55783   -2.54027   -2.20103
    723.22     55000   -1.55174   -2.89205   -2.97588   -3.00497   -2.27723
    746.55     60000   -1.63132   -2.81856   -2.66404   -2.64061   -2.31274
    769.88     65000   -1.68526   -2.75201   -2.62063   -2.59838   -2.34072
    793.21     70000   -1.70206   -2.92737   -2.91471   -2.90448   -2.41814
    816.54     75000   -1.77348   -3.10044   -3.03211   -3.02067   -2.48227
    839.88     80000   -1.84890   -2.93192   -2.77380   -2.75180   -2.48911
    863.22     85000   -1.84102   -2.95505   -2.86238   -2.84430   -2.52430
    886.56     90000   -1.87710   -3.20191   -3.29138   -3.31372   -2.60259
    909.90     95000   -1.95338   -3.16525   -3.01413   -2.99247   -2.64068
    933.23    100000   -2.01264   -3.07225   -2.93548   -2.91332   -2.66044
    956.57      5000   -2.01830   -3.22028   -3.18929   -3.17671   -2.73018
    979.91     10000   -2.08648   -3.42991   -3.39768   -3.39060   -2.79965
   1003.23     15000   -2.16243   -3.26333   -3.10453   -3.08207   -2.81145
   1026.53     20000   -2.16562   -3.26843   -3.16561   -3.14639   -2.84442
   1049.84     25000   -2.19754   -3.50442   -3.58080   -3.59528   -2.92324
   1073.15     30000   -2.27351   -3.51190   -3.36819   -3.34751   -2.96621
   1096.46     35000   -2.34137   -3.39535   -3.25376   -3.23141   -2.98114
   1119.77     40000   -2.33815   -3.51716   -3.46959   -3.45555   -3.04427
   1143.09     45000   -2.40047   -3.75371   -3.76341   -3.76319   -3.11804
   1166.43     50000   -2.47705   -3.59833   -3.43863   -3.41613   -3.13430
   1189.77     55000   -2.49173   -3.58187   -3.47027   -3.45022   -3.16353
   1213.11     60000   -2.51641   -3.80156   -3.85615   -3.86261   -3.24145
   1236.45     65000   -2.59206   -3.85836   -3.72610   -3.70702   -3.29031
   1259.78     70000   -2.67261   -3.72141   -3.57509   -3.55246   -3.30256
   1283.12     75000   -2.65880   -3.81789   -3.75538   -3.73972   -3.35952
   1306.46     80000   -2.71587   -4.07079   -4.12143   -4.12975   -3.43658
   1329.80     85000   -2.79179   -3.93639   -3.77650   -3.75405   -3.45758
   1353.14     90000   -2.81546   -3.89724   -3.77757   -3.75687   -3.48260
   1376.47     95000   -2.83581   -4.09720   -4.12676   -4.12655   -3.55842
   1399.82    100000   -2.90937   -4.20278   -4.08821   -4.07138   -3.61343
   1423.16      5000   -2.99760   -4.04988   -3.89925   -3.87651   -3.62457
   1446.50     10000   -2.98178   -4.12168   -4.04581   -4.02875   -3.67553
   1469.84     15000   -3.03194   -4.38060   -4.46209   -4.47766   -3.75485
   1493.18     20000   -3.10782   -4.27680   -4.11819   -4.09602   -3.78110
   1516.52     25000   -3.14205   -4.21470   -4.08786   -4.06660   -3.80202
   1539.87     30000   -3.15672   -4.39315   -4.39821   -4.39283   -3.87474
   1563.21     35000   -3.22783   -4.54409   -4.45447   -4.44067   -3.93572
   1586.54     40000   -3.31197   -4.38051   -4.22634   -4.20354   -3.94708
   1609.88     45000   -3.30457   -4.42805   -4.34036   -4.32221   -3.99214
   1633.22     50000   -3.34816   -4.68412   -4.77825   -4.79615   -4.07264
   1656.55     55000   -3.42251   -4.61910   -4.46385   -4.44219   -4.10469
   1679.90     60000   -3.46978   -4.53432   -4.40116   -4.37946   -4.12195
   1703.24     65000   -3.47570   -4.69010   -4.67303   -4.66379   -4.19076
   1726.57     70000   -3.54531   -4.88079   -4.82391   -4.81447   -4.25721
   1749.92     75000   -3.62734   -4.71338   -4.55646   -4.53362   -4.27000
   1773.26     80000   -3.62743   -4.73684   -4.63874   -4.61967   -4.30930
   1796.59     85000   -3.66449   -4.98307   -5.07080   -5.08551   -4.38990
   1819.94     90000   -3.74003   -4.96292   -4.81372   -4.79280   -4.42818
   1843.28     95000   -3.79779   -4.85623   -4.71744   -4.69540   -4.44246
   1866.62    100000   -3.79684   -4.98866   -4.95218   -4.94005   -4.50670
   1889.96      5000   -3.86196   -5.21110   -5.19408   -5.19075   -4.57792
   1913.30     10000   -3.94039   -5.04857   -4.88970   -4.86690   -4.59328
   1936.64     15000   -3.95059   -5.04802   -4.94070   -4.92084   -4.62701
   1959.99     20000   -3.98130   -5.27920   -5.34774   -5.35632   -4.70668
   1983.33     25000   -4.05693   -5.30755   -5.16799   -5.14819   -4.75142
   2006.67     30000   -4.12812   -5.18053   -5.03670   -5.01436   -4.76356
   2030.00     35000   -4.11910   -5.28925   -5.23588   -5.22154   -4.82273
   2053.34     40000   -4.17898   -5.53375   -5.55989   -5.56441   -4.89784
   2076.68     45000   -4.25650   -5.38606   -5.22622   -5.20356   -4.91681
   2100.03     50000   -4.27521   -5.36160   -5.24602   -5.22551   -4.94531
   2123.36     55000   -4.29919   -5.57412   -5.61800   -5.62022   -5.02305
   2146.70     60000   -4.37326   -5.65192   -5.52683   -5.50867   -5.07428
   2170.04     65000   -4.46006   -5.50721   -5.35890   -5.33635   -5.08523
   2193.38     70000   -4.44111   -5.59207   -5.52399   -5.50794   -5.13897
   2216.71     75000   -4.49557   -5.84838   -5.91309   -5.92581   -5.21699
   2240.05     80000   -4.57117   -5.72571   -5.56622   -5.54381   -5.24049
   2263.40     85000   -4.59971   -5.67754   -5.55455   -5.53350   -5.26421
   2286.74     90000   -4.61806   -5.86910   -5.88773   -5.88455   -5.33913
   2310.07     95000   -4.69134   -5.99462   -5.89021   -5.87447   -5.39664
   2333.41    100000   -4.77790   -5.83627   -5.68409   -5.66138   -5.40742
   2356.74      5000   -4.76408   -5.89720   -5.81629   -5.79888   -5.45553
   2380.08     10000   -4.81190   -6.15569   -6.24462   -6.26256   -5.53540
   2403.42     15000   -4.88700   -6.06735   -5.90992   -5.88790   -5.56422
   2426.75     20000   -4.92690   -5.99584   -5.86618   -5.84468   -5.58373
   2450.08     25000   -4.93794   -6.16502   -6.16017   -6.15275   -5.65503
   2473.42     30000   -5.00875   -6.33393   -6.25764   -6.24542   -5.71839
   2496.75     35000   -5.09142   -6.16769   -6.01230   -5.98951   -5.73008
   2520.06     40000   -5.08767   -6.20468   -6.11251   -6.09401   -5.77251
   2543.41     45000   -5.12824   -6.45721   -6.55050   -6.56802   -5.85313
   2566.72     50000   -5.20268   -6.41063   -6.25756   -6.23615   -5.88787
   2590.04     55000   -5.25498   -6.31648   -6.18082   -6.15894   -5.90386
   2613.38     60000   -5.25802   -6.46248   -6.43672   -6.42604   -5.97087
   2636.72     65000   -5.32623   -6.66795   -6.62759   -6.62044   -6.03945
   2660.07     70000   -5.40573   -6.50149   -6.34363   -6.32082   -6.05314
   2683.42     75000   -5.41009   -6.51453   -6.41243   -6.39303   -6.08996
   2706.76     80000   -5.44469   -6.75481   -6.83541   -6.84790   -6.17026
   2730.11     85000   -5.52012   -6.75504   -6.60939   -6.58889   -6.21131
   2753.46     90000   -5.58361   -6.63947   -6.49843   -6.47624   -6.22461
   2776.79     95000   -5.57965   -6.76185   -6.71782   -6.70463   -6.28678
   2800.12    100000   -5.64229   -6.99503   -6.99656   -6.99634   -6.35978
   2823.42      5000   -5.72021   -6.83761   -6.67819   -6.65545   -6.37653
   2846.72     10000   -5.73471   -6.82676   -6.71582   -6.69569   -6.40794
   2870.02     15000   -5.76170   -7.05028   -7.10860   -7.11450   -6.48689
   2893.34     20000   -5.83758   -7.09976   -6.96567   -6.94650   -6.53443
   2916.66     25000   -5.91459   -6.96481   -6.81897   -6.79653   -6.54595
   2939.96     30000   -5.90132   -7.06337   -7.00344   -6.98829   -6.60286
   2963.27     35000   -5.95889   -7.31419   -7.35805   -7.36613   -6.67934
   2986.57     40000   -6.03557   -7.17600   -7.01614   -6.99357   -6.70013
   3009.87     45000   -6.05847   -7.14135   -7.02251   -7.00177   -6.72651
   3033.18     50000   -6.08018   -7.34511   -7.37809   -7.37791   -6.80314
   3056.48     55000   -6.15377   -7.44364   -7.32652   -7.30928   -6.85709
   3079.79     60000   -6.24150   -7.29252   -7.14247   -7.11984   -6.86785
   3103.09     65000   -6.22474   -7.36717   -7.29338   -7.27670   -6.91921
   3126.40     70000   -6.27556   -7.62554   -7.70289   -7.71838   -6.99816
   3149.71     75000   -6.35144   -7.51651   -7.35767   -7.33540   -7.02384
   3173.03     80000   -6.38442   -7.45829   -7.33236   -7.31112   -7.04567
   3196.34     85000   -6.40022   -7.64040   -7.64871   -7.64361   -7.11913
   3219.66     90000   -6.47214   -7.78513   -7.69176   -7.67737   -7.17921
   3242.97     95000   -6.55646   -7.62259   -7.46895   -7.44620   -7.19025
   3266.29    100000   -6.54731   -7.67330   -7.58740   -7.56949   -7.23594
   3289.60      5000   -6.59207   -7.93015   -8.02340   -8.04186   -7.31626
   3312.92     10000   -6.66650   -7.85888   -7.70300   -7.68122   -7.34754
   3336.23     15000   -6.71205   -7.77758   -7.64528   -7.62361   -7.36546
   3359.55     20000   -6.71932   -7.93692   -7.92281   -7.91390   -7.43500
   3382.87     25000   -6.78941   -8.12242   -8.06056   -8.05029   -7.50067
   3406.18     30000   -6.87142   -7.95504   -7.79849   -7.77568   -7.51309
   3429.50     35000   -6.87069   -7.98180   -7.88523   -7.86632   -7.55310
   3452.82     40000   -6.90851   -8.22975   -8.31931   -8.33505   -7.63372
   3476.14     45000   -6.98360   -8.20272   -8.05240   -8.03133   -7.67112
   3499.45     50000   -7.04004   -8.09922   -7.96119   -7.93917   -7.68586
   3522.77     55000   -7.04019   -8.23516   -8.20129   -8.18945   -7.75085
   3546.09     60000   -7.10616   -8.45365   -8.43068   -8.42626   -7.82143
   3569.41     65000   -7.18470   -8.28984   -8.13119   -8.10840   -7.83630
   3592.73     70000   -7.19340   -8.29267   -8.18666   -8.16693   -7.87078
   3616.05     75000   -7.22532   -8.52623   -8.59805   -8.60774   -7.95062
   3639.36     80000   -7.30066   -8.54738   -8.40610   -8.38611   -7.99444
   3662.68     85000   -7.37009   -8.42321   -8.28005   -8.25775   -8.00686
   3686.00     90000   -7.36261   -8.53543   -8.48433   -8.47024   -8.06682
   3709.32     95000   -7.42316   -8.77741   -8.79744   -8.80069   -8.14143
   3732.64    100000   -7.50062   -8.62695   -8.46718   -8.44450   -8.15979
   3755.95      5000   -7.51832   -8.60590   -8.49148   -8.47107   -8.18901
   3779.27     10000   -7.54276   -8.82127   -8.86886   -8.87203   -8.26707
   3802.59     15000   -7.61729   -8.89190   -8.76432   -8.74589   -8.31738
   3825.91     20000   -7.70172   -8.74957   -8.60186   -8.57933   -8.32845
   3849.23     25000   -7.68412   -8.83791   -8.77182   -8.75598   -8.38301
   3872.55     30000   -7.73937   -9.09316   -9.15300   -9.16457   -8.46068
   3895.86     35000   -7.81524   -8.96627   -8.80664   -8.78418   -8.48345
   3919.18     40000   -7.84235   -8.92150   -8.79954   -8.77857   -8.50782
   3942.13     45000   -7.86154   -9.11619   -9.13841   -9.13597   -8.58320
   3965.14     50000   -7.93490   -9.23497   -9.12710   -9.11095   -8.63982
MyID= 0: Time=  0.1,has convergenced
     1685714 iterations for the convertgence of psi
 MyID=           0 has finish
