 START-UP FOR CHUNK...
     23.43      5000   -0.60350   -2.03172   -2.07122   -2.02443   -1.28848
     46.77     10000   -0.76957   -2.13944   -1.96048   -2.02769   -1.50795
     70.10     15000   -0.77256   -2.25368   -1.84856   -1.88704   -1.55525
     93.44     20000   -0.69032   -2.36567   -1.69617   -1.69753   -1.48876
    116.77     25000   -0.57397   -1.89837   -1.53782   -1.53040   -1.36157
    140.10     30000   -0.48829   -1.62843   -1.45626   -1.45759   -1.23776
    163.44     35000   -0.43230   -1.71214   -1.63332   -1.60155   -1.19917
    186.77     40000   -0.49914   -1.90391   -1.89911   -2.13030   -1.30209
    210.11     45000   -0.65065   -1.85049   -1.74064   -1.72420   -1.38416
    233.44     50000   -0.82733   -1.91835   -1.79684   -1.77622   -1.48921
    256.77     55000   -0.91113   -2.18508   -2.19220   -2.15057   -1.62002
    280.11     60000   -0.98908   -2.29847   -2.23824   -2.25885   -1.70138
    303.44     65000   -1.02601   -2.10363   -1.94431   -1.93430   -1.67947
    326.77     70000   -0.99979   -2.05973   -1.96098   -1.93171   -1.65925
    350.11     75000   -0.99857   -2.26368   -2.32614   -2.26655   -1.71186
    373.44     80000   -1.07942   -2.32870   -2.29627   -2.26660   -1.78158
    396.77     85000   -1.18831   -2.22394   -2.10034   -2.07890   -1.81623
    420.11     90000   -1.21620   -2.35176   -2.25850   -2.23305   -1.88546
    443.44     95000   -1.27406   -2.60988   -2.79787   -2.74842   -1.98434
    466.78    100000   -1.35348   -2.51225   -2.38785   -2.37962   -2.02545
 ITERATION...
    490.11      5000   -1.38938   -2.42373   -2.29198   -2.27200   -2.02028
    513.45     10000   -1.37355   -2.55886   -2.51608   -2.47862   -2.06424
    536.78     15000   -1.43249   -2.76718   -2.86358   -2.84558   -2.14656
    560.11     20000   -1.52881   -2.62289   -2.49775   -2.47772   -2.18406
    583.45     25000   -1.56169   -2.64456   -2.52447   -2.49954   -2.21936
    606.78     30000   -1.59653   -2.88362   -2.91633   -2.87324   -2.30369
    630.11     35000   -1.68050   -2.93532   -2.88394   -2.87137   -2.37517
    653.45     40000   -1.75452   -2.79533   -2.65935   -2.64125   -2.38450
    676.78     45000   -1.74118   -2.86854   -2.77395   -2.74646   -2.41657
    700.12     50000   -1.78109   -3.12416   -3.27649   -3.23057   -2.49940
    723.45     55000   -1.87337   -3.04125   -2.93707   -2.92202   -2.55313
    746.78     60000   -1.93915   -2.97881   -2.84864   -2.82686   -2.57224
    770.12     65000   -1.94451   -3.14491   -3.08959   -3.05619   -2.63570
    793.45     70000   -2.01075   -3.35172   -3.43441   -3.41238   -2.72171
    816.78     75000   -2.09466   -3.18701   -3.05774   -3.04074   -2.74954
    840.12     80000   -2.10962   -3.18914   -3.07225   -3.04784   -2.76938
    863.45     85000   -2.13324   -3.41503   -3.44429   -3.40461   -2.84330
    886.79     90000   -2.21815   -3.47807   -3.43088   -3.41717   -2.91595
    910.12     95000   -2.30502   -3.34384   -3.21081   -3.19135   -2.93417
    933.46    100000   -2.30095   -3.42968   -3.33391   -3.30650   -2.97609
    956.79      5000   -2.34590   -3.69394   -3.84614   -3.79738   -3.06307
    980.12     10000   -2.43515   -3.60441   -3.49566   -3.48120   -3.11387
   1003.46     15000   -2.49332   -3.53244   -3.40329   -3.38148   -3.12670
   1026.79     20000   -2.49255   -3.68930   -3.63757   -3.60496   -3.18459
   1050.13     25000   -2.55733   -3.89822   -3.98033   -3.96140   -3.26953
   1073.46     30000   -2.64527   -3.73786   -3.60872   -3.59125   -3.30033
   1096.79     35000   -2.66476   -3.74464   -3.62676   -3.60234   -3.32455
   1120.13     40000   -2.69164   -3.97322   -4.00373   -3.96254   -3.40126
   1143.46     45000   -2.77633   -4.03769   -3.98804   -3.97497   -3.47348
   1166.79     50000   -2.85985   -3.90072   -3.76643   -3.74709   -3.48930
   1190.13     55000   -2.85322   -3.98197   -3.88725   -3.85954   -3.52855
   1213.46     60000   -2.89686   -4.24381   -4.39495   -4.34972   -3.61439
   1236.79     65000   -2.98701   -4.15649   -4.04745   -4.03278   -3.66603
   1260.13     70000   -3.04715   -4.08686   -3.95653   -3.93464   -3.68066
   1283.46     75000   -3.04821   -4.24551   -4.19247   -4.15957   -3.74009
   1306.80     80000   -3.11336   -4.45360   -4.53808   -4.51755   -3.82524
   1330.13     85000   -3.20015   -4.29378   -4.16406   -4.14694   -3.85520
   1353.47     90000   -3.21848   -4.29922   -4.18109   -4.15673   -3.87823
   1376.80     95000   -3.24446   -4.52643   -4.55704   -4.51628   -3.95420
   1400.13    100000   -3.32925   -4.59014   -4.54028   -4.52758   -4.02656
   1423.47      5000   -3.41369   -4.45427   -4.31961   -4.30020   -4.04305
   1446.80     10000   -3.40774   -4.53686   -4.44108   -4.41327   -4.08304
   1470.14     15000   -3.45174   -4.79895   -4.95079   -4.90336   -4.16918
   1493.47     20000   -3.54158   -4.71107   -4.60267   -4.58797   -4.22055
   1516.81     25000   -3.60126   -4.64122   -4.51102   -4.48926   -4.23467
   1540.14     30000   -3.60178   -4.79954   -4.74649   -4.71383   -4.29369
   1563.47     35000   -3.66684   -5.00684   -5.09054   -5.07090   -4.37881
   1586.81     40000   -3.75395   -4.84702   -4.71740   -4.70031   -4.40901
   1610.14     45000   -3.77257   -4.85309   -4.73474   -4.71036   -4.43236
   1633.48     50000   -3.79882   -5.08084   -5.11090   -5.06969   -4.50852
   1656.81     55000   -3.88354   -5.14451   -5.09539   -5.08240   -4.58083
   1680.14     60000   -3.96771   -5.00838   -4.87409   -4.85469   -4.59712
   1703.48     65000   -3.96162   -5.09078   -4.99527   -4.96756   -4.63691
   1726.81     70000   -4.00552   -5.35282   -5.50413   -5.45773   -4.72298
   1750.15     75000   -4.09546   -5.26457   -5.15619   -5.14152   -4.77445
   1773.48     80000   -4.15526   -5.19489   -5.06472   -5.04296   -4.78870
   1796.81     85000   -4.15592   -5.35337   -5.30020   -5.26747   -4.84781
   1820.15     90000   -4.22098   -5.56102   -5.64552   -5.62531   -4.93294
   1843.48     95000   -4.30799   -5.40119   -5.27180   -5.25470   -4.96307
   1866.81    100000   -4.32657   -5.40706   -5.28895   -5.26459   -4.98632
   1890.15      5000   -4.35273   -5.63471   -5.66493   -5.62398   -5.06243
   1913.48     10000   -4.43747   -5.69837   -5.64901   -5.63614   -5.13478
   1936.81     15000   -4.52172   -5.56220   -5.42790   -5.40848   -5.15113
   1960.15     20000   -4.51566   -5.64460   -5.54907   -5.52133   -5.19096
   1983.48     25000   -4.55958   -5.90671   -6.05823   -6.01135   -5.27704
   2006.82     30000   -4.64949   -5.81877   -5.71055   -5.69584   -5.32849
   2030.15     35000   -4.70931   -5.74897   -5.61889   -5.59714   -5.34270
   2053.48     40000   -4.70989   -5.90733   -5.85428   -5.82161   -5.40178
   2076.82     45000   -4.77495   -6.11498   -6.19920   -6.17929   -5.48692
   2100.15     50000   -4.86199   -5.95514   -5.82568   -5.80858   -5.51708
   2123.48     55000   -4.88059   -5.96099   -5.84282   -5.81844   -5.54035
   2146.82     60000   -4.90676   -6.18860   -6.21873   -6.17766   -5.61646
   2170.15     65000   -4.99148   -6.25251   -6.20337   -6.19042   -5.68881
   2193.48     70000   -5.07571   -6.11631   -5.98204   -5.96262   -5.70515
   2216.82     75000   -5.06967   -6.19863   -6.10313   -6.07541   -5.74495
   2240.15     80000   -5.11357   -6.46070   -6.61211   -6.56547   -5.83102
   2263.48     85000   -5.20349   -6.37277   -6.26448   -6.24979   -5.88250
   2286.81     90000   -5.26333   -6.30294   -6.17281   -6.15106   -5.89672
   2310.15     95000   -5.26391   -6.46126   -6.40814   -6.37543   -5.95579
   2333.48    100000   -5.32895   -6.66903   -6.75354   -6.73347   -6.04093
   2356.82      5000   -5.41598   -6.50924   -6.37981   -6.36270   -6.07110
   2380.15     10000   -5.43461   -6.51502   -6.39687   -6.37250   -6.09435
   2403.49     15000   -5.46077   -6.74260   -6.77269   -6.73169   -6.17045
   2426.82     20000   -5.54548   -6.80654   -6.75735   -6.74444   -6.24282
   2450.16     25000   -5.62971   -6.67030   -6.53601   -6.51659   -6.25917
   2473.49     30000   -5.62369   -6.75259   -6.65704   -6.62931   -6.29896
   2496.83     35000   -5.66757   -7.01467   -7.16607   -7.11930   -6.38503
   2520.16     40000   -5.75749   -6.92685   -6.81862   -6.80393   -6.43651
   2543.49     45000   -5.81737   -6.85697   -6.72686   -6.70511   -6.45073
   2566.83     50000   -5.81792   -7.01525   -6.96212   -6.92943   -6.50979
   2590.16     55000   -5.88294   -7.22306   -7.30755   -7.28755   -6.59493
   2613.49     60000   -5.96999   -7.06325   -6.93381   -6.91671   -6.62512
   2636.82     65000   -5.98863   -7.06900   -6.95082   -6.92645   -6.64836
   2660.15     70000   -6.01478   -7.29655   -7.32655   -7.28552   -6.72445
   2683.48     75000   -6.09948   -7.36061   -7.31153   -7.29859   -6.79683
   2706.82     80000   -6.18371   -7.22434   -7.09006   -7.07064   -6.81318
   2730.15     85000   -6.17770   -7.30659   -7.21103   -7.18331   -6.85296
   2753.48     90000   -6.22157   -7.56866   -7.72000   -7.67328   -6.93903
   2776.81     95000   -6.31149   -7.48090   -7.37266   -7.35797   -6.99053
   2800.14    100000   -6.37140   -7.41097   -7.28085   -7.25909   -7.00474
   2823.47      5000   -6.37194   -7.56921   -7.51603   -7.48334   -7.06379
   2846.81     10000   -6.43694   -7.77710   -7.86173   -7.84168   -7.14894
   2870.14     15000   -6.52398   -7.61731   -7.48788   -7.47078   -7.17913
   2893.47     20000   -6.54265   -7.62301   -7.50483   -7.48045   -7.20237
   2916.80     25000   -6.56878   -7.85052   -7.88046   -7.83946   -7.27845
   2940.13     30000   -6.65348   -7.91466   -7.86560   -7.85268   -7.35084
   2963.47     35000   -6.73771   -7.77836   -7.64407   -7.62465   -7.36720
   2986.80     40000   -6.73171   -7.86056   -7.76498   -7.73726   -7.40697
   3010.13     45000   -6.77557   -8.12264   -8.27394   -8.22718   -7.49303
   3033.46     50000   -6.86549   -8.03496   -7.92675   -7.91206   -7.54455
   3056.80     55000   -6.92544   -7.96499   -7.83486   -7.81311   -7.55876
   3080.13     60000   -6.92595   -8.12318   -8.06997   -8.03729   -7.61779
   3103.46     65000   -6.99094   -8.33113   -8.41583   -8.39578   -7.70295
   3126.79     70000   -7.07798   -8.17134   -8.04191   -8.02482   -7.73315
   3150.12     75000   -7.09667   -8.17700   -8.05880   -8.03443   -7.75638
   3173.46     80000   -7.12279   -8.40448   -8.43435   -8.39334   -7.83246
   3196.79     85000   -7.20748   -8.46872   -8.41973   -8.40680   -7.90485
   3220.12     90000   -7.29170   -8.33239   -8.19810   -8.17869   -7.92121
   3243.45     95000   -7.28572   -8.41455   -8.31895   -8.29123   -7.96097
   3266.79    100000   -7.32958   -8.67662   -8.82787   -8.78113   -8.04703
   3290.12      5000   -7.41949   -8.58900   -8.48081   -8.46613   -8.09856
   3313.45     10000   -7.47947   -8.51900   -8.38886   -8.36711   -8.11277
   3336.79     15000   -7.47996   -8.67715   -8.62390   -8.59122   -8.17180
   3360.12     20000   -7.54494   -8.88516   -8.96996   -8.94989   -8.25695
   3383.45     25000   -7.63198   -8.72538   -8.59596   -8.57887   -8.28717
   3406.78     30000   -7.65069   -8.73100   -8.61279   -8.58842   -8.31039
   3430.12     35000   -7.67680   -8.95844   -8.98825   -8.94726   -8.38646
   3453.45     40000   -7.76147   -9.02277   -8.97383   -8.96090   -8.45886
   3476.78     45000   -7.84570   -8.88641   -8.75212   -8.73271   -8.47523
   3500.11     50000   -7.83974   -8.96853   -8.87291   -8.84520   -8.51498
   3523.45     55000   -7.88358   -9.23060   -9.38181   -9.33505   -8.60104
   3546.78     60000   -7.97349   -9.14306   -9.03489   -9.02021   -8.65258
MyID= 0: Time=  0.1,has convergenced
     1686369 iterations for the convertgence of psi
 MyID=           0 has finish
