 START-UP FOR CHUNK...
     23.47      5000   -0.66353   -2.04477   -2.33410   -2.60643   -1.29318
     46.82     10000   -0.92032   -2.11372   -2.48010   -2.61211   -1.54529
     70.17     15000   -1.03278   -2.19850   -2.38986   -2.47100   -1.68368
     93.52     20000   -1.06502   -2.66341   -2.24786   -2.26779   -1.76763
    116.87     25000   -1.01792   -2.54951   -2.06099   -2.05440   -1.75703
    140.22     30000   -0.90300   -2.28479   -1.82081   -1.83308   -1.63122
    163.57     35000   -0.74592   -2.04215   -1.60230   -1.61386   -1.43928
    186.92     40000   -0.59861   -1.74276   -1.45442   -1.44843   -1.24885
    210.27     45000   -0.47238   -1.57894   -1.48190   -1.46159   -1.13621
    233.62     50000   -0.44541   -1.79997   -1.77367   -1.84124   -1.17066
    256.97     55000   -0.54324   -1.80703   -1.64782   -1.60875   -1.26297
    280.32     60000   -0.73151   -1.82772   -1.67024   -1.64286   -1.38339
    303.67     65000   -0.80427   -2.07744   -2.01882   -2.00373   -1.52458
    327.01     70000   -0.87801   -2.19207   -2.08426   -2.08420   -1.58110
    350.36     75000   -0.88446   -2.00022   -1.79779   -1.78338   -1.53332
    373.72     80000   -0.82693   -1.92442   -1.82091   -1.80078   -1.50348
    397.07     85000   -0.81975   -2.12404   -2.16899   -2.20581   -1.55295
    420.42     90000   -0.90446   -2.15351   -2.00962   -1.98114   -1.60903
    443.78     95000   -1.02243   -2.07850   -1.94075   -1.91851   -1.66521
    467.13    100000   -1.05591   -2.26614   -2.20806   -2.19705   -1.76627
 ITERATION...
    490.48      5000   -1.12884   -2.47551   -2.43757   -2.43494   -1.83964
    513.83     10000   -1.17829   -2.29788   -2.12175   -2.10201   -1.83068
    537.17     15000   -1.15980   -2.25191   -2.14750   -2.12910   -1.83420
    560.52     20000   -1.17005   -2.46333   -2.51420   -2.54351   -1.89888
    583.87     25000   -1.24858   -2.50750   -2.36306   -2.33874   -1.94997
    607.21     30000   -1.34412   -2.39478   -2.25414   -2.23123   -1.98240
    630.56     35000   -1.35436   -2.53537   -2.47840   -2.46551   -2.06151
    653.91     40000   -1.42091   -2.77603   -2.77744   -2.77841   -2.13718
    677.26     45000   -1.48632   -2.61710   -2.44712   -2.42579   -2.14358
    700.60     50000   -1.48803   -2.57598   -2.46538   -2.44606   -2.15969
    723.95     55000   -1.50328   -2.78320   -2.83028   -2.84708   -2.23032
    747.30     60000   -1.57985   -2.85448   -2.71431   -2.69338   -2.28088
    770.65     65000   -1.66984   -2.71878   -2.57211   -2.54895   -2.30134
    794.00     70000   -1.66452   -2.82621   -2.76137   -2.74677   -2.36712
    817.34     75000   -1.72454   -3.08124   -3.11832   -3.12495   -2.44449
    840.69     80000   -1.79546   -2.94334   -2.77555   -2.75367   -2.45968
    864.04     85000   -1.81087   -2.89442   -2.77559   -2.75576   -2.47940
    887.38     90000   -1.82735   -3.09008   -3.12108   -3.12806   -2.55183
    910.73     95000   -1.90010   -3.19596   -3.06813   -3.04998   -2.60534
    934.08    100000   -1.99444   -3.04375   -2.89209   -2.86904   -2.62001
    957.43      5000   -1.97904   -3.12420   -3.04929   -3.03342   -2.67662
    980.77     10000   -2.03335   -3.38566   -3.45115   -3.46427   -2.75551
   1004.12     15000   -2.10555   -3.27343   -3.10782   -3.08564   -2.77718
   1027.47     20000   -2.13313   -3.20991   -3.08417   -3.06376   -2.79656
   1050.82     25000   -2.14677   -3.39024   -3.40111   -3.40141   -2.86839
   1074.17     30000   -2.21851   -3.53360   -3.42479   -3.40923   -2.92630
   1097.52     35000   -2.30736   -3.36954   -3.21414   -3.19111   -2.93861
   1120.87     40000   -2.29620   -3.42572   -3.34112   -3.32432   -2.98807
   1144.22     45000   -2.34361   -3.68640   -3.76853   -3.78648   -3.06801
   1167.57     50000   -2.41677   -3.60691   -3.44384   -3.42168   -3.09547
   1190.92     55000   -2.45602   -3.52539   -3.39375   -3.37277   -3.11295
   1214.27     60000   -2.46471   -3.68755   -3.67899   -3.67452   -3.18263
   1237.62     65000   -2.53407   -3.86742   -3.78366   -3.77155   -3.24529
   1260.97     70000   -2.61798   -3.69697   -3.53835   -3.51526   -3.25732
   1284.31     75000   -2.61464   -3.73016   -3.63646   -3.61876   -3.30069
   1307.66     80000   -2.65527   -3.98374   -4.06835   -4.08711   -3.38104
   1331.01     85000   -2.72818   -3.94292   -3.78350   -3.76167   -3.41416
   1354.36     90000   -2.77982   -3.84240   -3.70526   -3.68378   -3.42934
   1377.71     95000   -2.78128   -3.98470   -3.95837   -3.95033   -3.49585
   1401.06    100000   -2.84864   -4.19602   -4.14366   -4.13634   -3.56303
   1424.41      5000   -2.92935   -4.02618   -3.86478   -3.84166   -3.57621
   1447.76     10000   -2.93278   -4.03714   -3.93488   -3.91632   -3.61409
   1471.11     15000   -2.96768   -4.27879   -4.35374   -4.36925   -3.69413
   1494.45     20000   -3.04194   -4.28037   -4.12672   -4.10557   -3.73298
   1517.80     25000   -3.10324   -4.16127   -4.01899   -3.99709   -3.74604
   1541.15     30000   -3.09894   -4.28295   -4.24058   -4.22979   -3.80866
   1564.50     35000   -3.16197   -4.51852   -4.50253   -4.50153   -3.87986
   1587.85     40000   -3.23990   -4.35701   -4.19356   -4.17046   -3.89529
   1611.21     45000   -3.25188   -4.34628   -4.23606   -4.21675   -3.92810
   1634.55     50000   -3.28087   -4.57261   -4.63026   -4.64045   -4.00709
   1657.91     55000   -3.35521   -4.61826   -4.47351   -4.45342   -4.05171
   1681.26     60000   -3.42869   -4.48195   -4.33500   -4.31275   -4.06314
   1704.61     65000   -3.41733   -4.58268   -4.52601   -4.51307   -4.12138
   1727.96     70000   -3.47585   -4.83452   -4.85624   -4.86289   -4.19594
   1751.31     75000   -3.55260   -4.68944   -4.52483   -4.50182   -4.21451
   1774.66     80000   -3.57234   -4.65732   -4.53983   -4.51986   -4.24263
   1798.00     85000   -3.59491   -4.86607   -4.90308   -4.90771   -4.31986
   1821.35     90000   -3.66792   -4.95572   -4.82387   -4.80531   -4.37021
   1844.70     95000   -3.75501   -4.80446   -4.65331   -4.63079   -4.38066
   1868.05    100000   -3.73501   -4.88406   -4.81472   -4.80005   -4.43420
   1891.39      5000   -3.78874   -5.14413   -5.19904   -5.21344   -4.51135
   1914.74     10000   -3.86379   -5.02347   -4.85875   -4.83592   -4.53382
   1938.09     15000   -3.89207   -4.97020   -4.84606   -4.82552   -4.55765
   1961.44     20000   -3.90985   -5.15983   -5.17581   -5.17550   -4.63244
   1984.79     25000   -3.98184   -5.29169   -5.17768   -5.16131   -4.68836
   2008.14     30000   -4.06970   -5.12883   -4.97394   -4.95120   -4.69858
   2031.48     35000   -4.05411   -5.18721   -5.10659   -5.09051   -4.74722
   2054.83     40000   -4.10173   -5.44808   -5.52516   -5.54502   -4.82614
   2078.18     45000   -4.17671   -5.35900   -5.19549   -5.17295   -4.85317
   2101.52     50000   -4.21439   -5.28492   -5.15467   -5.13363   -4.87317
   2124.88     55000   -4.22658   -5.45446   -5.45048   -5.44608   -4.94490
   2148.23     60000   -4.29609   -5.62489   -5.53453   -5.52125   -5.00607
   2171.58     65000   -4.37949   -5.45509   -5.29693   -5.27402   -5.01688
   2194.92     70000   -4.37315   -5.49220   -5.40147   -5.38423   -5.06053
   2218.28     75000   -4.41478   -5.74751   -5.83202   -5.85291   -5.14038
   2241.63     80000   -4.48803   -5.69584   -5.53521   -5.51312   -5.17247
   2264.97     85000   -4.53737   -5.60149   -5.46562   -5.44413   -5.18917
   2288.32     90000   -4.54159   -5.75034   -5.72813   -5.72041   -5.25730
   2311.67     95000   -4.60982   -5.95395   -5.89340   -5.88446   -5.32327
   2335.02    100000   -4.69133   -5.78322   -5.62231   -5.59930   -5.33551
   2358.37      5000   -4.69192   -5.79904   -5.69921   -5.68100   -5.37418
   2381.72     10000   -4.72787   -6.04377   -6.12200   -6.13968   -5.45412
   2405.06     15000   -4.80194   -6.03362   -5.87809   -5.85668   -5.49165
   2428.41     20000   -4.86087   -5.91989   -5.77885   -5.75699   -5.50566
   2451.76     25000   -4.85865   -6.04773   -6.00914   -5.99875   -5.56972
   2475.12     30000   -4.92312   -6.27764   -6.25224   -6.24917   -5.63991
   2498.46     35000   -5.00107   -6.11319   -5.95016   -5.92712   -5.65441
   2521.81     40000   -5.01049   -6.10774   -5.99968   -5.98063   -5.68823
   2545.17     45000   -5.04135   -6.33815   -6.40085   -6.41302   -5.76744
   2568.51     50000   -5.11524   -6.37182   -6.22429   -6.20386   -5.81061
   2591.86     55000   -5.18589   -6.24013   -6.09436   -6.07217   -5.82261
   2615.21     60000   -5.17708   -6.34678   -6.29360   -6.28105   -5.88223
   2638.56     65000   -5.23639   -6.59515   -6.60740   -6.61171   -5.95598
   2661.90     70000   -5.31344   -6.44496   -6.28058   -6.25757   -5.97353
   2685.26     75000   -5.33155   -6.41829   -6.30273   -6.28297   -6.00271
   2708.60     80000   -5.35483   -6.63175   -6.67442   -6.68072   -6.08041
   2731.94     85000   -5.42861   -6.70970   -6.57391   -6.55489   -6.12928
   2755.29     90000   -5.51207   -6.56221   -6.41214   -6.38967   -6.14001
   2778.61     95000   -5.49419   -6.64761   -6.58142   -6.56712   -6.19491
   2801.96    100000   -5.54923   -6.90631   -6.95344   -6.96572   -6.27146
   2825.31      5000   -5.62467   -6.77847   -6.61368   -6.59080   -6.29278
   2848.66     10000   -5.65062   -6.73068   -6.60829   -6.58791   -6.31764
   2872.01     15000   -5.66976   -6.92543   -6.94697   -6.94801   -6.39311
   2895.34     20000   -5.74189   -7.04631   -6.92696   -6.90993   -6.44758
   2918.67     25000   -5.82992   -6.88615   -6.73221   -6.70951   -6.45783
   2942.02     30000   -5.81357   -6.95025   -6.87247   -6.85671   -6.50783
   2965.37     35000   -5.86241   -7.21161   -7.28427   -7.30293   -6.58637
   2988.72     40000   -5.93738   -7.11356   -6.94959   -6.92696   -6.61211
   3012.07     45000   -5.97230   -7.04492   -6.91625   -6.89535   -6.63305
   3035.41     50000   -5.98610   -7.21982   -7.22102   -7.21767   -6.70562
   3058.74     55000   -6.05665   -7.38043   -7.28313   -7.26894   -6.76544
   3082.09     60000   -6.14073   -7.21195   -7.05460   -7.03173   -6.77604
   3105.44     65000   -6.13191   -7.25474   -7.16658   -7.14961   -6.82103
   3128.78     70000   -6.17561   -7.51209   -7.59613   -7.61715   -6.90072
   3152.11     75000   -6.24884   -7.45005   -7.28846   -7.26624   -6.93142
   3175.44     80000   -6.29506   -7.36098   -7.22657   -7.20520   -6.94893
   3198.76     85000   -6.30139   -7.51535   -7.49782   -7.49093   -7.01805
   3222.09     90000   -6.37040   -7.71074   -7.64165   -7.63144   -7.08279
   3245.41     95000   -6.45228   -7.53960   -7.37936   -7.35637   -7.09458
   3268.74    100000   -6.45115   -7.56109   -7.46358   -7.44560   -7.13458
   3292.06      5000   -6.48878   -7.80906   -7.89008   -7.90889   -7.21458
   3315.39     10000   -6.56206   -7.78760   -7.63047   -7.60885   -7.25063
   3338.71     15000   -6.61874   -7.67889   -7.53919   -7.51742   -7.26529
   3362.04     20000   -6.61824   -7.81232   -7.77791   -7.76819   -7.33046
   3385.36     25000   -6.68409   -8.03597   -8.00081   -7.99604   -7.39960
   3408.69     30000   -6.76228   -7.86909   -7.70656   -7.68352   -7.41342
   3432.02     35000   -6.76936   -7.86930   -7.76334   -7.74450   -7.44852
   3455.35     40000   -6.80161   -8.10382   -8.17125   -8.18497   -7.52800
   3478.67     45000   -6.87565   -8.12574   -7.97576   -7.95504   -7.56966
   3502.00     50000   -6.94303   -7.99864   -7.85409   -7.83198   -7.58212
   3525.32     55000   -6.93599   -8.11092   -8.06145   -8.04944   -7.64295
   3548.64     60000   -6.99667   -8.35518   -8.35743   -8.35967   -7.71582
   3571.97     65000   -7.07396   -8.20040   -8.03629   -8.01327   -7.73249
   3595.29     70000   -7.08983   -8.17936   -8.06572   -8.04614   -7.76288
   3618.62     75000   -7.11506   -8.39753   -8.44573   -8.45355   -7.84105
   3641.94     80000   -7.18957   -8.46378   -8.32446   -8.30502   -7.88842
   3665.27     85000   -7.26895   -8.32023   -8.17126   -8.14886   -7.89940
   3688.60     90000   -7.25350   -8.41127   -8.34839   -8.33452   -7.95558
   3711.92     95000   -7.30981   -8.66801   -8.70650   -8.71671   -8.03146
   3735.24    100000   -7.38569   -8.53346   -8.36867   -8.34575   -8.05171
   3758.57      5000   -7.40936   -8.49127   -8.37063   -8.35041   -8.07769
   3781.90     10000   -7.42991   -8.69112   -8.71825   -8.72060   -8.15381
   3805.22     15000   -7.50216   -8.80083   -8.67661   -8.65898   -8.20682
   3828.55     20000   -7.59033   -8.64367   -8.49071   -8.46807   -8.21711
   3851.53     25000   -7.57231   -8.71343   -8.63860   -8.62320   -8.26842
   3874.36     30000   -7.62324   -8.97478   -9.04190   -9.05918   -8.34652
   3897.16     35000   -7.69788   -8.86815   -8.70382   -8.68111   -8.37103
   3920.22     40000   -7.73034   -8.80501   -8.67796   -8.65719   -8.39297
   3943.54     45000   -7.74557   -8.98527   -8.99173   -8.98946   -8.46637
   3966.76     50000   -7.81733   -9.13574   -9.03200   -9.01695   -8.52480
   3990.09     55000   -7.90216   -8.96897   -8.81248   -8.78965   -8.53522
   4013.01     60000   -7.89084   -9.01742   -8.93191   -8.91525   -8.58155
   4035.61     65000   -7.93635   -9.27642   -9.35892   -9.37979   -8.66102
MyID= 0: Time=  0.1,has convergenced
     1685239 iterations for the convertgence of psi
 MyID=           0 has finish
