 START-UP FOR CHUNK...
     23.51      5000   -0.65963   -2.04435   -2.32070   -2.53614   -1.29316
     46.95     10000   -0.90945   -2.11439   -2.42765   -2.53961   -1.54421
     70.40     15000   -1.01171   -2.20058   -2.33039   -2.39731   -1.67853
     93.84     20000   -1.03209   -2.65111   -2.18272   -2.19438   -1.74965
    117.28     25000   -0.97159   -2.47516   -1.98793   -1.98217   -1.71604
    140.72     30000   -0.84464   -2.21096   -1.75297   -1.76463   -1.57391
    164.17     35000   -0.69117   -1.95411   -1.55018   -1.55853   -1.38296
    187.61     40000   -0.55486   -1.67261   -1.44163   -1.43243   -1.21135
    211.05     45000   -0.46650   -1.61268   -1.55674   -1.53886   -1.14063
    234.49     50000   -0.47855   -1.91104   -1.82512   -1.86871   -1.20889
    257.93     55000   -0.60498   -1.78103   -1.63114   -1.59654   -1.29996
    281.38     60000   -0.75977   -1.89190   -1.73866   -1.71203   -1.43020
    304.82     65000   -0.83658   -2.16129   -2.17555   -2.17066   -1.55967
    328.26     70000   -0.89571   -2.15790   -1.99392   -1.98572   -1.58608
    351.71     75000   -0.89710   -1.96998   -1.78966   -1.77260   -1.53277
    375.15     80000   -0.83144   -1.95893   -1.88822   -1.87081   -1.52309
    398.59     85000   -0.85145   -2.20588   -2.25358   -2.28834   -1.58416
    422.03     90000   -0.94861   -2.11849   -1.97430   -1.94787   -1.63293
    445.47     95000   -1.03592   -2.11404   -1.98466   -1.96453   -1.69758
    468.92    100000   -1.08280   -2.34464   -2.34062   -2.33310   -1.80085
 ITERATION...
    492.36      5000   -1.15502   -2.46202   -2.34841   -2.33817   -1.85571
    515.80     10000   -1.20440   -2.27930   -2.11559   -2.09444   -1.84050
    539.24     15000   -1.17101   -2.29100   -2.21196   -2.19503   -1.85871
    562.68     20000   -1.20177   -2.54381   -2.61255   -2.65083   -1.92975
    586.12     25000   -1.28662   -2.47522   -2.32447   -2.29874   -1.97094
    609.57     30000   -1.35388   -2.41998   -2.28916   -2.26784   -2.00982
    633.01     35000   -1.37955   -2.60792   -2.59369   -2.58503   -2.09556
    656.45     40000   -1.45131   -2.77696   -2.69975   -2.69008   -2.15866
    679.90     45000   -1.51893   -2.60338   -2.44141   -2.42009   -2.15884
    703.34     50000   -1.50334   -2.61565   -2.52631   -2.50819   -2.18711
    726.78     55000   -1.53574   -2.86216   -2.94536   -2.97483   -2.26248
    750.22     60000   -1.61382   -2.82619   -2.67268   -2.64962   -2.30215
    773.67     65000   -1.67797   -2.73847   -2.60196   -2.57947   -2.32726
    797.11     70000   -1.68861   -2.89477   -2.86466   -2.85290   -2.40166
    820.55     75000   -1.75801   -3.09994   -3.05859   -3.05122   -2.47018
    844.00     80000   -1.83096   -2.93136   -2.76917   -2.74717   -2.47847
    867.44     85000   -1.82885   -2.93318   -2.83193   -2.81323   -2.50869
    890.88     90000   -1.85949   -3.16847   -3.24614   -3.26525   -2.58591
    914.33     95000   -1.93603   -3.17213   -3.02387   -3.00291   -2.62847
    937.77    100000   -2.00406   -3.05983   -2.91773   -2.89534   -2.64596
    961.22      5000   -2.00407   -3.18810   -3.14217   -3.12835   -2.71201
    984.66     10000   -2.06788   -3.42123   -3.41986   -3.41829   -2.78488
   1008.10     15000   -2.14296   -3.26228   -3.09993   -3.07760   -2.79881
   1031.54     20000   -2.15352   -3.24680   -3.13609   -3.11643   -2.82725
   1054.98     25000   -2.17877   -3.46827   -3.52634   -3.53616   -2.90451
   1078.43     30000   -2.25507   -3.51670   -3.37894   -3.35936   -2.95204
   1101.87     35000   -2.33285   -3.38325   -3.23657   -3.21406   -2.96538
   1125.31     40000   -2.32216   -3.48551   -3.42498   -3.40989   -3.02443
   1148.75     45000   -2.38053   -3.73659   -3.77641   -3.78264   -3.10070
   1172.19     50000   -2.45596   -3.59649   -3.43428   -3.41194   -3.11973
   1195.63     55000   -2.47622   -3.56021   -3.44153   -3.42119   -3.14485
   1219.08     60000   -2.49717   -3.76369   -3.79807   -3.80038   -3.22067
   1242.52     65000   -2.57051   -3.86003   -3.73776   -3.72020   -3.27397
   1265.96     70000   -2.65966   -3.70916   -3.55827   -3.53555   -3.28537
   1289.40     75000   -2.64223   -3.78638   -3.71281   -3.69637   -3.33806
   1312.84     80000   -2.69438   -4.04560   -4.11870   -4.13291   -3.41674
   1336.28     85000   -2.76922   -3.93382   -3.77251   -3.75026   -3.44105
   1359.73     90000   -2.80007   -3.87541   -3.74949   -3.72855   -3.46244
   1383.17     95000   -2.81569   -4.05820   -4.06863   -4.06531   -3.53565
   1406.61    100000   -2.88807   -4.20037   -4.10044   -4.08572   -3.59479
   1430.05      5000   -2.97324   -4.03746   -3.88270   -3.85990   -3.60585
   1453.49     10000   -2.96265   -4.09025   -4.00490   -3.98727   -3.65250
   1476.93     15000   -3.00861   -4.34836   -4.43891   -4.45734   -3.73259
   1500.37     20000   -3.08242   -4.27347   -4.11461   -4.09274   -3.76257
   1523.82     25000   -3.12558   -4.19276   -4.06027   -4.03882   -3.78039
   1547.26     30000   -3.13360   -4.35351   -4.34168   -4.33408   -3.85006
   1570.70     35000   -3.20377   -4.53633   -4.46643   -4.45569   -3.91471
   1594.14     40000   -3.28590   -4.36793   -4.20999   -4.18714   -3.92674
   1617.58     45000   -3.28420   -4.39676   -4.30079   -4.28219   -3.96757
   1641.03     50000   -3.32299   -4.64638   -4.73568   -4.75254   -4.04805
   1664.47     55000   -3.39697   -4.61470   -4.46075   -4.43953   -4.08408
   1687.91     60000   -3.45175   -4.51228   -4.37390   -4.35205   -4.09884
   1711.35     65000   -3.45253   -4.65023   -4.61861   -4.60779   -4.16425
   1734.80     70000   -3.51914   -4.86633   -4.83388   -4.82875   -4.23381
   1758.24     75000   -3.59774   -4.70053   -4.54023   -4.51740   -4.24798
   1781.68     80000   -3.60456   -4.70563   -4.60020   -4.58077   -4.28323
   1805.12     85000   -3.63747   -4.94141   -5.01508   -5.02650   -4.36308
   1828.56     90000   -3.71224   -4.95688   -4.81111   -4.79087   -4.40543
   1852.01     95000   -3.77909   -4.83403   -4.69040   -4.66823   -4.41784
   1875.45    100000   -3.77283   -4.94876   -4.89982   -4.88656   -4.47844
   1898.89      5000   -3.83370   -5.18907   -5.19882   -5.20109   -4.55212
   1922.33     10000   -3.91121   -5.03529   -4.87357   -4.85084   -4.56949
   1945.77     15000   -3.92790   -5.01680   -4.90291   -4.88278   -4.59945
   1969.21     20000   -3.95264   -5.23494   -5.28573   -5.29074   -4.67772
   1992.66     25000   -4.02744   -5.29916   -5.16584   -5.14704   -4.72647
   2016.10     30000   -4.10833   -5.15805   -5.00974   -4.98732   -4.73739
   2039.55     35000   -4.09234   -5.24936   -5.18532   -5.17017   -4.79278
   2062.99     40000   -4.14834   -5.50401   -5.55433   -5.56501   -4.86965
   2086.43     45000   -4.22432   -5.37217   -5.21020   -5.18765   -4.89117
   2109.87     50000   -4.24927   -5.33026   -5.20876   -5.18804   -4.91625
   2133.31     55000   -4.26938   -5.52824   -5.55433   -5.55359   -4.99204
   2156.76     60000   -4.34241   -5.64027   -5.52499   -5.50829   -5.04706
   2180.20     65000   -4.43006   -5.48438   -5.33195   -5.30933   -5.05747
   2203.64     70000   -4.41379   -5.55216   -5.47492   -5.45827   -5.10738
   2227.08     75000   -4.46310   -5.81155   -5.89163   -5.90906   -5.18645
   2250.53     80000   -4.53890   -5.71104   -5.55029   -5.52807   -5.21294
   2273.97     85000   -4.57384   -5.64599   -5.51762   -5.49641   -5.23366
   2297.41     90000   -4.58809   -5.82225   -5.82473   -5.81934   -5.30616
   2320.85     95000   -4.65867   -5.97863   -5.88827   -5.87464   -5.36711
   2344.29    100000   -4.74234   -5.81301   -5.65706   -5.63431   -5.37802
   2367.74      5000   -4.73489   -5.85723   -5.76837   -5.75052   -5.42235
   2391.18     10000   -4.77777   -6.11297   -6.20473   -6.22399   -5.50257
   2414.62     15000   -4.85179   -6.05163   -5.89409   -5.87238   -5.53467
   2438.06     20000   -4.89959   -5.96400   -5.82942   -5.80778   -5.55166
   2461.50     25000   -4.90502   -6.11761   -6.09873   -6.08973   -5.62018
   2484.95     30000   -4.97412   -6.31245   -6.25462   -6.24543   -5.68652
   2508.39     35000   -5.05578   -6.14394   -5.98513   -5.96233   -5.69899
   2531.83     40000   -5.05586   -6.16459   -6.06546   -6.04663   -5.73776
   2555.27     45000   -5.09240   -6.41001   -6.49524   -6.51098   -5.81807
   2578.71     50000   -5.16754   -6.39350   -6.24184   -6.22089   -5.85625
   2602.15     55000   -5.22559   -6.28428   -6.14407   -6.12208   -5.87025
   2625.59     60000   -5.22418   -6.41473   -6.37700   -6.36520   -5.93421
   2649.03     65000   -5.28890   -6.64001   -6.62155   -6.61857   -6.00524
   2672.47     70000   -5.36705   -6.47714   -6.31628   -6.29349   -6.02029
   2695.91     75000   -5.37707   -6.47425   -6.36596   -6.34632   -6.05366
   2719.35     80000   -5.40745   -6.70445   -6.77100   -6.78049   -6.13305
   2742.79     85000   -5.48259   -6.73598   -6.59377   -6.57394   -6.17756
   2766.23     90000   -5.55389   -6.60682   -6.46157   -6.43929   -6.18943
   2789.67     95000   -5.54457   -6.71387   -6.65965   -6.64566   -6.24838
   2813.11    100000   -5.60414   -6.96011   -6.98410   -6.98904   -6.32323
   2836.55      5000   -5.68134   -6.81255   -6.65062   -6.62794   -6.34185
   2859.99     10000   -5.69982   -6.78619   -6.66971   -6.64939   -6.37010
   2883.43     15000   -5.72340   -6.99781   -7.04043   -7.04351   -6.44762
   2906.87     20000   -5.79717   -7.07810   -6.95005   -6.93187   -6.49849
   2930.31     25000   -5.88380   -6.93165   -6.78190   -6.75939   -6.50916
   2953.75     30000   -5.86449   -7.01518   -6.94654   -6.93083   -6.56277
   2977.19     35000   -5.91873   -7.27246   -7.33442   -7.34763   -6.64049
   3000.63     40000   -5.99408   -7.15008   -6.98833   -6.96588   -6.66356
   3024.08     45000   -6.02222   -7.10040   -6.97656   -6.95567   -6.68711
   3047.52     50000   -6.04037   -7.29127   -7.30934   -7.30697   -6.76188
   3070.96     55000   -6.11323   -7.41853   -7.31068   -7.29488   -6.81892
   3094.40     60000   -6.20015   -7.25876   -7.10509   -7.08241   -6.82940
   3117.84     65000   -6.18560   -7.31874   -7.23746   -7.22037   -6.87747
   3141.28     70000   -6.23325   -7.57778   -7.66396   -7.68260   -6.95704
   3164.72     75000   -6.30822   -7.48954   -7.32961   -7.30754   -6.98532
   3188.16     80000   -6.34733   -7.41689   -7.28639   -7.26503   -7.00472
   3211.60     85000   -6.35857   -7.58568   -7.58080   -7.57413   -7.07596
   3235.04     90000   -6.42893   -7.75560   -7.67517   -7.66285   -7.13877
   3258.49     95000   -6.51168   -7.58817   -7.43119   -7.40841   -7.15009
   3281.93    100000   -6.50717   -7.62457   -7.53215   -7.51395   -7.19258
   3305.37      5000   -6.54779   -7.87753   -7.96893   -7.98749   -7.27294
   3328.81     10000   -6.62182   -7.83059   -7.67468   -7.65319   -7.30701
   3352.25     15000   -6.67337   -7.73565   -7.59913   -7.57737   -7.32292
   3375.69     20000   -6.67646   -7.88159   -7.85618   -7.84617   -7.38998
   3399.13     25000   -6.74449   -8.08752   -8.04211   -8.03478   -7.45797
   3422.57     30000   -6.82431   -7.91986   -7.76028   -7.73747   -7.47118
   3446.01     35000   -6.82770   -7.93269   -7.83040   -7.81128   -7.50814
   3469.45     40000   -6.86241   -8.17352   -8.25352   -8.26731   -7.58826
   3492.89     45000   -6.93749   -8.17275   -8.02378   -8.00316   -7.62852
   3516.33     50000   -6.99983   -8.05667   -7.91473   -7.89264   -7.64171
   3539.77     55000   -6.99605   -8.17937   -8.13590   -8.12332   -7.70405
   3563.21     60000   -7.05886   -8.41270   -8.40830   -8.40779   -7.77645
   3586.65     65000   -7.13667   -8.25381   -8.09247   -8.06971   -7.79258
   3610.09     70000   -7.14998   -8.24311   -8.13200   -8.11212   -7.82421
   3633.53     75000   -7.17755   -8.46744   -8.52634   -8.53362   -7.90308
   3656.97     80000   -7.25337   -8.51523   -8.37714   -8.35779   -7.94971
   3680.41     85000   -7.32859   -8.37997   -8.23316   -8.21081   -7.96108
   3703.85     90000   -7.31598   -8.47921   -8.41998   -8.40538   -8.01828
   3727.29     95000   -7.37378   -8.73021   -8.76777   -8.77556   -8.09420
   3750.73    100000   -7.45036   -8.58995   -8.42792   -8.40530   -8.11420
   3774.17      5000   -7.47206   -8.55581   -8.43679   -8.41628   -8.14084
   3797.61     10000   -7.49409   -8.76072   -8.79510   -8.79624   -8.21754
   3821.05     15000   -7.56731   -8.85695   -8.73489   -8.71739   -8.27049
   3844.49     20000   -7.65516   -8.70556   -8.55444   -8.53187   -8.28098
   3867.93     25000   -7.63698   -8.78126   -8.70824   -8.69204   -8.33277
   3891.37     30000   -7.68875   -9.04010   -9.11203   -9.12754   -8.41122
   3914.81     35000   -7.76407   -8.92814   -8.76679   -8.74445   -8.43594
   3938.02     40000   -7.79554   -8.87078   -8.74464   -8.72359   -8.45805
   3961.03     45000   -7.81174   -9.05443   -9.06462   -9.06070   -8.53172
   3983.74     50000   -7.88415   -9.19646   -9.09688   -9.08210   -8.59074
   4006.39     55000   -7.96876   -9.03343   -8.87859   -8.85587   -8.60138
   4029.00     60000   -7.95776   -9.08557   -9.00044   -8.98295   -8.64759
MyID= 0: Time=  0.1,has convergenced
     1685385 iterations for the convertgence of psi
 MyID=           0 has finish
