 START-UP FOR CHUNK...
     23.43      5000   -0.61580   -2.03664   -2.12652   -2.10374   -1.28920
     46.76     10000   -0.80086   -2.13300   -2.03542   -2.10546   -1.51855
     70.09     15000   -0.81853   -2.23439   -1.92619   -1.96219   -1.58737
     93.42     20000   -0.75211   -2.43849   -1.76962   -1.76825   -1.54004
    116.76     25000   -0.63427   -1.99314   -1.59000   -1.58647   -1.41288
    140.10     30000   -0.52566   -1.69539   -1.46613   -1.46656   -1.27266
    163.43     35000   -0.44332   -1.63336   -1.52819   -1.51213   -1.18800
    186.77     40000   -0.47442   -1.84872   -1.87426   -1.98926   -1.25197
    210.09     45000   -0.60279   -1.87985   -1.78288   -1.76478   -1.34602
    233.45     50000   -0.78169   -1.84908   -1.72501   -1.71300   -1.43607
    256.78     55000   -0.87185   -2.07570   -2.02040   -1.97846   -1.56633
    280.12     60000   -0.95113   -2.31059   -2.35949   -2.40661   -1.66803
    303.49     65000   -0.99806   -2.13543   -1.96292   -1.95147   -1.66295
    326.85     70000   -0.98727   -2.01990   -1.90502   -1.87535   -1.62846
    350.19     75000   -0.95967   -2.16076   -2.16136   -2.11929   -1.66126
    373.52     80000   -1.01936   -2.32272   -2.36172   -2.33291   -1.73321
    396.87     85000   -1.12509   -2.19404   -2.07137   -2.04903   -1.77108
    420.21     90000   -1.16981   -2.27146   -2.16213   -2.14375   -1.83340
    443.55     95000   -1.22204   -2.52120   -2.64996   -2.61472   -1.93225
    466.91    100000   -1.30042   -2.51314   -2.40170   -2.39847   -1.98364
 ITERATION...
    490.25      5000   -1.35488   -2.38768   -2.24571   -2.22671   -1.97615
    513.59     10000   -1.32371   -2.47374   -2.41245   -2.37893   -2.00914
    536.93     15000   -1.36984   -2.71824   -2.85168   -2.84427   -2.08898
    560.27     20000   -1.46195   -2.59545   -2.47018   -2.44741   -2.13096
    583.61     25000   -1.51117   -2.58182   -2.45655   -2.43201   -2.16390
    606.95     30000   -1.53914   -2.79444   -2.79293   -2.76367   -2.24541
    630.28     35000   -1.61746   -2.90167   -2.87684   -2.86383   -2.31875
    653.61     40000   -1.68947   -2.75072   -2.60990   -2.59216   -2.32819
    676.96     45000   -1.68197   -2.79638   -2.69726   -2.67281   -2.35599
    700.32     50000   -1.71591   -3.04146   -3.17038   -3.14360   -2.43585
    723.66     55000   -1.80368   -2.99721   -2.89005   -2.87477   -2.48950
    746.99     60000   -1.87643   -2.91771   -2.78471   -2.76206   -2.50860
    770.32     65000   -1.87918   -3.06849   -3.01146   -2.98199   -2.57193
    793.66     70000   -1.94282   -3.28706   -3.36973   -3.35531   -2.65589
    817.00     75000   -2.02324   -3.12775   -2.99354   -2.97447   -2.68091
    840.34     80000   -2.03999   -3.12069   -3.00414   -2.98032   -2.70096
    863.68     85000   -2.06183   -3.33774   -3.37392   -3.34599   -2.77499
    887.03     90000   -2.14450   -3.40501   -3.34467   -3.33121   -2.84290
    910.37     95000   -2.23064   -3.27303   -3.13617   -3.11565   -2.85938
    933.70    100000   -2.22564   -3.35977   -3.27078   -3.24479   -2.90519
    957.05      5000   -2.27266   -3.61774   -3.77016   -3.74452   -2.99138
    980.37     10000   -2.35728   -3.52144   -3.39952   -3.38304   -3.03388
   1003.71     15000   -2.40452   -3.45754   -3.32913   -3.30610   -3.04764
   1027.05     20000   -2.41013   -3.62322   -3.59213   -3.56355   -3.11081
   1050.38     25000   -2.47993   -3.80486   -3.83313   -3.82331   -3.19028
   1073.74     30000   -2.56409   -3.64666   -3.50975   -3.48995   -3.21326
   1097.08     35000   -2.57662   -3.67182   -3.56113   -3.53657   -3.24379
   1120.42     40000   -2.60903   -3.91096   -3.98970   -3.95841   -3.32498
   1143.78     45000   -2.69307   -3.92447   -3.83627   -3.82216   -3.38515
   1167.13     50000   -2.77682   -3.80899   -3.67264   -3.65138   -3.39745
   1190.47     55000   -2.76181   -3.91703   -3.84271   -3.81574   -3.44679
   1213.81     60000   -2.81432   -4.16353   -4.30227   -4.28849   -3.53174
   1237.14     65000   -2.89861   -4.03520   -3.90576   -3.88800   -3.56803
   1260.47     70000   -2.93501   -4.00048   -3.87531   -3.85181   -3.58718
   1283.81     75000   -2.95120   -4.19307   -4.18768   -4.15753   -3.65790
   1307.15     80000   -3.02760   -4.32687   -4.30967   -4.29805   -3.73268
   1330.49     85000   -3.10951   -4.17459   -4.03624   -4.01624   -3.75012
   1353.83     90000   -3.11245   -4.22446   -4.12253   -4.09733   -3.78517
   1377.17     95000   -3.14957   -4.47524   -4.59522   -4.56702   -3.86849
   1400.50    100000   -3.23503   -4.43542   -4.32904   -4.31374   -3.92149
   1423.86      5000   -3.30544   -4.34407   -4.21003   -4.18802   -3.93494
   1447.24     10000   -3.29959   -4.48002   -4.42116   -4.39317   -3.99178
   1470.57     15000   -3.36078   -4.70465   -4.80273   -4.79080   -4.07533
   1493.91     20000   -3.44457   -4.55512   -4.42138   -4.40289   -4.10441
   1517.23     25000   -3.46755   -4.54616   -4.42695   -4.40307   -4.12717
   1540.55     30000   -3.49089   -4.76102   -4.78933   -4.75904   -4.20258
   1563.89     35000   -3.57246   -4.84135   -4.78621   -4.77367   -4.27155
   1587.23     40000   -3.65566   -4.70273   -4.56475   -4.54408   -4.28633
   1610.56     45000   -3.64992   -4.77969   -4.68809   -4.66206   -4.32819
   1633.90     50000   -3.69375   -5.03573   -5.18467   -5.15978   -4.41328
   1657.24     55000   -3.77996   -4.94998   -4.83153   -4.81501   -4.45845
   1680.58     60000   -3.83271   -4.88293   -4.75269   -4.73012   -4.47326
   1703.91     65000   -3.83722   -5.04433   -5.00650   -4.97790   -4.53627
   1727.24     70000   -3.90592   -5.23447   -5.27732   -5.26726   -4.61677
   1750.60     75000   -3.98846   -5.07686   -4.94016   -4.92093   -4.64014
   1773.95     80000   -4.00279   -5.09446   -4.98204   -4.95752   -4.66821
   1797.31     85000   -4.03331   -5.32901   -5.39698   -5.36602   -4.74794
   1820.65     90000   -4.11617   -5.35488   -5.27253   -5.25852   -4.81009
   1843.99     95000   -4.20116   -5.23498   -5.09842   -5.07715   -4.82320
   1867.33    100000   -4.18795   -5.33803   -5.25949   -5.23276   -4.87158
   1890.67      5000   -4.23872   -5.58780   -5.73412   -5.71696   -4.95686
   1914.03     10000   -4.32362   -5.46596   -5.33876   -5.32131   -4.99460
   1937.39     15000   -4.36206   -5.42461   -5.29860   -5.27542   -5.01238
   1960.75     20000   -4.37651   -5.61094   -5.59871   -5.56907   -5.08139
   1984.10     25000   -4.45140   -5.75673   -5.74997   -5.73894   -5.15749
   2007.44     30000   -4.53339   -5.60231   -5.46430   -5.44441   -5.17612
   2030.80     35000   -4.53870   -5.64617   -5.54205   -5.51691   -5.20997
   2054.14     40000   -4.57422   -5.89506   -6.00534   -5.97582   -5.29284
   2077.47     45000   -4.65957   -5.86751   -5.76528   -5.75010   -5.34761
   2100.80     50000   -4.73393   -5.76997   -5.63556   -5.61369   -5.36066
   2124.15     55000   -4.72502   -5.89926   -5.83636   -5.80876   -5.41571
   2147.51     60000   -4.78433   -6.13039   -6.24042   -6.22821   -5.49977
   2170.85     65000   -4.86796   -5.98480   -5.85205   -5.83376   -5.53054
   2194.19     70000   -4.89420   -5.96952   -5.84886   -5.82512   -5.55230
   2217.52     75000   -4.91581   -6.17912   -6.19872   -6.16835   -5.62660
   2240.87     80000   -4.99684   -6.27320   -6.22630   -6.21405   -5.69709
   2264.21     85000   -5.07993   -6.13051   -5.99241   -5.97188   -5.71240
   2287.55     90000   -5.07596   -6.20079   -6.10659   -6.08075   -5.75257
   2310.89     95000   -5.11764   -6.45656   -6.60048   -6.57464   -5.83736
   2334.23    100000   -5.20455   -6.38127   -6.26535   -6.24907   -5.88446
   2357.58      5000   -5.26061   -6.30809   -6.17686   -6.15441   -5.89880
   2380.91     10000   -5.26304   -6.46324   -6.41988   -6.39144   -5.96032
   2404.24     15000   -5.32988   -6.66297   -6.71944   -6.70920   -6.04169
   2427.57     20000   -5.41238   -6.50630   -6.37013   -6.35109   -6.06636
   2450.92     25000   -5.42964   -6.51734   -6.40314   -6.37878   -6.09307
   2474.26     30000   -5.45757   -6.74742   -6.80523   -6.77437   -6.17184
   2497.59     35000   -5.54041   -6.78675   -6.71018   -6.69652   -6.23573
   2520.91     40000   -5.62461   -6.66183   -6.52479   -6.50365   -6.24912
   2544.25     45000   -5.61379   -6.75845   -6.67645   -6.64988   -6.29588
   2567.58     50000   -5.66251   -7.01088   -7.16139   -7.14229   -6.38124
   2590.91     55000   -5.74840   -6.89685   -6.77147   -6.75424   -6.42077
   2614.25     60000   -5.78945   -6.84914   -6.72198   -6.69896   -6.43772
   2637.59     65000   -5.80228   -7.02945   -7.01040   -6.98103   -6.50531
   2660.92     70000   -5.87519   -7.18689   -7.19145   -7.18075   -6.58260
   2684.23     75000   -5.95764   -7.03082   -6.89297   -6.87324   -6.60228
   2707.53     80000   -5.96450   -7.06823   -6.96190   -6.93691   -6.63466
   2730.85     85000   -5.99879   -7.31419   -7.41429   -7.38417   -6.71686
   2754.18     90000   -6.08413   -7.29939   -7.20141   -7.18650   -6.77348
   2777.51     95000   -6.16266   -7.19613   -7.06110   -7.03937   -6.78641
   2800.85    100000   -6.15089   -7.31900   -7.25193   -7.22456   -6.83984
   2824.18      5000   -6.20796   -7.55589   -7.67721   -7.66411   -6.92433
   2847.51     10000   -6.29169   -7.41493   -7.28331   -7.26522   -6.95675
   2870.85     15000   -6.32109   -7.39324   -7.27115   -7.24755   -6.97744
   2894.18     20000   -6.34078   -7.59732   -7.60850   -7.57827   -7.05051
   2917.52     25000   -6.42030   -7.70454   -7.66650   -7.65458   -7.12248
   2940.84     30000   -6.50312   -7.55832   -7.42013   -7.39976   -7.13847
   2964.18     35000   -6.50164   -7.62212   -7.52530   -7.49964   -7.17705
   2987.52     40000   -6.54188   -7.87705   -8.01446   -7.98742   -7.26150
   3010.85     45000   -6.62835   -7.81275   -7.69974   -7.68371   -7.31048
   3034.19     50000   -6.68878   -7.73346   -7.60137   -7.57906   -7.32438
   3057.52     55000   -6.68908   -7.88232   -7.83375   -7.80552   -7.38434
   3080.85     60000   -6.75346   -8.09086   -8.16089   -8.15045   -7.46650
   3104.19     65000   -6.83654   -7.93576   -7.80026   -7.78140   -7.49258
   3127.51     70000   -6.85580   -7.94033   -7.82443   -7.80023   -7.51800
   3150.83     75000   -6.88206   -8.16573   -8.21362   -8.18282   -7.59576
   3174.14     80000   -6.96494   -8.21858   -8.14844   -8.13513   -7.66135
   3197.44     85000   -7.04832   -8.08887   -7.95148   -7.93049   -7.67507
   3220.75     90000   -7.03920   -8.17904   -8.09380   -8.06742   -7.72019
   3244.05     95000   -7.08653   -8.43335   -8.58563   -8.56475   -7.80555
   3267.37    100000   -7.17225   -8.32783   -8.20444   -8.18742   -7.84691
   3290.70      5000   -7.21711   -8.27379   -8.14555   -8.12267   -7.86310
   3314.00     10000   -7.22727   -8.44803   -8.42251   -8.39336   -7.92925
   3337.29     15000   -7.29881   -8.61671   -8.63329   -8.62282   -8.00767
   3360.61     20000   -7.38215   -8.45953   -8.32196   -8.30239   -8.02846
   3383.91     25000   -7.39055   -8.49046   -8.38206   -8.35723   -8.05939
   3407.22     30000   -7.42361   -8.73308   -8.82275   -8.79228   -8.14085
   3430.52     35000   -7.50894   -8.73128   -8.63790   -8.62329   -8.19930
   3453.82     40000   -7.59168   -8.62244   -8.48683   -8.46525   -8.21221
   3477.13     45000   -7.57702   -8.73889   -8.66786   -8.64069   -8.26400
   3500.43     50000   -7.63185   -8.98078   -9.11214   -9.09784   -8.34885
   3523.74     55000   -7.71568   -8.84526   -8.71492   -8.69703   -8.38295
   3547.05     60000   -7.74825   -8.81714   -8.69371   -8.67025   -8.40262
   3570.35     65000   -7.76600   -9.01557   -9.01873   -8.98870   -8.47442
   3593.66     70000   -7.84402   -9.13566   -9.10708   -9.09548   -8.54780
   3616.97     75000   -7.92656   -8.98630   -8.84809   -8.82786   -8.56456
   3640.31     80000   -7.92734   -9.04362   -8.94430   -8.91880   -8.60159
   3663.64     85000   -7.96638   -9.29714   -9.42669   -9.39860   -8.68560
MyID= 0: Time=  0.1,has convergenced
     1686616 iterations for the convertgence of psi
 MyID=           0 has finish
