 START-UP FOR CHUNK...
     23.89      5000   -0.68595   -2.04472   -2.37462   -3.19996   -1.29453
     47.69     10000   -0.98294   -2.11001   -2.76886   -3.39237   -1.54945
     71.48     15000   -1.15525   -2.20119   -2.69257   -3.69847   -1.69895
     95.27     20000   -1.29505   -2.80613   -2.70605   -3.68529   -1.82372
    119.06     25000   -1.39880   -3.50734   -3.20305   -4.04553   -1.92254
    142.85     30000   -1.47440   -2.71851   -2.89093   -3.77155   -2.00052
    166.64     35000   -1.54301   -2.52907   -3.47989   -3.67572   -2.07732
    190.43     40000   -1.61458   -2.67816   -3.06533   -3.63369   -2.16669
    214.22     45000   -1.68130   -3.29835   -3.13404   -3.56028   -2.26552
    238.01     50000   -1.71967   -3.74738   -3.32369   -3.36743   -2.35678
    261.80     55000   -1.71951   -3.11728   -3.11592   -3.14976   -2.43480
    285.59     60000   -1.68524   -2.94658   -2.96567   -2.95632   -2.49899
    309.39     65000   -1.61598   -3.13626   -2.74633   -2.77406   -2.51003
    333.19     70000   -1.50636   -3.36908   -2.57021   -2.59060   -2.40861
    357.00     75000   -1.36660   -3.13137   -2.39609   -2.40487   -2.23656
    380.80     80000   -1.21325   -2.95233   -2.22260   -2.22660   -2.05545
    404.61     85000   -1.06962   -2.76851   -2.06817   -2.06949   -1.89202
    428.41     90000   -0.98006   -2.56682   -1.96007   -1.95548   -1.76942
    452.21     95000   -1.03632   -2.43282   -1.93468   -1.92518   -1.72126
    476.00    100000   -1.20094   -2.46066   -2.03734   -2.04365   -1.78198
 ITERATION...
    499.80      5000   -1.37433   -2.72248   -2.34374   -2.40811   -1.96993
    523.60     10000   -1.50735   -3.22183   -2.92102   -3.00551   -2.26874
    547.40     15000   -1.71484   -3.33693   -2.92488   -2.87369   -2.57641
    571.20     20000   -1.97784   -3.47383   -3.03922   -3.05064   -2.80522
    595.01     25000   -2.22480   -3.65832   -3.32180   -3.48299   -2.97022
    618.80     30000   -2.43298   -3.78519   -3.61042   -3.80713   -3.07695
    642.60     35000   -2.52015   -3.92104   -3.88611   -3.88210   -3.17799
    666.40     40000   -2.61551   -3.98323   -4.14530   -4.08852   -3.28708
    690.20     45000   -2.71506   -4.01236   -4.11808   -4.12285   -3.39559
    714.00     50000   -2.81808   -4.10296   -4.09071   -4.16957   -3.50008
    737.80     55000   -2.92803   -4.27888   -4.15684   -4.29401   -3.59882
    761.60     60000   -3.03652   -4.43462   -4.28193   -4.41810   -3.69193
    785.40     65000   -3.13750   -4.46909   -4.41664   -4.50946   -3.78322
    809.20     70000   -3.22911   -4.51193   -4.53214   -4.58354   -3.87675
    833.01     75000   -3.31933   -4.62553   -4.61360   -4.69335   -3.97292
    856.81     80000   -3.41114   -4.81894   -4.69800   -4.80506   -4.06884
    880.61     85000   -3.50440   -4.93263   -4.79489   -4.89112   -4.16233
    904.41     90000   -3.59848   -4.89377   -4.89120   -4.96672   -4.25459
    928.21     95000   -3.69047   -4.90620   -4.97107   -5.03925   -4.34736
    952.01    100000   -3.77001   -5.02473   -4.96680   -5.07520   -4.43404
    975.82      5000   -3.72609   -5.08775   -4.81047   -4.90068   -4.46932
    999.62     10000   -3.45506   -4.82591   -4.50855   -4.58830   -4.33632
   1023.42     15000   -3.11206   -4.48969   -4.16702   -4.24592   -4.04311
   1047.23     20000   -2.76443   -4.14498   -3.82012   -3.89912   -3.70380
   1071.02     25000   -2.41683   -3.79793   -3.47257   -3.55160   -3.35730
   1094.82     30000   -2.06935   -3.45038   -3.12495   -3.20398   -3.00984
   1118.63     35000   -1.72243   -3.10275   -2.77736   -2.85637   -2.66229
   1142.43     40000   -1.37830   -2.75505   -2.42992   -2.50880   -2.31487
   1166.22     45000   -1.03243   -2.40705   -2.08323   -2.16145   -1.96817
   1190.01     50000   -0.69533   -2.05829   -1.74037   -1.81546   -1.62525
   1213.80     55000   -0.37313   -1.71471   -1.41399   -1.47630   -1.29968
   1237.58     60000   -0.14643   -1.47588   -1.13903   -1.16266   -1.03180
   1261.38     65000    0.03564   -1.23219   -0.99368   -0.99929   -0.85103
   1285.19     70000   -0.00916   -1.67404   -1.09197   -1.11715   -0.92746
   1308.99     75000   -0.28477   -1.50979   -1.25439   -1.22824   -1.06580
   1332.79     80000   -0.51355   -1.86117   -1.54188   -1.47094   -1.26798
   1356.58     85000   -0.61900   -2.38502   -1.74388   -1.77161   -1.42013
   1380.38     90000   -0.70242   -2.23573   -1.63142   -1.66532   -1.38943
   1404.17     95000   -0.66127   -1.97304   -1.54372   -1.64916   -1.33184
   1427.96    100000   -0.67570   -2.06903   -1.69080   -1.75952   -1.42464
   1451.76      5000   -0.77955   -2.29907   -1.89052   -1.79235   -1.53345
   1475.56     10000   -1.02279   -2.17120   -2.00928   -1.87034   -1.65811
   1499.36     15000   -1.07306   -2.28509   -2.35460   -2.14693   -1.80352
   1523.16     20000   -1.13777   -2.40245   -2.28595   -2.28307   -1.85307
   1546.96     25000   -1.19540   -2.26119   -2.09309   -2.08878   -1.82511
   1570.77     30000   -1.14504   -2.27937   -2.20513   -2.19082   -1.84365
   1594.57     35000   -1.18424   -2.60802   -2.54746   -2.59051   -1.91450
   1618.37     40000   -1.26895   -2.45166   -2.29434   -2.25148   -1.95285
   1642.18     45000   -1.33445   -2.40444   -2.27830   -2.25156   -2.00137
   1665.95     50000   -1.36470   -2.61927   -2.57802   -2.59671   -2.09201
   1689.73     55000   -1.43417   -2.75321   -2.64223   -2.61251   -2.14311
   1713.50     60000   -1.50841   -2.57617   -2.41753   -2.40219   -2.14021
   1737.28     65000   -1.47865   -2.59926   -2.52778   -2.52955   -2.17727
   1761.08     70000   -1.52074   -2.86250   -2.89301   -2.92746   -2.25066
   1784.88     75000   -1.59872   -2.78567   -2.60636   -2.58505   -2.27914
   1808.69     80000   -1.64507   -2.70993   -2.58675   -2.56402   -2.31188
   1832.49     85000   -1.66608   -2.89967   -2.89318   -2.88692   -2.39250
   1856.27     90000   -1.73395   -3.09469   -2.94468   -2.92635   -2.44486
   1880.07     95000   -1.81524   -2.89124   -2.72781   -2.70146   -2.44757
   1903.87    100000   -1.79285   -2.91819   -2.83623   -2.82584   -2.48939
   1927.67      5000   -1.83539   -3.18483   -3.21458   -3.24787   -2.56394
   1951.46     10000   -1.90956   -3.11154   -2.93042   -2.90411   -2.59055
   1975.26     15000   -1.95271   -3.02247   -2.88759   -2.86935   -2.61605
   1999.07     20000   -1.96644   -3.18506   -3.17245   -3.17428   -2.69118
   2022.86     25000   -2.03430   -3.38857   -3.26240   -3.24924   -2.74679
   2046.66     30000   -2.11635   -3.20158   -3.03110   -3.00931   -2.75278
   2070.46     35000   -2.10139   -3.21987   -3.13165   -3.11797   -2.79516
   2094.26     40000   -2.14201   -3.48548   -3.52354   -3.55293   -2.87124
   2118.06     45000   -2.21427   -3.43582   -3.25044   -3.22486   -2.89868
   2141.87     50000   -2.26062   -3.32965   -3.19091   -3.16962   -2.91948
   2165.65     55000   -2.26897   -3.48109   -3.45423   -3.45445   -2.99105
   2189.44     60000   -2.33498   -3.69814   -3.58750   -3.57305   -3.04980
   2213.24     65000   -2.41676   -3.51081   -3.33908   -3.31621   -3.05772
   2237.05     70000   -2.40812   -3.52021   -3.42357   -3.41076   -3.09879
   2260.85     75000   -2.44669   -3.77408   -3.81983   -3.84767   -3.17581
   2284.66     80000   -2.51643   -3.75371   -3.57013   -3.54643   -3.20549
   2308.46     85000   -2.56834   -3.63437   -3.49232   -3.47169   -3.22294
   2332.26     90000   -2.57131   -3.77081   -3.73690   -3.73444   -3.29152
   2356.03     95000   -2.63619   -4.00827   -3.91266   -3.90227   -3.35338
   2379.81    100000   -2.71762   -3.82176   -3.64844   -3.62457   -3.36271
   2403.58      5000   -2.71415   -3.81948   -3.71741   -3.70273   -3.40161
   2427.36     10000   -2.74919   -4.06602   -4.10894   -4.13527   -3.47916
   2451.13     15000   -2.81876   -4.07262   -3.89148   -3.86739   -3.51168
   2474.91     20000   -2.87715   -3.94033   -3.79481   -3.77398   -3.52667
   2498.68     25000   -2.87424   -4.06193   -4.01971   -4.01639   -3.59245
   2522.46     30000   -2.93774   -4.31312   -4.23885   -4.23250   -3.65718
   2546.23     35000   -3.01689   -4.13424   -3.95861   -3.93481   -3.66789
   2570.01     40000   -3.02020   -4.11866   -4.01163   -3.99603   -3.70417
   2593.80     45000   -3.05197   -4.35499   -4.39406   -4.41731   -3.78184
   2617.57     50000   -3.12169   -4.39219   -4.21315   -4.18965   -3.81755
   2641.34     55000   -3.18670   -4.24719   -4.09822   -4.07676   -3.83063
   2665.10     60000   -3.17845   -4.35473   -4.30431   -4.29914   -3.89368
   2688.86     65000   -3.24019   -4.61728   -4.56423   -4.56255   -3.96101
   2712.66     70000   -3.31662   -4.44799   -4.27020   -4.24607   -3.97325
   2736.44     75000   -3.32589   -4.41900   -4.30676   -4.29043   -4.00675
   2760.21     80000   -3.35386   -4.64356   -4.67593   -4.69599   -4.08413
   2783.98     85000   -3.42389   -4.71084   -4.53577   -4.51303   -4.12321
   2807.76     90000   -3.49631   -4.55477   -4.40222   -4.38048   -4.13478
   2831.53     95000   -3.48323   -4.64821   -4.59008   -4.58321   -4.19506
   2855.31    100000   -3.54142   -4.91862   -4.88749   -4.89130   -4.26476
   2879.09      5000   -3.61738   -4.76263   -4.58280   -4.55849   -4.27872
   2902.86     10000   -3.63185   -4.72004   -4.60292   -4.58579   -4.30940
   2926.64     15000   -3.65651   -4.93254   -4.95617   -4.97266   -4.38618
   2950.41     20000   -3.72628   -5.02908   -4.85950   -4.83752   -4.42871
   2974.19     25000   -3.80619   -4.86303   -4.70707   -4.68498   -4.43912
   2997.97     30000   -3.78856   -4.94259   -4.87696   -4.86864   -4.49657
   3021.74     35000   -3.84356   -5.21715   -5.20748   -5.21701   -4.56834
   3045.52     40000   -3.91912   -5.07793   -4.89643   -4.87205   -4.58429
   3069.29     45000   -3.93878   -5.02172   -4.89998   -4.88218   -4.61219
   3093.07     50000   -3.95857   -5.22154   -5.23566   -5.24856   -4.68805
   3116.85     55000   -4.02872   -5.34664   -5.18425   -5.16333   -4.73406
   3140.62     60000   -4.11558   -5.17195   -5.01275   -4.99031   -4.74363
   3164.41     65000   -4.09331   -5.23771   -5.16503   -5.15532   -4.79816
   3188.21     70000   -4.14579   -5.51344   -5.52292   -5.53809   -4.87174
   3212.01     75000   -4.21910   -5.39394   -5.21113   -5.18667   -4.88993
   3235.81     80000   -4.24586   -5.32413   -5.19795   -5.17954   -4.91514
   3259.60     85000   -4.26160   -5.51086   -5.51503   -5.52458   -4.98978
   3283.39     90000   -4.33005   -5.66317   -5.51002   -5.49045   -5.03925
   3307.19     95000   -4.42022   -5.48159   -5.31927   -5.29651   -5.04830
   3330.99    100000   -4.39811   -5.53357   -5.45421   -5.44325   -5.09985
   3354.76      5000   -4.44762   -5.80757   -5.83282   -5.85297   -5.17493
   3378.53     10000   -4.51985   -5.71062   -5.52689   -5.50242   -5.19561
   3402.29     15000   -4.55197   -5.62725   -5.49683   -5.47784   -5.21825
   3426.06     20000   -4.56483   -5.80065   -5.79480   -5.80122   -5.29141
   3449.83     25000   -4.63237   -5.97840   -5.83671   -5.81885   -5.34429
   3473.59     30000   -4.72232   -5.79198   -5.62665   -5.60359   -5.35313
   3497.36     35000   -4.70391   -5.83018   -5.74448   -5.73238   -5.40165
   3521.12     40000   -4.75010   -6.09991   -6.13658   -6.16044   -5.47791
   3544.89     45000   -4.82138   -6.02789   -5.84372   -5.81930   -5.50131
   3568.65     50000   -4.85909   -5.93112   -5.79658   -5.77706   -5.52155
   3592.42     55000   -4.86839   -6.09098   -6.07527   -6.07884   -5.59298
   3616.19     60000   -4.93567   -6.29193   -6.16411   -6.14844   -5.64915
   3639.96     65000   -5.02150   -6.10312   -5.93491   -5.91157   -5.65810
   3663.72     70000   -5.00974   -6.12755   -6.03583   -6.02269   -5.70356
   3687.49     75000   -5.05174   -6.39086   -6.43418   -6.46005   -5.78068
   3711.25     80000   -5.12254   -6.34566   -6.16165   -6.13737   -5.80702
   3735.02     85000   -5.16704   -6.23571   -6.09721   -6.07718   -5.82502
   3758.78     90000   -5.17294   -6.38192   -6.35667   -6.35766   -5.89449
   3782.55     95000   -5.23824   -6.60340   -6.49193   -6.47899   -5.95382
   3806.32    100000   -5.32163   -6.41500   -6.24405   -6.22046   -5.96321
   3830.08      5000   -5.31523   -6.42566   -6.32822   -6.31411   -6.00559
   3853.45     10000   -5.35408   -6.68078   -6.72615   -6.75225   -6.08326
   3876.70     15000   -5.42330   -6.66382   -6.48072   -6.45665   -6.11270
   3899.93     20000   -5.47496   -6.54103   -6.39871   -6.37820   -6.12867
   3923.51     25000   -5.47602   -6.67353   -6.63913   -6.63778   -6.19597
   3947.27     30000   -5.54071   -6.91250   -6.81972   -6.81015   -6.25830
   3970.93     35000   -5.62277   -6.72763   -6.55410   -6.53028   -6.26845
   3994.70     40000   -5.62065   -6.72452   -6.62162   -6.60663   -6.30775
   4017.99     45000   -5.65571   -6.97000   -7.01344   -7.03821   -6.38565
   4040.92     50000   -5.72507   -6.98223   -6.80093   -6.77719   -6.41835
   4063.93     55000   -5.78392   -6.84709   -6.70106   -6.68011   -6.43250
   4086.92     60000   -5.77964   -6.96582   -6.92270   -6.91928   -6.49745
   4109.42     65000   -5.84277   -7.21897   -7.14686   -7.14136   -6.56258
   4132.14     70000   -5.92189   -7.04099   -6.86508   -6.84106   -6.57380
   4154.65     75000   -5.92661   -7.02411   -6.91601   -6.90021   -6.61006
   4176.87     80000   -5.95790   -7.25882   -7.29719   -7.31951   -6.68787
   4199.07     85000   -6.02782   -7.30074   -7.12231   -7.09903   -6.72394
   4221.26     90000   -6.09339   -7.15387   -7.00426   -6.98289   -6.73652
   4243.45     95000   -6.08426   -7.25884   -7.20744   -7.20214   -6.79894
   4265.65    100000   -6.14546   -7.52270   -7.47252   -7.47181   -6.86663
   4287.85      5000   -6.22184   -7.35510   -7.17700   -7.15280   -6.87925
   4310.03     10000   -6.23207   -7.32444   -7.21136   -7.19481   -6.91252
   4331.91     15000   -6.25970   -7.54750   -7.57855   -7.59774   -6.98993
   4353.83     20000   -6.32964   -7.61913   -7.44485   -7.42220   -7.02945
   4375.85     25000   -6.40315   -7.46139   -7.30832   -7.28656   -7.04071
   4398.01     30000   -6.38915   -7.55259   -7.49335   -7.48637   -7.10046
   4419.74     35000   -6.44683   -7.82368   -7.79569   -7.80038   -7.17047
   4441.25     40000   -6.52280   -7.66992   -7.48988   -7.46555   -7.18478
   4462.67     45000   -6.53813   -7.62550   -7.50765   -7.49041   -7.21514
   4484.06     50000   -6.56214   -7.83625   -7.85851   -7.87429   -7.29185
   4505.48     55000   -6.63208   -7.93715   -7.76856   -7.74674   -7.33487
   4526.97     60000   -6.71296   -7.76965   -7.61323   -7.59110   -7.34507
   4548.50     65000   -6.69468   -7.84708   -7.78043   -7.77192   -7.40203
   4570.02     70000   -6.74919   -8.12202   -8.11522   -8.12564   -7.47409
   4591.53     75000   -6.82431   -7.98543   -7.80375   -7.77933   -7.49038
   4613.03     80000   -6.84519   -7.92729   -7.80487   -7.78697   -7.51793
   4634.44     85000   -6.86429   -8.12524   -8.13789   -8.15022   -7.59364
   4655.88     90000   -6.93418   -8.25450   -8.09339   -8.07265   -7.64016
   4677.25     95000   -7.02205   -8.07865   -7.91899   -7.89652   -7.64961
   4698.55    100000   -6.99922   -8.14231   -8.06865   -8.05877   -7.70367
   4720.42      5000   -7.05125   -8.41796   -8.42997   -8.44597   -7.77748
   4741.87     10000   -7.12446   -8.30161   -8.11864   -8.09417   -7.79604
   4763.44     15000   -7.15199   -8.22981   -8.10300   -8.08449   -7.82089
   4784.94     20000   -7.16744   -8.41462   -8.41729   -8.42632   -7.89534
   4806.39     25000   -7.23564   -8.57085   -8.41927   -8.39992   -7.94531
   4827.80     30000   -7.32576   -8.38840   -8.22562   -8.20282   -7.95430
   4849.34     35000   -7.30419   -8.43830   -8.35799   -8.34687   -8.00539
   4870.83     40000   -7.35324   -8.71181   -8.73902   -8.75984   -8.08065
   4892.52     45000   -7.42530   -8.61841   -8.43458   -8.41011   -8.10173
   4914.35     50000   -7.45825   -8.53306   -8.40201   -8.38294   -8.12402
   4935.70     55000   -7.47059   -8.70447   -8.69714   -8.70310   -8.19695
   4957.15     60000   -7.53809   -8.88583   -8.74605   -8.72849   -8.25031
   4978.51     65000   -7.62745   -8.69889   -8.53312   -8.51002   -8.25915
   4999.89     70000   -7.61014   -8.73503   -8.64842   -8.63617   -8.30721
   5021.22     75000   -7.65556   -9.00393   -9.04187   -9.06617   -8.38361
   5042.66     80000   -7.72698   -8.93578   -8.75158   -8.72718   -8.40744
   5064.03     85000   -7.76552   -8.83704   -8.70190   -8.68230   -8.42734
   5085.57     90000   -7.77430   -8.99488   -8.97774   -8.98090   -8.49850
   5106.97     95000   -7.84154   -9.19907   -9.07352   -9.05822   -8.55515
   5128.42    100000   -7.92674   -9.01013   -8.84150   -8.81813   -8.56414
   5149.80      5000   -7.91578   -9.03251   -8.93992   -8.92664   -8.60913
   5171.22     10000   -7.95736   -9.29471   -9.33860   -9.36463   -8.68636
MyID= 0: Time=  0.1,has convergenced
     1683762 iterations for the convertgence of psi
 MyID=           0 has finish
