 START-UP FOR CHUNK...
     23.43      5000   -0.54816   -2.00067   -1.85938   -1.77466   -1.27933
     46.76     10000   -0.64662   -2.18286   -1.71544   -1.78936   -1.44543
     70.11     15000   -0.59544   -2.25099   -1.61283   -1.66393   -1.42414
     93.44     20000   -0.50293   -2.03705   -1.51452   -1.50695   -1.33634
    116.77     25000   -0.43662   -1.64971   -1.46186   -1.44749   -1.24253
    140.10     30000   -0.40351   -1.69718   -1.61813   -1.60479   -1.20665
    163.43     35000   -0.45499   -1.95047   -1.82737   -1.96525   -1.33641
    186.76     40000   -0.66002   -1.90437   -1.81248   -1.79655   -1.44482
    210.09     45000   -0.86330   -1.95208   -1.81347   -1.83746   -1.54223
    233.42     50000   -0.93577   -2.24274   -2.14494   -2.11513   -1.66583
    256.75     55000   -1.01560   -2.40692   -2.38069   -2.39149   -1.78817
    280.09     60000   -1.11227   -2.32161   -2.09942   -2.11716   -1.81689
    303.42     65000   -1.15466   -2.18050   -2.05583   -2.02680   -1.79704
    326.76     70000   -1.12506   -2.31922   -2.25349   -2.20488   -1.83027
    350.10     75000   -1.17708   -2.58623   -2.63227   -2.52904   -1.92502
    373.43     80000   -1.30542   -2.41362   -2.34559   -2.30135   -1.98678
    396.76     85000   -1.41194   -2.40430   -2.29438   -2.28694   -2.02217
    420.09     90000   -1.41727   -2.63706   -2.54940   -2.53188   -2.09702
    443.42     95000   -1.48608   -2.83912   -2.93140   -2.85620   -2.20312
    466.75    100000   -1.60017   -2.69274   -2.54974   -2.56024   -2.25411
 ITERATION...
    490.09      5000   -1.63631   -2.65392   -2.52040   -2.50661   -2.26025
    513.42     10000   -1.63067   -2.84270   -2.77227   -2.71441   -2.31191
    536.76     15000   -1.69370   -3.10500   -3.15044   -3.06242   -2.40912
    560.10     20000   -1.81561   -2.89472   -2.78898   -2.76239   -2.46632
    583.44     25000   -1.85796   -2.88331   -2.77017   -2.74858   -2.49158
    606.79     30000   -1.88112   -3.11661   -3.04432   -3.00995   -2.55961
    630.12     35000   -1.95146   -3.30867   -3.35993   -3.28445   -2.65958
    653.45     40000   -2.06721   -3.11663   -2.99662   -2.99338   -2.70849
    676.78     45000   -2.08163   -3.12226   -2.99459   -2.98376   -2.72454
    700.10     50000   -2.10421   -3.35338   -3.29084   -3.23718   -2.78792
    723.41     55000   -2.17682   -3.54820   -3.55329   -3.50085   -2.88533
    746.72     60000   -2.29514   -3.34716   -3.22583   -3.21209   -2.93349
    770.03     65000   -2.30905   -3.36179   -3.24567   -3.22224   -2.95706
    793.34     70000   -2.34268   -3.61713   -3.56689   -3.51367   -3.02857
    816.66     75000   -2.42123   -3.76385   -3.74973   -3.69738   -3.12580
    840.00     80000   -2.53539   -3.56338   -3.44403   -3.43297   -3.16787
    863.33     85000   -2.53620   -3.59599   -3.47624   -3.46104   -3.18963
    886.66     90000   -2.57223   -3.86087   -3.82056   -3.76286   -3.26191
    910.00     95000   -2.65513   -3.97484   -3.94454   -3.90937   -3.35727
    933.33    100000   -2.76837   -3.79494   -3.66993   -3.66040   -3.39670
    956.67      5000   -2.76575   -3.84058   -3.72501   -3.70285   -3.42257
    980.02     10000   -2.80728   -4.12236   -4.10129   -4.03223   -3.49997
   1003.38     15000   -2.89573   -4.19741   -4.13872   -4.10734   -3.59385
   1026.71     20000   -3.00499   -4.01781   -3.89371   -3.88080   -3.62871
   1050.05     25000   -2.99512   -4.07695   -3.96284   -3.94227   -3.65573
   1073.37     30000   -3.03960   -4.37020   -4.36273   -4.29034   -3.73545
   1096.72     35000   -3.13259   -4.40304   -4.34167   -4.31515   -3.82680
   1120.04     40000   -3.23940   -4.24682   -4.12107   -4.11093   -3.85872
   1143.35     45000   -3.22681   -4.32259   -4.21049   -4.18802   -3.88909
   1166.66     50000   -3.27314   -4.62793   -4.64427   -4.55878   -3.97256
   1189.97     55000   -3.37214   -4.62203   -4.53831   -4.51854   -4.06151
   1213.28     60000   -3.47457   -4.47484   -4.34730   -4.33466   -4.09003
   1236.59     65000   -3.45768   -4.56324   -4.45368   -4.42899   -4.12289
   1259.90     70000   -3.50623   -4.87879   -4.91278   -4.81850   -4.20890
   1283.22     75000   -3.60976   -4.83252   -4.74699   -4.72683   -4.29456
   1306.53     80000   -3.70931   -4.70391   -4.57755   -4.56568   -4.32052
   1329.84     85000   -3.68899   -4.80929   -4.70257   -4.67756   -4.35676
   1353.15     90000   -3.74093   -5.13088   -5.18975   -5.08484   -4.44569
   1376.46     95000   -3.84910   -5.04776   -4.94891   -4.93427   -4.52813
   1399.77    100000   -3.94382   -4.93429   -4.80569   -4.79305   -4.55173
   1423.08      5000   -3.92112   -5.05356   -4.94949   -4.92139   -4.59112
   1446.39     10000   -3.97403   -5.38012   -5.45669   -5.34051   -4.68228
   1469.70     15000   -4.08653   -5.26302   -5.16109   -5.14562   -4.76079
   1493.01     20000   -4.17822   -5.16528   -5.03855   -5.02521   -4.78255
   1516.33     25000   -4.15336   -5.30086   -5.20119   -5.17213   -4.82554
   1539.64     30000   -4.20851   -5.62517   -5.71757   -5.59756   -4.91889
   1562.95     35000   -4.32525   -5.47795   -5.36869   -5.35626   -4.99353
   1586.26     40000   -4.40689   -5.39704   -5.26897   -5.25555   -5.01389
   1609.57     45000   -4.38654   -5.54775   -5.45139   -5.41944   -5.06041
   1632.89     50000   -4.44414   -5.86694   -5.96538   -5.84198   -5.15540
   1656.23     55000   -4.56266   -5.69602   -5.58368   -5.57109   -5.22565
   1679.57     60000   -4.62935   -5.63030   -5.50394   -5.48941   -5.24505
   1702.91     65000   -4.62119   -5.79699   -5.70660   -5.67246   -5.29536
   1726.25     70000   -4.68073   -6.10327   -6.19530   -6.08116   -5.39179
   1749.57     75000   -4.79978   -5.91292   -5.79618   -5.78486   -5.45773
   1772.90     80000   -4.85213   -5.86360   -5.73693   -5.72219   -5.47667
   1796.22     85000   -4.85358   -6.04605   -5.96044   -5.92334   -5.53071
   1819.55     90000   -4.91742   -6.33453   -6.41330   -6.30861   -5.62801
   1842.88     95000   -5.03618   -6.13288   -6.01394   -6.00277   -5.68934
   1866.22    100000   -5.07656   -6.09891   -5.97383   -5.95807   -5.70824
   1889.56      5000   -5.08695   -6.29742   -6.21953   -6.17910   -5.76615
   1912.90     10000   -5.15363   -6.56128   -6.61516   -6.52823   -5.86407
   1936.23     15000   -5.27292   -6.35240   -6.23045   -6.21970   -5.92091
   1959.56     20000   -5.30221   -6.33411   -6.20945   -6.19312   -5.94024
   1982.90     25000   -5.32133   -6.54857   -6.47767   -6.43351   -6.00193
   2006.24     30000   -5.39008   -6.78316   -6.81448   -6.74081   -6.09987
   2029.57     35000   -5.50881   -6.57419   -6.45097   -6.44029   -6.15210
   2052.91     40000   -5.52825   -6.57131   -6.44835   -6.43109   -6.17227
   2076.25     45000   -5.55423   -6.80188   -6.74101   -6.69239   -6.23779
   2099.59     50000   -5.62787   -7.00192   -7.00591   -6.94790   -6.33545
   2122.92     55000   -5.74521   -6.79622   -6.67084   -6.66025   -6.38329
   2146.24     60000   -5.75547   -6.80859   -6.68657   -6.66844   -6.40471
   2169.57     65000   -5.78703   -7.05492   -7.00406   -6.95028   -6.47394
   2192.90     70000   -5.86514   -7.21783   -7.20113   -7.15311   -6.57072
   2216.24     75000   -5.98057   -7.02001   -6.89402   -6.88328   -6.61420
   2239.57     80000   -5.98413   -7.04767   -6.92765   -6.90854   -6.63725
   2262.90     85000   -6.02100   -7.30967   -7.27207   -7.21234   -6.71015
   2286.24     90000   -6.10370   -7.43187   -7.39368   -7.35592   -6.80571
   2309.59     95000   -6.21655   -7.24431   -7.11686   -7.10606   -6.84515
   2332.93    100000   -6.21305   -7.28708   -7.16848   -7.14827   -6.87019
   2356.26      5000   -6.25376   -7.56395   -7.54034   -7.47339   -6.94658
   2379.60     10000   -6.34161   -7.64516   -7.59151   -7.55993   -7.04035
   2402.93     15000   -6.45158   -7.47016   -7.34253   -7.33140   -7.07592
   2426.26     20000   -6.44307   -7.52812   -7.41193   -7.39057   -7.10327
   2449.59     25000   -6.48750   -7.81914   -7.81294   -7.73799   -7.18305
   2472.93     30000   -6.58034   -7.85761   -7.78893   -7.76341   -7.27469
   2496.26     35000   -6.68704   -7.69661   -7.56810   -7.55678   -7.30678
   2519.59     40000   -6.67423   -7.76966   -7.65546   -7.63279   -7.33672
   2542.92     45000   -6.72041   -8.07324   -8.08560   -8.00101   -7.41966
   2566.26     50000   -6.81871   -8.07060   -7.99121   -7.96930   -7.50863
   2589.59     55000   -6.92163   -7.92450   -7.79611   -7.78436   -7.53754
   2612.92     60000   -6.90557   -8.01276   -7.90150   -7.87743   -7.57036
   2636.26     65000   -6.95381   -8.32699   -8.36065   -8.26599   -7.65628
   2659.59     70000   -7.05720   -8.28354   -8.19398   -8.17554   -7.74227
   2682.93     75000   -7.15684   -8.15301   -8.02424   -8.01216   -7.76844
   2706.26     80000   -7.13658   -8.25648   -8.14791   -8.12226   -7.80435
   2729.60     85000   -7.18844   -8.57846   -8.63340   -8.52771   -7.89295
   2752.93     90000   -7.29588   -8.49759   -8.40080   -8.38444   -7.97551
   2776.26     95000   -7.39112   -8.38290   -8.25450   -8.24191   -7.99932
   2799.60    100000   -7.36887   -8.50171   -8.39681   -8.36941   -8.03854
   2822.93      5000   -7.42155   -8.82784   -8.90303   -8.78812   -8.12958
   2846.27     10000   -7.53386   -8.71211   -8.60847   -8.59407   -8.20846
   2869.58     15000   -7.62573   -8.61344   -8.48507   -8.47203   -8.23038
   2892.88     20000   -7.60089   -8.74765   -8.64637   -8.61701   -8.27306
   2916.18     25000   -7.65589   -9.07336   -9.16387   -9.04201   -8.36619
   2939.50     30000   -7.77229   -8.92795   -8.81946   -8.80621   -8.44103
   2962.83     35000   -7.85538   -8.84528   -8.71754   -8.70391   -8.46149
   2986.16     40000   -7.83412   -8.99508   -8.89845   -8.86690   -8.50779
   3009.49     45000   -7.89145   -9.31495   -9.41199   -9.28987   -8.60269
MyID= 0: Time=  0.1,has convergenced
     1683354 iterations for the convertgence of psi
 MyID=           0 has finish
