 START-UP FOR CHUNK...
     23.44      5000   -0.64748   -2.04260   -2.27104   -2.36664   -1.29294
     46.78     10000   -0.87656   -2.11719   -2.28613   -2.36754   -1.53960
     70.12     15000   -0.94933   -2.20927   -2.17731   -2.22425   -1.65800
     93.47     20000   -0.93578   -2.60701   -2.02114   -2.02286   -1.68765
    116.81     25000   -0.84298   -2.29573   -1.81869   -1.81568   -1.60173
    140.15     30000   -0.70614   -2.01597   -1.60695   -1.61522   -1.43948
    163.49     35000   -0.57775   -1.74301   -1.46563   -1.46660   -1.27023
    186.84     40000   -0.47001   -1.61935   -1.50440   -1.48293   -1.16645
    210.18     45000   -0.48205   -1.81195   -1.83527   -1.92809   -1.20644
    233.52     50000   -0.57604   -1.84756   -1.71430   -1.68527   -1.29661
    256.87     55000   -0.76771   -1.83169   -1.68515   -1.66330   -1.40031
    280.21     60000   -0.83770   -2.07463   -1.99535   -1.97295   -1.53792
    303.55     65000   -0.91203   -2.24466   -2.22558   -2.23892   -1.61875
    326.89     70000   -0.93256   -2.05545   -1.86920   -1.85624   -1.58954
    350.23     75000   -0.89217   -1.96482   -1.84640   -1.82110   -1.55415
    373.58     80000   -0.87163   -2.12108   -2.15783   -2.15314   -1.59347
    396.92     85000   -0.94574   -2.23588   -2.14511   -2.12006   -1.65597
    420.26     90000   -1.07354   -2.11356   -1.97752   -1.95480   -1.69869
    443.60     95000   -1.09624   -2.24897   -2.16099   -2.14423   -1.78450
    466.95    100000   -1.16103   -2.50424   -2.60621   -2.61534   -1.87647
 ITERATION...
    490.29      5000   -1.21887   -2.38318   -2.22041   -2.20455   -1.88984
    513.63     10000   -1.22788   -2.29383   -2.16741   -2.14543   -1.88247
    536.97     15000   -1.21954   -2.44237   -2.44946   -2.44107   -1.93534
    560.32     20000   -1.29058   -2.61112   -2.54341   -2.53221   -2.00255
    583.66     25000   -1.39161   -2.45830   -2.31241   -2.28826   -2.02970
    607.00     30000   -1.40744   -2.52989   -2.43389   -2.41318   -2.08923
    630.34     35000   -1.45712   -2.78870   -2.90353   -2.90922   -2.17813
    653.69     40000   -1.52815   -2.72631   -2.57676   -2.55873   -2.20934
    677.03     45000   -1.56551   -2.62714   -2.49144   -2.46950   -2.21262
    700.37     50000   -1.55961   -2.76075   -2.73890   -2.72536   -2.26906
    723.72     55000   -1.62577   -2.96220   -2.94097   -2.93761   -2.34052
    747.06     60000   -1.71310   -2.80530   -2.65322   -2.63053   -2.36233
    770.40     65000   -1.72903   -2.83343   -2.72630   -2.70478   -2.40538
    793.74     70000   -1.76731   -3.07658   -3.16760   -3.16522   -2.49025
    817.08     75000   -1.84359   -3.07530   -2.94102   -2.92347   -2.53355
    840.43     80000   -1.90439   -2.95764   -2.81539   -2.79324   -2.54053
    863.77     85000   -1.89307   -3.07012   -3.02143   -3.00440   -2.59511
    887.11     90000   -1.95310   -3.30186   -3.33741   -3.34181   -2.67117
    910.45     95000   -2.03484   -3.15344   -3.00025   -2.97815   -2.69406
    933.80    100000   -2.05663   -3.14503   -3.02804   -3.00631   -2.72576
    957.14      5000   -2.08459   -3.36478   -3.41666   -3.40887   -2.80605
    980.48     10000   -2.16044   -3.42770   -3.31562   -3.29937   -2.85942
   1003.83     15000   -2.24380   -3.28937   -3.14255   -3.12051   -2.86805
   1027.17     20000   -2.22422   -3.37495   -3.30523   -3.28636   -2.91770
   1050.51     25000   -2.27627   -3.62583   -3.71432   -3.72675   -2.99726
   1073.85     30000   -2.35540   -3.50503   -3.35333   -3.33192   -3.02505
   1097.20     35000   -2.38820   -3.46231   -3.33698   -3.31485   -3.04848
   1120.54     40000   -2.40698   -3.65394   -3.66802   -3.65605   -3.12337
   1143.88     45000   -2.48050   -3.78079   -3.70032   -3.68672   -3.18553
   1167.22     50000   -2.56257   -3.62533   -3.47483   -3.45272   -3.19607
   1190.57     55000   -2.55436   -3.68112   -3.59433   -3.57431   -3.23925
   1213.91     60000   -2.59751   -3.93471   -4.04716   -4.06082   -3.32050
   1237.25     65000   -2.67459   -3.85991   -3.71306   -3.69265   -3.35544
   1260.59     70000   -2.72189   -3.78492   -3.65190   -3.62958   -3.37285
   1283.94     75000   -2.73003   -3.94567   -3.92777   -3.91258   -3.44150
   1307.28     80000   -2.80088   -4.12850   -4.09318   -4.08466   -3.51109
   1330.63     85000   -2.88008   -3.96599   -3.81273   -3.79069   -3.52479
   1353.97     90000   -2.88246   -3.99081   -3.88981   -3.86889   -3.56094
   1377.31     95000   -2.91829   -4.23342   -4.33140   -4.33771   -3.64188
   1400.65    100000   -2.99597   -4.21702   -4.08029   -4.06119   -3.68517
   1423.99      5000   -3.05858   -4.11223   -3.97241   -3.95000   -3.69857
   1447.34     10000   -3.05670   -4.24130   -4.19689   -4.17945   -3.76022
   1470.68     15000   -3.12012   -4.46560   -4.48819   -4.48735   -3.83564
   1494.02     20000   -3.19832   -4.31097   -4.15659   -4.13486   -3.85410
   1517.36     25000   -3.21274   -4.30446   -4.19155   -4.17003   -3.88333
   1540.70     30000   -3.23984   -4.52666   -4.58916   -4.58639   -3.96206
   1564.05     35000   -3.31636   -4.57475   -4.45578   -4.43863   -4.01407
   1587.39     40000   -3.39910   -4.44378   -4.29834   -4.27592   -4.02543
   1610.73     45000   -3.38385   -4.54101   -4.47494   -4.45592   -4.07955
   1634.07     50000   -3.43936   -4.78935   -4.86936   -4.87736   -4.15897
   1657.42     55000   -3.51653   -4.65998   -4.50686   -4.48562   -4.18376
   1680.76     60000   -3.54396   -4.62217   -4.49930   -4.47739   -4.20668
   1704.10     65000   -3.56364   -4.81828   -4.84219   -4.83270   -4.28149
   1727.44     70000   -3.63833   -4.93061   -4.84009   -4.82591   -4.34193
   1750.79     75000   -3.72288   -4.77949   -4.62968   -4.60735   -4.35328
   1774.13     80000   -3.71226   -4.84484   -4.76110   -4.74098   -4.39960
   1797.47     85000   -3.75861   -5.09971   -5.21175   -5.22371   -4.48106
   1820.81     90000   -3.83514   -5.01271   -4.86406   -4.84355   -4.51349
   1844.16     95000   -3.87782   -4.94403   -4.81280   -4.79063   -4.53112
   1867.50    100000   -3.88746   -5.11093   -5.10077   -5.08690   -4.60057
   1890.84      5000   -3.95919   -5.28102   -5.23256   -5.22301   -4.66857
   1914.18     10000   -4.04079   -5.11942   -4.96658   -4.94443   -4.68195
   1937.53     15000   -4.04027   -5.15290   -5.05460   -5.03370   -4.72053
   1960.87     20000   -4.07821   -5.39960   -5.50431   -5.51132   -4.80201
   1984.22     25000   -4.15600   -5.36843   -5.22882   -5.20942   -4.84295
   2007.56     30000   -4.21369   -5.27011   -5.13184   -5.10952   -4.85667
   2030.90     35000   -4.21406   -5.40622   -5.36795   -5.35126   -4.91967
   2054.24     40000   -4.27894   -5.62166   -5.62886   -5.62637   -4.99384
   2077.58     45000   -4.35762   -5.46359   -5.30930   -5.28744   -5.01125
   2100.92     50000   -4.37054   -5.46523   -5.35479   -5.33332   -5.04244
   2124.27     55000   -4.39891   -5.69332   -5.76510   -5.76366   -5.12204
   2147.61     60000   -4.47637   -5.72570   -5.60188   -5.58417   -5.17185
   2170.95     65000   -4.55338   -5.60045   -5.45632   -5.43395   -5.18330
   2194.29     70000   -4.54100   -5.70507   -5.64398   -5.62542   -5.23907
   2217.64     75000   -4.59888   -5.94910   -6.01606   -6.02247   -5.31769
   2240.98     80000   -4.67607   -5.81186   -5.65820   -5.63680   -5.34092
   2264.32     85000   -4.70033   -5.78184   -5.66116   -5.63930   -5.36544
   2287.66     90000   -4.72194   -5.98481   -6.01765   -6.00926   -5.44142
   2311.00     95000   -4.79792   -6.08211   -5.98382   -5.96875   -5.49986
   2334.35    100000   -4.88378   -5.93505   -5.78624   -5.76391   -5.51093
   2357.69      5000   -4.86941   -6.00794   -5.92826   -5.90843   -5.55904
   2381.03     10000   -4.91853   -6.26265   -6.37029   -6.38248   -5.64017
   2404.37     15000   -4.99509   -6.16392   -6.01381   -5.99309   -5.67071
   2427.71     20000   -5.03408   -6.10270   -5.97334   -5.95121   -5.68957
   2451.06     25000   -5.04590   -6.27693   -6.27438   -6.26129   -5.76048
   2474.40     30000   -5.11869   -6.43414   -6.37436   -6.36344   -5.82675
   2497.74     35000   -5.20076   -6.27393   -6.12172   -6.09952   -5.83942
   2521.08     40000   -5.19812   -6.31499   -6.22003   -6.19932   -5.87979
   2544.42     45000   -5.23779   -6.56475   -6.67435   -6.68338   -5.96143
   2567.76     50000   -5.31579   -6.51912   -6.37677   -6.35706   -6.00029
   2591.10     55000   -5.36910   -6.42780   -6.29110   -6.26880   -6.01484
   2614.44     60000   -5.37166   -6.57146   -6.53942   -6.52325   -6.07950
   2637.78     65000   -5.43842   -6.77745   -6.77039   -6.76590   -6.15232
   2661.12     70000   -5.51743   -6.61705   -6.46295   -6.44101   -6.16857
   2684.46     75000   -5.52763   -6.62631   -6.51863   -6.49730   -6.20148
   2707.80     80000   -5.55803   -6.85959   -6.94046   -6.94112   -6.28168
   2731.14     85000   -5.63650   -6.87624   -6.74781   -6.72963   -6.32936
   2754.48     90000   -5.70790   -6.75714   -6.61430   -6.59193   -6.34121
   2777.82     95000   -5.69863   -6.86941   -6.81337   -6.79517   -6.39879
   2801.16    100000   -5.75826   -7.10823   -7.16155   -7.16577   -6.47650
   2824.51      5000   -5.83607   -6.96432   -6.81030   -6.78876   -6.49818
   2847.85     10000   -5.85705   -6.94189   -6.82353   -6.80176   -6.52421
   2871.19     15000   -5.88045   -7.15132   -7.19343   -7.18654   -6.60121
   2894.53     20000   -5.95659   -7.23317   -7.12761   -7.11180   -6.65762
   2917.87     25000   -6.04320   -7.09073   -6.94293   -6.92057   -6.66861
   2941.21     30000   -6.02698   -7.17128   -7.09574   -7.07616   -6.71859
   2964.55     35000   -6.07810   -7.42500   -7.52604   -7.53751   -6.79930
   2987.89     40000   -6.15543   -7.31550   -7.16421   -7.14330   -6.82796
   3011.24     45000   -6.19071   -7.26172   -7.13433   -7.11225   -6.84807
   3034.58     50000   -6.20463   -7.44309   -7.44856   -7.43644   -6.92032
   3057.92     55000   -6.27812   -7.58664   -7.51623   -7.50414   -6.98480
   3081.26     60000   -6.36053   -7.42858   -7.27706   -7.25482   -6.99690
   3104.60     65000   -6.35634   -7.47732   -7.38577   -7.36524   -7.03913
   3127.94     70000   -6.39777   -7.72950   -7.84220   -7.85274   -7.12083
   3151.28     75000   -6.47467   -7.67002   -7.52532   -7.50533   -7.15762
   3174.62     80000   -6.52489   -7.58580   -7.45075   -7.42849   -7.17307
   3197.96     85000   -6.52959   -7.73692   -7.71146   -7.69592   -7.23932
   3221.30     90000   -6.59822   -7.93246   -7.91152   -7.90525   -7.31071
   3244.64     95000   -6.67759   -7.77069   -7.61689   -7.59487   -7.32592
   3267.98    100000   -6.68438   -7.78761   -7.68279   -7.66158   -7.36058
   3291.32      5000   -6.71751   -8.02568   -8.11510   -8.11784   -7.44130
   3314.66     10000   -6.79572   -8.02683   -7.89434   -7.87573   -7.48684
   3338.00     15000   -6.86281   -7.91411   -7.77265   -7.75028   -7.49918
   3361.34     20000   -6.85661   -8.03398   -7.98328   -7.96551   -7.55852
   3384.69     25000   -6.91798   -8.26651   -8.30542   -8.30744   -7.63523
   3408.02     30000   -6.99642   -8.11698   -7.96272   -7.94108   -7.65544
   3431.37     35000   -7.01412   -8.10217   -7.98622   -7.96453   -7.68306
   3454.71     40000   -7.03933   -8.31783   -8.36936   -8.36407   -7.76097
   3478.05     45000   -7.11562   -8.38405   -8.27199   -8.25551   -7.81532
   3501.39     50000   -7.20240   -8.24667   -8.09996   -8.07759   -7.82634
   3524.73     55000   -7.18489   -8.33488   -8.26368   -8.24440   -7.87818
   3548.06     60000   -7.23764   -8.58662   -8.67879   -8.68906   -7.95835
   3571.40     65000   -7.31564   -8.46725   -8.31501   -8.29392   -7.98521
   3594.74     70000   -7.34696   -8.42098   -8.29563   -8.27361   -8.00664
   3618.08     75000   -7.36371   -8.60937   -8.62319   -8.61213   -8.08015
   3641.42     80000   -7.43730   -8.73871   -8.65855   -8.64540   -8.14278
   3664.76     85000   -7.52065   -8.58349   -8.43275   -8.41047   -8.15443
   3688.10     90000   -7.51388   -8.63990   -8.55194   -8.53161   -8.19853
   3711.44     95000   -7.55730   -8.89377   -9.00743   -9.01908   -8.28017
   3734.78    100000   -7.63390   -8.82104   -8.67432   -8.65407   -8.31492
   3758.12      5000   -7.68091   -8.74403   -8.61071   -8.58848   -8.33136
   3781.46     10000   -7.68787   -8.90257   -8.88401   -8.86917   -8.39916
   3804.80     15000   -7.75839   -9.08678   -9.05265   -9.04474   -8.46901
   3828.14     20000   -7.83811   -8.92458   -8.77118   -8.74910   -8.48330
   3851.48     25000   -7.84149   -8.94917   -8.84733   -8.82626   -8.51974
   3874.82     30000   -7.87734   -9.19155   -9.28871   -9.29356   -8.60087
   3898.16     35000   -7.95487   -9.17743   -9.04136   -9.02237   -8.64428
MyID= 0: Time=  0.1,has convergenced
     1685746 iterations for the convertgence of psi
 MyID=           0 has finish
