 START-UP FOR CHUNK...
     23.42      5000   -0.59541   -2.02862   -2.03691   -1.98101   -1.28728
     46.74     10000   -0.75009   -2.14546   -1.91758   -1.98535   -1.50012
     70.07     15000   -0.74201   -2.26246   -1.80641   -1.84581   -1.53505
     93.39     20000   -0.65707   -2.31440   -1.65822   -1.65968   -1.46037
    116.72     25000   -0.54483   -1.84757   -1.51437   -1.50405   -1.33590
    140.05     30000   -0.46954   -1.60450   -1.45938   -1.46197   -1.22244
    163.38     35000   -0.42971   -1.77083   -1.70401   -1.66867   -1.21381
    186.70     40000   -0.51867   -1.91797   -1.88921   -2.05109   -1.32813
    210.02     45000   -0.67995   -1.85118   -1.73322   -1.72383   -1.40596
    233.35     50000   -0.84075   -1.96520   -1.84762   -1.81705   -1.51750
    256.68     55000   -0.92958   -2.24541   -2.29996   -2.24733   -1.64789
    280.01     60000   -1.00838   -2.29653   -2.18988   -2.19574   -1.71794
    303.35     65000   -1.04293   -2.09725   -1.94817   -1.93399   -1.69106
    326.68     70000   -1.01223   -2.09062   -1.99939   -1.97036   -1.68010
    350.02     75000   -1.02270   -2.31513   -2.41441   -2.34595   -1.74174
    373.35     80000   -1.11295   -2.32589   -2.27764   -2.24994   -1.80917
    396.68     85000   -1.22299   -2.24799   -2.12304   -2.10497   -1.84330
    420.01     90000   -1.24387   -2.39879   -2.31392   -2.28396   -1.91532
    443.33     95000   -1.30471   -2.65126   -2.83628   -2.78204   -2.01415
    466.65    100000   -1.38574   -2.52403   -2.39434   -2.38556   -2.05202
 ITERATION...
    489.97      5000   -1.41453   -2.45152   -2.32402   -2.30186   -2.04900
    513.31     10000   -1.40589   -2.60976   -2.57186   -2.52986   -2.09759
    536.65     15000   -1.46952   -2.79668   -2.87552   -2.84858   -2.18113
    559.99     20000   -1.56779   -2.64585   -2.52460   -2.50492   -2.21773
    583.33     25000   -1.59509   -2.68138   -2.56258   -2.53874   -2.25331
    606.66     30000   -1.63182   -2.93000   -2.97026   -2.92042   -2.33816
    629.98     35000   -1.71829   -2.96272   -2.90902   -2.89763   -2.41091
    653.31     40000   -1.79362   -2.82767   -2.69399   -2.67717   -2.42153
    676.64     45000   -1.77996   -2.90852   -2.81325   -2.78411   -2.45413
    699.96     50000   -1.82069   -3.17245   -3.32280   -3.26186   -2.53799
    723.29     55000   -1.91581   -3.08064   -2.98123   -2.96608   -2.59443
    746.62     60000   -1.98435   -3.01695   -2.88899   -2.86726   -2.61325
    769.93     65000   -1.98708   -3.18376   -3.12168   -3.08723   -2.67465
    793.25     70000   -2.05140   -3.39980   -3.49973   -3.46709   -2.76289
    816.56     75000   -2.13868   -3.23184   -3.10779   -3.09212   -2.79525
    839.88     80000   -2.15810   -3.22902   -3.11054   -3.08705   -2.81352
    863.21     85000   -2.18034   -3.45180   -3.46122   -3.41754   -2.88523
    886.53     90000   -2.26310   -3.53803   -3.51067   -3.49625   -2.96294
    909.84     95000   -2.35041   -3.39373   -3.26351   -3.24528   -2.98411
    933.16    100000   -2.35118   -3.46717   -3.36490   -3.33737   -3.02134
    956.48      5000   -2.39272   -3.73598   -3.86131   -3.80109   -3.10745
    979.80     10000   -2.48474   -3.67158   -3.57635   -3.56267   -3.16679
   1003.11     15000   -2.55867   -3.58204   -3.45272   -3.43208   -3.17974
   1026.43     20000   -2.54719   -3.72157   -3.65140   -3.61887   -3.23142
   1049.75     25000   -2.60423   -3.96155   -4.09586   -4.05760   -3.31927
   1073.07     30000   -2.69728   -3.80749   -3.68656   -3.67100   -3.35906
   1096.41     35000   -2.72836   -3.79036   -3.66774   -3.64463   -3.37866
   1119.74     40000   -2.74828   -3.99979   -3.98760   -3.94607   -3.44916
   1143.08     45000   -2.82677   -4.12519   -4.12275   -4.10696   -3.53015
   1166.42     50000   -2.91294   -3.96860   -3.83763   -3.82012   -3.55231
   1189.76     55000   -2.91610   -4.02010   -3.91259   -3.88599   -3.58307
   1213.10     60000   -2.95260   -4.27939   -4.37352   -4.31818   -3.66573
   1236.43     65000   -3.04381   -4.25268   -4.16952   -4.15618   -3.73071
   1259.76     70000   -3.12866   -4.14896   -4.01749   -3.99754   -3.74560
   1283.09     75000   -3.11412   -4.27231   -4.19076   -4.15958   -3.79411
   1306.41     80000   -3.16636   -4.52715   -4.68640   -4.63601   -3.88252
   1329.73     85000   -3.25919   -4.38808   -4.27130   -4.25653   -3.92681
   1353.04     90000   -3.29973   -4.35197   -4.22645   -4.20406   -3.94333
   1376.36     95000   -3.31245   -4.54380   -4.51229   -4.47362   -4.00894
   1399.69    100000   -3.38551   -4.70372   -4.73385   -4.71546   -4.09272
   1423.02      5000   -3.47320   -4.54130   -4.41171   -4.39474   -4.11900
   1446.36     10000   -3.48286   -4.57612   -4.46304   -4.43746   -4.14665
   1469.69     15000   -3.51575   -4.82619   -4.88803   -4.83583   -4.22692
   1493.03     20000   -3.60591   -4.83669   -4.76913   -4.75578   -4.29653
   1516.36     25000   -3.68971   -4.71702   -4.58525   -4.56602   -4.31209
   1539.70     30000   -3.67870   -4.82210   -4.73214   -4.70244   -4.35566
   1563.03     35000   -3.72669   -5.08607   -5.24890   -5.19205   -4.44347
   1586.37     40000   -3.82010   -4.96749   -4.85696   -4.84268   -4.49322
   1609.70     45000   -3.87182   -4.91398   -4.78638   -4.76467   -4.50853
   1633.02     50000   -3.87771   -5.08907   -5.04113   -5.00474   -4.56999
   1656.33     55000   -3.94585   -5.28121   -5.34879   -5.32487   -4.65593
   1679.65     60000   -4.03513   -5.11617   -4.98904   -4.97264   -4.68619
   1702.97     65000   -4.05009   -5.13273   -5.01598   -4.99134   -4.71023
   1726.31     70000   -4.07857   -5.37032   -5.40294   -5.35518   -4.78722
   1749.64     75000   -4.16541   -5.42010   -5.37091   -5.35738   -4.86127
   1772.96     80000   -4.25043   -5.28593   -5.15416   -5.13553   -4.87870
   1796.28     85000   -4.24411   -5.37305   -5.27590   -5.24740   -4.91791
   1819.62     90000   -4.28807   -5.64058   -5.78957   -5.72924   -5.00461
   1842.94     95000   -4.38125   -5.54908   -5.44642   -5.43251   -5.05967
   1866.27    100000   -4.44532   -5.47768   -5.34865   -5.32760   -5.07403
   1889.59      5000   -4.44331   -5.63496   -5.57377   -5.53951   -5.13093
   1912.92     10000   -4.50572   -5.85440   -5.95956   -5.92865   -5.21835
   1936.25     15000   -4.59567   -5.69229   -5.56794   -5.55209   -5.25323
   1959.58     20000   -4.61938   -5.69078   -5.57058   -5.54675   -5.27431
   1982.91     25000   -4.64359   -5.91388   -5.92086   -5.87659   -5.34773
   2006.24     30000   -4.72578   -6.00354   -5.97744   -5.96298   -5.42569
   2029.57     35000   -4.81113   -5.85671   -5.72540   -5.70734   -5.44552
   2052.90     40000   -4.81044   -5.92564   -5.82242   -5.79505   -5.48042
   2076.23     45000   -4.85071   -6.19105   -6.31332   -6.25447   -5.56538
   2099.55     50000   -4.94282   -6.13151   -6.03837   -6.02485   -5.62572
   2122.90     55000   -5.01974   -6.04277   -5.91242   -5.89201   -5.63989
   2146.23     60000   -5.00851   -6.18211   -6.10944   -6.07691   -5.69221
   2169.56     65000   -5.06541   -6.42311   -6.56214   -6.52131   -5.78042
   2192.90     70000   -5.15775   -6.27009   -6.14950   -6.13419   -5.82021
   2216.22     75000   -5.18910   -6.25045   -6.12736   -6.10430   -5.83875
   2239.55     80000   -5.20766   -6.45768   -6.44275   -6.40167   -5.90825
   2262.87     85000   -5.28575   -6.58557   -6.58716   -6.57106   -5.98957
   2286.20     90000   -5.37236   -6.42882   -6.29834   -6.28087   -6.01249
   2309.53     95000   -5.37672   -6.47965   -6.37104   -6.34468   -6.04335
   2332.87    100000   -5.41310   -6.73852   -6.82891   -6.77334   -6.12602
   2356.19      5000   -5.50422   -6.71487   -6.63392   -6.62061   -6.19141
   2379.52     10000   -5.58837   -6.60938   -6.47818   -6.45839   -6.20604
   2402.86     15000   -5.57411   -6.73066   -6.64829   -6.61733   -6.25375
   2426.20     20000   -5.62568   -6.98677   -7.14673   -7.09610   -6.34206
   2449.53     25000   -5.71891   -6.84915   -6.73334   -6.71856   -6.38705
   2472.85     30000   -5.76079   -6.81147   -6.68589   -6.66356   -6.40359
   2496.19     35000   -5.77302   -7.00192   -6.96834   -6.92994   -6.46890
   2519.52     40000   -5.84541   -7.16554   -7.20012   -7.18086   -6.55296
   2542.85     45000   -5.93315   -7.00243   -6.87343   -6.85652   -6.57954
   2566.17     50000   -5.94319   -7.03514   -6.92196   -6.89654   -6.60665
   2589.50     55000   -5.97552   -7.28394   -7.34261   -7.29119   -6.68652
   2612.83     60000   -6.06568   -7.29865   -7.23286   -7.21957   -6.75668
   2636.16     65000   -6.14964   -7.17735   -7.04567   -7.02649   -6.77247
   2659.49     70000   -6.13892   -7.28054   -7.18986   -7.16026   -6.81562
   2682.82     75000   -6.18668   -7.54537   -7.70777   -7.64997   -6.90336
   2706.15     80000   -6.27986   -7.42956   -7.31994   -7.30564   -6.95367
   2729.48     85000   -6.33293   -7.37395   -7.24635   -7.22470   -6.96879
   2752.81     90000   -6.33786   -7.54702   -7.49774   -7.46167   -7.02972
   2776.15     95000   -6.40538   -7.74241   -7.81389   -7.78954   -7.11586
   2799.48    100000   -6.49477   -7.57744   -7.45055   -7.43421   -7.14663
   2822.80      5000   -6.51069   -7.59204   -7.47490   -7.45035   -7.17035
   2846.14     10000   -6.53874   -7.82811   -7.85783   -7.81037   -7.24699
   2869.47     15000   -6.62516   -7.88248   -7.83565   -7.82202   -7.32149
   2892.80     20000   -6.71009   -7.74678   -7.61508   -7.59650   -7.33912
   2916.13     25000   -6.70449   -7.83186   -7.73408   -7.70571   -7.37784
   2939.46     30000   -6.74793   -8.09937   -8.24591   -8.18576   -7.46437
   2962.79     35000   -6.84117   -8.01113   -7.90933   -7.89547   -7.52003
   2986.12     40000   -6.90648   -7.93783   -7.80860   -7.78761   -7.53435
   3009.46     45000   -6.90374   -8.09315   -8.03059   -7.99651   -7.59076
   3032.80     50000   -6.96553   -8.31528   -8.42466   -8.39261   -7.67830
   3056.15     55000   -7.05553   -8.15391   -8.02993   -8.01414   -7.71369
   3079.49     60000   -7.08011   -8.15040   -8.02988   -8.00613   -7.73445
   3102.83     65000   -7.10393   -8.37181   -8.37627   -8.33239   -7.80746
   3126.17     70000   -7.18536   -8.46570   -8.44226   -8.42772   -7.88581
   3149.52     75000   -7.27102   -8.31764   -8.18635   -8.16836   -7.90596
   3172.86     80000   -7.27083   -8.38460   -8.28072   -8.25345   -7.94041
   3196.21     85000   -7.31081   -8.64950   -8.76842   -8.70977   -8.02515
   3219.55     90000   -7.40256   -8.59375   -8.50183   -8.48833   -8.08605
   3242.88     95000   -7.48096   -8.50314   -8.37268   -8.35234   -8.10023
   3266.21    100000   -7.46881   -8.64051   -8.56671   -8.53437   -8.15205
   3289.54      5000   -7.52515   -8.88345   -9.02542   -8.98357   -8.24030
   3312.86     10000   -7.61747   -8.73178   -8.61162   -8.59637   -8.28065
   3336.19     15000   -7.64996   -8.71017   -8.58677   -8.56379   -8.29895
   3359.49     20000   -7.66784   -8.91561   -8.89847   -8.85769   -8.36800
   3382.79     25000   -7.74555   -9.04758   -9.05256   -9.03617   -8.44965
   3406.09     30000   -7.83203   -8.88994   -8.75960   -8.74218   -8.47294
   3429.39     35000   -7.83710   -8.93879   -8.82966   -8.80340   -8.50337
   3452.68     40000   -7.87300   -9.19672   -9.28358   -9.22848   -8.58576
   3475.98     45000   -7.96418   -9.17713   -9.09764   -9.08435   -8.65169
MyID= 0: Time=  0.1,has convergenced
     1686284 iterations for the convertgence of psi
 MyID=           0 has finish
