 START-UP FOR CHUNK...
     23.61      5000   -0.56399   -2.01185   -1.91461   -1.83638   -1.28232
     47.03     10000   -0.67999   -2.17079   -1.77560   -1.84678   -1.46518
     70.45     15000   -0.64089   -2.27465   -1.66860   -1.71519   -1.45903
     93.89     20000   -0.54577   -2.11931   -1.54850   -1.54650   -1.37035
    117.33     25000   -0.46041   -1.69725   -1.46664   -1.44980   -1.26504
    140.77     30000   -0.41138   -1.62898   -1.54211   -1.53628   -1.19820
    164.21     35000   -0.44002   -1.93718   -1.84712   -1.94154   -1.29624
    187.63     40000   -0.61130   -1.90775   -1.83146   -1.82146   -1.40975
    211.05     45000   -0.80130   -1.90433   -1.77109   -1.79059   -1.49634
    234.47     50000   -0.90224   -2.14625   -2.05216   -2.01092   -1.61793
    257.89     55000   -0.98774   -2.38066   -2.44107   -2.42728   -1.74393
    281.31     60000   -1.07724   -2.31236   -2.10110   -2.10904   -1.78068
    304.74     65000   -1.11142   -2.13632   -2.01157   -1.98028   -1.75406
    328.17     70000   -1.08075   -2.23706   -2.17219   -2.12760   -1.77537
    351.60     75000   -1.12427   -2.49506   -2.60785   -2.50672   -1.86112
    375.02     80000   -1.24123   -2.35921   -2.29958   -2.26138   -1.92190
    398.43     85000   -1.34561   -2.34913   -2.23171   -2.22492   -1.95685
    421.84     90000   -1.35597   -2.56388   -2.49025   -2.46353   -2.03315
    445.27     95000   -1.42546   -2.76066   -2.87275   -2.82165   -2.13525
    468.71    100000   -1.52335   -2.61701   -2.47526   -2.48010   -2.17584
 ITERATION...
    492.15      5000   -1.54440   -2.57962   -2.45348   -2.43148   -2.17932
    515.60     10000   -1.54912   -2.77920   -2.73271   -2.66922   -2.23462
    539.04     15000   -1.61508   -2.97438   -3.01965   -2.96096   -2.32652
    562.47     20000   -1.72599   -2.78339   -2.67754   -2.65251   -2.37050
    585.91     25000   -1.75178   -2.81335   -2.69866   -2.67671   -2.40007
    609.35     30000   -1.78755   -3.07591   -3.05280   -3.00422   -2.47881
    632.77     35000   -1.87076   -3.14633   -3.14016   -3.11189   -2.56898
    656.19     40000   -1.96482   -2.99085   -2.86507   -2.85912   -2.59593
    679.62     45000   -1.95814   -3.04609   -2.93031   -2.90885   -2.61843
    703.06     50000   -1.99355   -3.32312   -3.35198   -3.26855   -2.69649
    726.50     55000   -2.08826   -3.33580   -3.27510   -3.25927   -2.77977
    749.95     60000   -2.18493   -3.19841   -3.07627   -3.05801   -2.80558
    773.39     65000   -2.17666   -3.29580   -3.19303   -3.16243   -2.84368
    796.81     70000   -2.22367   -3.60548   -3.68971   -3.59529   -2.93266
    820.23     75000   -2.32787   -3.50850   -3.42583   -3.40818   -3.00629
    843.66     80000   -2.41308   -3.40730   -3.28439   -3.27007   -3.02337
    867.10     85000   -2.39275   -3.53996   -3.44512   -3.41644   -3.06559
    890.53     90000   -2.44456   -3.83391   -3.97222   -3.86267   -3.15674
    913.97     95000   -2.55275   -3.68997   -3.58786   -3.57785   -3.22072
    937.39    100000   -2.61671   -3.63047   -3.50672   -3.48920   -3.23863
    960.82      5000   -2.61446   -3.80241   -3.72603   -3.68635   -3.29308
    984.27     10000   -2.67521   -4.07119   -4.17438   -4.09290   -3.38753
   1007.70     15000   -2.78300   -3.87859   -3.76448   -3.75081   -3.43942
   1031.15     20000   -2.81702   -3.85292   -3.73264   -3.71276   -3.45660
   1054.57     25000   -2.83281   -4.06219   -4.00632   -3.96238   -3.51905
   1077.98     30000   -2.90368   -4.25762   -4.30609   -4.25354   -3.61219
   1101.36     35000   -3.00917   -4.06999   -3.95081   -3.93905   -3.65372
   1124.75     40000   -3.02419   -4.08668   -3.96847   -3.94768   -3.67562
   1148.13     45000   -3.05421   -4.33316   -4.31274   -4.25497   -3.74811
   1171.52     50000   -3.13683   -4.44350   -4.42100   -4.39496   -3.83792
   1194.91     55000   -3.23699   -4.27137   -4.14608   -4.13256   -3.86929
   1218.29     60000   -3.23564   -4.32354   -4.21099   -4.18599   -3.89636
   1241.68     65000   -3.27412   -4.60263   -4.62807   -4.55378   -3.97657
   1265.06     70000   -3.36867   -4.61574   -4.55624   -4.53652   -4.05978
   1288.45     75000   -3.46258   -4.47658   -4.35100   -4.33653   -4.08385
   1311.84     80000   -3.45106   -4.56879   -4.46331   -4.43630   -4.11892
   1335.22     85000   -3.49634   -4.86719   -4.95635   -4.86051   -4.20609
   1358.61     90000   -3.60088   -4.79101   -4.70253   -4.68948   -4.28052
   1382.00     95000   -3.68883   -4.68949   -4.56220   -4.54664   -4.29944
   1405.39    100000   -3.67049   -4.81939   -4.72438   -4.69212   -4.34305
   1428.78      5000   -3.72286   -5.11710   -5.25166   -5.14216   -4.43475
   1452.16     10000   -3.83051   -4.97123   -4.86706   -4.85439   -4.49862
   1475.55     15000   -3.89406   -4.90804   -4.78266   -4.76509   -4.51565
   1498.94     20000   -3.89005   -5.07749   -4.99782   -4.96050   -4.56889
   1522.32     25000   -3.95020   -5.34021   -5.45422   -5.36835   -4.66287
   1545.71     30000   -4.05851   -5.15640   -5.04159   -5.02985   -4.71546
   1569.10     35000   -4.09417   -5.13273   -5.00903   -4.99001   -4.73328
   1592.48     40000   -4.11005   -5.34088   -5.28319   -5.23759   -4.79600
   1615.87     45000   -4.18068   -5.53870   -5.58486   -5.53365   -4.88934
   1639.26     50000   -4.28591   -5.34944   -5.22837   -5.21599   -4.93090
   1662.65     55000   -4.30110   -5.36403   -5.24447   -5.22290   -4.95231
   1686.03     60000   -4.33048   -5.61000   -5.58539   -5.52842   -5.02428
   1709.42     65000   -4.41266   -5.71946   -5.70220   -5.67326   -5.11411
   1732.81     70000   -4.51318   -5.54818   -5.42340   -5.41022   -5.14590
   1756.19     75000   -4.51270   -5.60117   -5.48677   -5.46276   -5.17305
   1779.58     80000   -4.55096   -5.87957   -5.90260   -5.82864   -5.25321
   1802.96     85000   -4.64518   -5.89368   -5.83430   -5.81572   -5.33664
   1826.35     90000   -4.73903   -5.75416   -5.62768   -5.61343   -5.36076
   1849.74     95000   -4.72775   -5.84533   -5.73877   -5.71134   -5.39547
   1873.12    100000   -4.77275   -6.14467   -6.22975   -6.13394   -5.48241
   1896.51      5000   -4.87706   -6.06877   -5.98173   -5.96776   -5.55708
   1919.90     10000   -4.96540   -5.96608   -5.83925   -5.82356   -5.57617
   1943.28     15000   -4.94716   -6.09570   -5.99971   -5.96808   -5.61962
   1966.67     20000   -4.99938   -6.39348   -6.52703   -6.41790   -5.71127
   1990.06     25000   -5.10712   -6.24832   -6.14479   -6.13247   -5.77543
   2013.45     30000   -5.17136   -6.18459   -6.05889   -6.04167   -5.79242
   2036.83     35000   -5.16657   -6.35309   -6.27252   -6.23526   -5.84534
   2060.22     40000   -5.22652   -6.61776   -6.73282   -6.64578   -5.93929
   2083.61     45000   -5.33489   -6.43403   -6.31961   -6.30773   -5.99218
   2107.00     50000   -5.37131   -6.40912   -6.28562   -6.26647   -6.00997
   2130.39     55000   -5.38675   -6.61646   -6.55788   -6.51271   -6.07247
   2153.78     60000   -5.45701   -6.81621   -6.86423   -6.81212   -6.16588
   2177.16     65000   -5.56241   -6.62643   -6.50572   -6.49337   -6.20772
   2200.55     70000   -5.57804   -6.64008   -6.52036   -6.49904   -6.22897
   2223.94     75000   -5.60706   -6.88499   -6.85915   -6.80266   -6.30068
   2247.33     80000   -5.68895   -6.99721   -6.98178   -6.95248   -6.39065
   2270.72     85000   -5.78956   -6.82539   -6.70074   -6.68763   -6.42269
   2294.11     90000   -5.78962   -6.87727   -6.76281   -6.73881   -6.44966
   2317.49     95000   -5.82756   -7.15491   -7.17642   -7.10307   -6.52962
   2340.88    100000   -5.92146   -7.17165   -7.11312   -7.09432   -6.61328
   2364.27      5000   -6.01545   -7.03101   -6.90462   -6.89035   -6.63757
   2387.66     10000   -6.00443   -7.12109   -7.01426   -6.98698   -6.67204
   2411.05     15000   -6.04930   -7.41992   -7.50326   -7.40810   -6.75880
   2434.43     20000   -6.15342   -7.34652   -7.26037   -7.24630   -6.83375
   2457.82     25000   -6.24200   -7.24289   -7.11610   -7.10050   -6.85294
   2481.20     30000   -6.22373   -7.37143   -7.27514   -7.24365   -6.89613
   2504.61     35000   -6.27581   -7.66954   -7.80246   -7.69348   -6.98769
   2528.01     40000   -6.38363   -7.52602   -7.42281   -7.41049   -7.05217
   2551.42     45000   -6.44868   -7.46117   -7.33541   -7.31820   -7.06918
   2574.82     50000   -6.44316   -7.62855   -7.54742   -7.51033   -7.12181
   2598.23     55000   -6.50291   -7.89456   -8.01144   -7.92314   -7.21573
   2621.63     60000   -6.61135   -7.71152   -7.59750   -7.58558   -7.26895
   2645.04     65000   -6.64847   -7.68557   -7.56202   -7.54296   -7.28667
   2668.44     70000   -6.66340   -7.89183   -7.83252   -7.78765   -7.34890
   2691.85     75000   -6.73330   -8.09364   -8.14368   -8.09083   -7.44238
   2715.25     80000   -6.83887   -7.90373   -7.78315   -7.77085   -7.48452
   2738.66     85000   -6.85502   -7.91632   -7.79645   -7.77518   -7.50564
   2762.06     90000   -6.88368   -8.16020   -8.13319   -8.07706   -7.57709
   2785.47     95000   -6.96528   -8.27510   -8.26135   -8.23152   -7.66720
   2808.87    100000   -7.06597   -8.10254   -7.97804   -7.96494   -7.69949
   2832.27      5000   -7.06655   -8.15335   -8.03875   -8.01484   -7.72627
   2855.68     10000   -7.10415   -8.43019   -8.45013   -8.37739   -7.80602
   2879.08     15000   -7.19773   -8.44954   -8.39202   -8.37304   -7.88989
   2902.49     20000   -7.29186   -8.30794   -8.18159   -8.16737   -7.91437
   2925.89     25000   -7.28112   -8.39694   -8.28985   -8.26268   -7.94860
   2949.31     30000   -7.32586   -8.69543   -8.77692   -8.68235   -8.03520
   2972.72     35000   -7.42980   -8.62441   -8.53895   -8.52478   -8.11042
   2996.14     40000   -7.51840   -8.51969   -8.39293   -8.37736   -8.12972
   3019.55     45000   -7.50030   -8.64712   -8.55051   -8.51916   -8.17265
   3042.97     50000   -7.55224   -8.94568   -9.07784   -8.96893   -8.26410
   3066.38     55000   -7.66014   -8.80372   -8.70090   -8.68855   -8.32890
   3089.79     60000   -7.72601   -8.73775   -8.61196   -8.59480   -8.34593
   3113.21     65000   -7.71975   -8.90402   -8.82237   -8.78548   -8.39829
   3136.62     70000   -7.77931   -9.17143   -9.28986   -9.20049   -8.49218
   3160.04     75000   -7.88783   -8.98907   -8.87532   -8.86340   -8.54571
   3183.46     80000   -7.92562   -8.96201   -8.83841   -8.81940   -8.56338
   3206.88     85000   -7.94007   -9.16717   -9.10714   -9.06254   -8.62534
MyID= 0: Time=  0.1,has convergenced
     1684847 iterations for the convertgence of psi
 MyID=           0 has finish
