 START-UP FOR CHUNK...
     23.43      5000   -0.60576   -2.03261   -2.08112   -2.03775   -1.28871
     46.75     10000   -0.77530   -2.13804   -1.97334   -2.04070   -1.51003
     70.09     15000   -0.78015   -2.25054   -1.86155   -1.89964   -1.56108
     93.42     20000   -0.70065   -2.38010   -1.70819   -1.70925   -1.49746
    116.75     25000   -0.58357   -1.91423   -1.54574   -1.53914   -1.36981
    140.08     30000   -0.49262   -1.63776   -1.45656   -1.45756   -1.24301
    163.42     35000   -0.43155   -1.69562   -1.61284   -1.58340   -1.19581
    186.75     40000   -0.49215   -1.89723   -1.90011   -2.13659   -1.29378
    210.08     45000   -0.64149   -1.85252   -1.74505   -1.72705   -1.37765
    233.41     50000   -0.82319   -1.90488   -1.78264   -1.76453   -1.48034
    256.73     55000   -0.90498   -2.16587   -2.16060   -2.12031   -1.61118
    280.07     60000   -0.98260   -2.30039   -2.25612   -2.28220   -1.69609
    303.40     65000   -1.02118   -2.10735   -1.94504   -1.93560   -1.67632
    326.73     70000   -0.99685   -2.05141   -1.95025   -1.92075   -1.65340
    350.07     75000   -0.99170   -2.24681   -2.29791   -2.24113   -1.70296
    373.40     80000   -1.06915   -2.32936   -2.30483   -2.27451   -1.77330
    396.73     85000   -1.17754   -2.21752   -2.09426   -2.07219   -1.80826
    420.06     90000   -1.20801   -2.33757   -2.24156   -2.21755   -1.87647
    443.38     95000   -1.26488   -2.59578   -2.77929   -2.73247   -1.97538
    466.70    100000   -1.34406   -2.51038   -2.38779   -2.38015   -2.01787
 ITERATION...
    490.03      5000   -1.38287   -2.41631   -2.28300   -2.26349   -2.01214
    513.35     10000   -1.36441   -2.54371   -2.49852   -2.46203   -2.05445
    536.68     15000   -1.42144   -2.75913   -2.86208   -2.84633   -2.13642
    560.01     20000   -1.51713   -2.61703   -2.49123   -2.47088   -2.17444
    583.33     25000   -1.55227   -2.63352   -2.51281   -2.48770   -2.20948
    606.66     30000   -1.58627   -2.86904   -2.89722   -2.85650   -2.29349
    630.00     35000   -1.66938   -2.92845   -2.87955   -2.86663   -2.36495
    653.32     40000   -1.74302   -2.78652   -2.64983   -2.63157   -2.37409
    676.65     45000   -1.73027   -2.85620   -2.76129   -2.73441   -2.40571
    699.98     50000   -1.76953   -3.10983   -3.26046   -3.21858   -2.48812
    723.30     55000   -1.86105   -3.03157   -2.92640   -2.91137   -2.54146
    746.63     60000   -1.92704   -2.96779   -2.83707   -2.81522   -2.56062
    769.97     65000   -1.93260   -3.13239   -3.07800   -3.04512   -2.62436
    793.31     70000   -1.99890   -3.33917   -3.41918   -3.39915   -2.70984
    816.64     75000   -2.08209   -3.17524   -3.04480   -3.02738   -2.73677
    839.97     80000   -2.09650   -3.17724   -3.06069   -3.03620   -2.75689
    863.30     85000   -2.12026   -3.40277   -3.43563   -3.39776   -2.83112
    886.63     90000   -2.20538   -3.46286   -3.41181   -3.39810   -2.90257
    909.96     95000   -2.29225   -3.33035   -3.19662   -3.17689   -2.92027
    933.29    100000   -2.28727   -3.41806   -3.32396   -3.29674   -2.96324
    956.63      5000   -2.33236   -3.68070   -3.83588   -3.79138   -3.05021
    979.97     10000   -2.42139   -3.58740   -3.47563   -3.46086   -3.09901
   1003.31     15000   -2.47593   -3.51869   -3.38970   -3.36760   -3.11199
   1026.64     20000   -2.47765   -3.67879   -3.63192   -3.59967   -3.17126
   1049.96     25000   -2.54346   -3.88026   -3.94920   -3.93323   -3.25517
   1073.29     30000   -2.63048   -3.71982   -3.58892   -3.57094   -3.28402
   1096.63     35000   -2.64812   -3.73170   -3.61527   -3.59066   -3.30957
   1119.96     40000   -2.67654   -3.96377   -4.00559   -3.96537   -3.38753
   1143.29     45000   -2.76208   -4.01475   -3.95560   -3.94254   -3.45727
   1166.62     50000   -2.84484   -3.88296   -3.74809   -3.72832   -3.47199
   1189.94     55000   -2.83657   -3.97091   -3.88009   -3.85229   -3.51344
   1213.27     60000   -2.88120   -4.23080   -4.38799   -4.34855   -3.59954
   1236.60     65000   -2.97178   -4.13195   -4.01786   -4.00263   -3.64779
   1259.94     70000   -3.02480   -4.07048   -3.94090   -3.91857   -3.66298
   1283.28     75000   -3.03061   -4.23726   -4.19315   -4.16018   -3.72503
   1306.60     80000   -3.09779   -4.43027   -4.49110   -4.47456   -3.80856
   1329.93     85000   -3.18318   -4.26987   -4.13781   -4.12006   -3.83537
   1353.26     90000   -3.19825   -4.28531   -4.16987   -4.14513   -3.86063
   1376.58     95000   -3.22698   -4.51956   -4.56932   -4.52908   -3.93870
   1399.91    100000   -3.31298   -4.55926   -4.49455   -4.48173   -4.00738
   1423.24      5000   -3.39662   -4.43232   -4.29718   -4.27717   -4.02240
   1446.57     10000   -3.38806   -4.52661   -4.43690   -4.40870   -4.06587
   1469.91     15000   -3.43426   -4.78578   -4.94625   -4.90565   -4.15244
   1493.25     20000   -3.52437   -4.67921   -4.56383   -4.54842   -4.19892
   1516.57     25000   -3.57398   -4.62232   -4.49350   -4.47116   -4.21397
   1539.90     30000   -3.58077   -4.79353   -4.75370   -4.72064   -4.27680
   1563.24     35000   -3.64968   -4.97775   -5.02750   -5.01248   -4.35971
   1586.56     40000   -3.73493   -4.81731   -4.68481   -4.66694   -4.38567
   1609.89     45000   -3.74902   -4.83838   -4.72392   -4.69897   -4.41224
   1633.22     50000   -3.77888   -5.07662   -5.13391   -5.09250   -4.49133
   1656.55     55000   -3.86541   -5.10568   -5.03668   -5.02351   -4.55867
   1679.88     60000   -3.94870   -4.98234   -4.84772   -4.82758   -4.57312
   1703.21     65000   -3.93869   -5.08140   -4.99424   -4.96591   -4.61762
   1726.53     70000   -3.98632   -5.33911   -5.49974   -5.46178   -4.70428
   1749.86     75000   -4.07601   -5.22543   -5.10830   -5.09274   -4.74942
   1773.20     80000   -4.12322   -5.17359   -5.04545   -5.02296   -4.76503
   1796.53     85000   -4.13165   -5.34972   -5.31421   -5.28063   -4.82915
   1819.86     90000   -4.20238   -5.52603   -5.56635   -5.55152   -4.91139
   1843.19     95000   -4.28707   -5.36581   -5.23304   -5.21502   -4.93622
   1866.51    100000   -4.29976   -5.39164   -5.27869   -5.25358   -4.96368
   1889.84      5000   -4.33046   -5.63305   -5.69868   -5.65707   -5.04351
   1913.17     10000   -4.41740   -5.65155   -5.57765   -5.56443   -5.10960
   1936.47     15000   -4.50092   -5.53218   -5.39772   -5.37741   -5.12380
   1959.78     20000   -4.48965   -5.63621   -5.55137   -5.52274   -5.16960
   1983.08     25000   -4.53883   -5.89221   -6.05268   -6.01584   -5.25637
   2006.38     30000   -4.62794   -5.77245   -5.65379   -5.63805   -5.30005
   2029.68     35000   -4.67222   -5.72537   -5.59800   -5.57537   -5.31608
   2052.99     40000   -4.68251   -5.90610   -5.87537   -5.84144   -5.38133
   2076.29     45000   -4.75504   -6.07380   -6.10394   -6.08984   -5.46288
   2099.59     50000   -4.83931   -5.91418   -5.78091   -5.76274   -5.48673
   2122.90     55000   -4.85025   -5.94496   -5.83328   -5.80796   -5.51523
   2146.20     60000   -4.88232   -6.18942   -6.26337   -6.22104   -5.59581
   2169.50     65000   -4.96916   -6.19771   -6.11957   -6.10617   -5.66058
   2192.80     70000   -5.05327   -6.08241   -5.94820   -5.92774   -5.67451
   2216.10     75000   -5.04070   -6.19132   -6.10899   -6.08011   -5.72154
   2239.40     80000   -5.09112   -6.44502   -6.60330   -6.56859   -5.80836
   2262.70     85000   -5.17999   -6.31936   -6.19907   -6.18319   -5.85063
   2286.01     90000   -5.22137   -6.27715   -6.15045   -6.12766   -5.86719
   2309.31     95000   -5.23357   -6.46252   -6.43657   -6.40215   -5.93358
   2332.61    100000   -5.30708   -6.62144   -6.64222   -6.62844   -6.01438
   2355.92      5000   -5.39169   -6.46280   -6.32919   -6.31087   -6.03724
   2379.22     10000   -5.40090   -6.49850   -6.38820   -6.36270   -6.06678
   2402.52     15000   -5.43429   -6.74580   -6.82821   -6.78548   -6.14806
   2425.82     20000   -5.52107   -6.74375   -6.66143   -6.64791   -6.21150
   2449.12     25000   -5.60579   -6.63263   -6.49863   -6.47803   -6.22524
   2472.42     30000   -5.59173   -6.74647   -6.66664   -6.63748   -6.27353
   2495.72     35000   -5.64323   -6.99748   -7.15243   -7.11950   -6.36034
   2519.02     40000   -5.73219   -6.86645   -6.74475   -6.72870   -6.40120
   2542.32     45000   -5.77068   -6.82910   -6.70316   -6.68021   -6.41831
   2565.62     50000   -5.78476   -7.01907   -6.99817   -6.96332   -6.48583
   2588.92     55000   -5.85927   -7.16882   -7.18032   -7.16691   -6.56583
   2612.22     60000   -5.94424   -7.01146   -6.87750   -6.85903   -6.58776
   2635.52     65000   -5.95116   -7.05209   -6.94319   -6.91749   -6.61837
   2658.82     70000   -5.98620   -7.30201   -7.39293   -7.34969   -6.70032
   2682.12     75000   -6.07312   -7.28985   -7.20371   -7.19003   -6.76240
   2705.42     80000   -6.15778   -7.18300   -7.04929   -7.02855   -6.77599
   2728.72     85000   -6.14250   -7.30175   -7.22459   -7.19515   -6.82553
   2752.02     90000   -6.19548   -7.54959   -7.69969   -7.66884   -6.91229
   2775.32     95000   -6.28454   -7.41358   -7.29053   -7.27433   -6.95175
   2798.62    100000   -6.32015   -7.38112   -7.25595   -7.23284   -6.96946
   2821.92      5000   -6.33610   -7.57562   -7.55997   -7.52465   -7.03809
   2845.22     10000   -6.41160   -7.71601   -7.71873   -7.70555   -7.11724
   2868.52     15000   -6.49663   -7.56025   -7.42602   -7.40741   -7.13828
   2891.83     20000   -6.50157   -7.60581   -7.49839   -7.47249   -7.16998
   2915.13     25000   -6.53744   -7.85811   -7.95756   -7.91396   -7.25257
   2938.44     30000   -6.62532   -7.83595   -7.74618   -7.73236   -7.31327
   2961.75     35000   -6.70844   -7.73346   -7.60005   -7.57916   -7.32676
   2985.06     40000   -6.69341   -7.85711   -7.78271   -7.75298   -7.37755
   3008.36     45000   -6.74789   -8.10132   -8.24543   -8.21654   -7.46421
   3031.67     50000   -6.83620   -7.96083   -7.83655   -7.82018   -7.50230
   3054.97     55000   -6.86978   -7.93326   -7.80891   -7.78564   -7.52064
   3078.28     60000   -6.88759   -8.13225   -8.12210   -8.08629   -7.59035
   3101.58     65000   -6.96409   -8.26300   -8.25725   -8.24427   -7.66862
   3124.89     70000   -7.04841   -8.10913   -7.97466   -7.95591   -7.68882
   3148.20     75000   -7.05212   -8.15962   -8.05373   -8.02762   -7.72163
   3171.50     80000   -7.08883   -8.41405   -8.52194   -8.47802   -7.80481
   3194.81     85000   -7.17767   -8.38210   -8.28894   -8.27496   -7.86411
   3218.11     90000   -7.25691   -8.28403   -8.15096   -8.12993   -7.87755
   3241.42     95000   -7.24448   -8.41258   -8.34107   -8.31104   -7.92960
   3264.73    100000   -7.30044   -8.65269   -8.78965   -8.76273   -8.01610
   3288.04      5000   -7.38794   -8.50817   -8.38273   -8.36621   -8.05283
   3311.34     10000   -7.41955   -8.48550   -8.36199   -8.33857   -8.07185
   3334.65     15000   -7.43865   -8.68890   -8.68448   -8.64818   -8.14263
   3357.95     20000   -7.51673   -8.80983   -8.79603   -8.78318   -8.21996
   3381.26     25000   -7.60033   -8.65812   -8.52347   -8.50457   -8.23936
   3404.57     30000   -7.60283   -8.71355   -8.60925   -8.58293   -8.27330
   3427.87     35000   -7.64037   -8.96982   -9.08599   -9.04186   -8.35703
   3451.18     40000   -7.72965   -8.92828   -8.83193   -8.81780   -8.41492
   3474.49     45000   -7.80523   -8.83470   -8.70200   -8.68083   -8.42836
   3497.80     50000   -7.79556   -8.96815   -8.89963   -8.86929   -8.48166
   3521.11     55000   -7.85293   -9.20369   -9.33257   -9.30751   -8.56797
   3544.43     60000   -7.93982   -9.05561   -8.92911   -8.91243   -8.60336
   3567.75     65000   -7.96948   -9.03784   -8.91523   -8.89164   -8.62309
   3591.08     70000   -7.98946   -9.24559   -9.24715   -9.21034   -8.69491
MyID= 0: Time=  0.1,has convergenced
     1686405 iterations for the convertgence of psi
 MyID=           0 has finish
