 START-UP FOR CHUNK...
     23.40      5000   -0.67364   -2.04527   -2.36057   -2.84769   -1.29346
     46.71     10000   -0.94901   -2.11207   -2.62814   -2.87152   -1.54749
     70.03     15000   -1.08613   -2.19633   -2.56282   -2.74265   -1.69348
     93.35     20000   -1.16353   -2.70742   -2.45710   -2.53986   -1.80456
    116.66     25000   -1.16390   -2.82111   -2.33094   -2.32423   -1.85992
    139.97     30000   -1.09274   -2.51603   -2.08065   -2.09590   -1.81614
    163.27     35000   -0.95724   -2.29633   -1.83675   -1.85491   -1.66136
    186.58     40000   -0.78394   -2.05304   -1.60739   -1.61706   -1.44399
    209.89     45000   -0.60268   -1.72281   -1.44433   -1.43224   -1.23277
    233.20     50000   -0.42377   -1.53264   -1.44445   -1.43145   -1.10714
    256.51     55000   -0.38308   -1.78025   -1.68791   -1.72882   -1.13400
    279.82     60000   -0.50264   -1.76909   -1.60012   -1.55328   -1.23086
    303.15     65000   -0.69803   -1.80961   -1.65633   -1.62257   -1.36547
    326.47     70000   -0.77812   -2.05961   -2.02340   -2.00616   -1.50903
    349.80     75000   -0.84731   -2.16178   -1.99255   -1.98950   -1.54834
    373.12     80000   -0.84595   -1.95673   -1.74729   -1.73211   -1.48818
    396.43     85000   -0.77835   -1.88637   -1.79784   -1.78460   -1.46226
    419.74     90000   -0.78216   -2.12842   -2.13229   -2.18304   -1.51831
    443.05     95000   -0.87472   -2.09458   -1.93383   -1.90246   -1.57338
    466.36    100000   -0.98412   -2.05950   -1.92311   -1.90114   -1.64302
 ITERATION...
    489.67      5000   -1.03022   -2.27658   -2.24565   -2.24073   -1.75103
    512.98     10000   -1.10216   -2.43433   -2.31512   -2.30493   -1.80739
    536.29     15000   -1.14871   -2.24378   -2.06512   -2.04534   -1.78852
    559.60     20000   -1.11309   -2.22751   -2.14143   -2.12853   -1.80122
    582.91     25000   -1.13816   -2.47949   -2.51676   -2.55843   -1.86940
    606.22     30000   -1.22171   -2.43132   -2.26761   -2.24013   -1.91094
    629.53     35000   -1.29510   -2.36257   -2.22848   -2.20718   -1.95321
    652.84     40000   -1.32198   -2.54746   -2.52184   -2.51699   -2.04145
    676.16     45000   -1.39183   -2.73473   -2.63582   -2.62376   -2.10153
    699.47     50000   -1.45822   -2.55027   -2.38070   -2.35899   -2.09862
    722.78     55000   -1.43851   -2.55075   -2.46103   -2.44673   -2.12617
    746.11     60000   -1.47031   -2.80142   -2.85621   -2.89164   -2.19950
    769.43     65000   -1.54679   -2.76713   -2.60016   -2.57487   -2.23615
    792.76     70000   -1.61000   -2.67355   -2.53676   -2.51518   -2.26425
    816.06     75000   -1.62337   -2.83205   -2.80255   -2.79666   -2.34145
    839.39     80000   -1.69195   -3.04471   -2.96637   -2.95614   -2.40498
    862.71     85000   -1.76634   -2.86515   -2.69658   -2.67403   -2.40988
    886.02     90000   -1.75740   -2.86415   -2.76733   -2.75164   -2.44232
    909.32     95000   -1.78973   -3.10814   -3.16813   -3.19750   -2.51831
    932.64    100000   -1.86313   -3.10060   -2.93346   -2.90976   -2.55503
    955.95      5000   -1.92664   -2.98709   -2.84591   -2.82408   -2.57523
    979.26     10000   -1.92967   -3.12340   -3.08513   -3.07769   -2.64532
   1002.57     15000   -1.99585   -3.35671   -3.30231   -3.29588   -2.71217
   1025.88     20000   -2.07154   -3.18353   -3.01409   -2.99106   -2.72164
   1049.19     25000   -2.07291   -3.17319   -3.06895   -3.05216   -2.75445
   1072.50     30000   -2.10315   -3.40764   -3.46307   -3.48610   -2.83163
   1095.81     35000   -2.17638   -3.43164   -3.26783   -3.24529   -2.87083
   1119.12     40000   -2.24386   -3.30149   -3.15606   -3.13407   -2.88639
   1142.43     45000   -2.23935   -3.41822   -3.37005   -3.36110   -2.95118
   1165.74     50000   -2.30183   -3.66741   -3.63955   -3.63830   -3.02106
   1189.05     55000   -2.37738   -3.50408   -3.33355   -3.31021   -3.03385
   1212.36     60000   -2.38696   -3.48063   -3.36982   -3.35212   -3.06497
   1235.67     65000   -2.41434   -3.70344   -3.74852   -3.76561   -3.14230
   1258.98     70000   -2.48650   -3.76130   -3.60344   -3.58192   -3.18507
   1282.29     75000   -2.56164   -3.61667   -3.46740   -3.44517   -3.19780
   1305.60     80000   -2.55066   -3.71518   -3.65738   -3.64698   -3.25813
   1328.91     85000   -2.60900   -3.97539   -3.97475   -3.97981   -3.33066
   1352.22     90000   -2.68480   -3.82656   -3.65495   -3.63141   -3.34645
   1375.54     95000   -2.70178   -3.78810   -3.67142   -3.65292   -3.37497
   1398.85    100000   -2.72399   -3.99749   -4.02950   -4.04130   -3.45165
   1422.16      5000   -2.79662   -4.08993   -3.94046   -3.92013   -3.49845
   1445.47     10000   -2.88012   -3.93286   -3.77994   -3.75745   -3.50948
   1468.78     15000   -2.86210   -4.01384   -3.94693   -3.93514   -3.56571
   1492.09     20000   -2.91703   -4.28007   -4.30484   -4.31676   -3.64046
   1515.40     25000   -2.99154   -4.15067   -3.97819   -3.95456   -3.65931
   1538.71     30000   -3.01589   -4.09640   -3.97422   -3.95503   -3.68492
   1562.02     35000   -3.03437   -4.29110   -4.30898   -4.31612   -3.76031
   1585.33     40000   -3.10478   -4.41725   -4.27902   -4.26021   -3.81129
   1608.64     45000   -3.19430   -4.25013   -4.09372   -4.07097   -3.82141
   1631.95     50000   -3.17414   -4.31398   -4.23846   -4.22537   -3.87368
   1655.26     55000   -3.22531   -4.58149   -4.62713   -4.64530   -3.95021
   1678.57     60000   -3.29863   -4.47605   -4.30322   -4.27962   -3.97234
   1701.88     65000   -3.32985   -4.40573   -4.27837   -4.25857   -3.99500
   1725.19     70000   -3.34448   -4.58495   -4.58863   -4.59172   -4.06861
   1748.52     75000   -3.41425   -4.74279   -4.61908   -4.60229   -4.12373
   1771.83     80000   -3.50279   -4.56844   -4.40877   -4.38578   -4.13357
   1795.15     85000   -3.48758   -4.61541   -4.53182   -4.51755   -4.18193
   1818.46     90000   -3.53356   -4.88008   -4.93971   -4.96220   -4.25978
   1841.77     95000   -3.60699   -4.80244   -4.63002   -4.60657   -4.28545
   1865.08    100000   -3.64531   -4.71612   -4.58389   -4.56354   -4.30531
   1888.39      5000   -3.65575   -4.87938   -4.86933   -4.86896   -4.37670
   1911.70     10000   -3.72425   -5.06603   -4.96044   -4.94628   -4.43583
   1935.01     15000   -3.80832   -4.88779   -4.72514   -4.70193   -4.44594
   1958.32     20000   -3.80000   -4.91801   -4.82689   -4.81156   -4.49041
   1981.63     25000   -3.84241   -5.17639   -5.24209   -5.26615   -4.56910
   2004.94     30000   -3.91370   -5.12964   -4.95862   -4.93543   -4.59858
   2028.27     35000   -3.96107   -5.02759   -4.89076   -4.86992   -4.61587
   2051.59     40000   -3.96609   -5.17459   -5.15159   -5.14826   -4.68468
   2074.92     45000   -4.03318   -5.38639   -5.30260   -5.29187   -4.74758
   2098.24     50000   -4.11541   -5.20821   -5.04286   -5.01947   -4.75850
   2121.57     55000   -4.11300   -5.22174   -5.12360   -5.10732   -4.79913
   2144.88     60000   -4.15038   -5.47104   -5.53536   -5.55827   -4.87816
   2168.19     65000   -4.22176   -5.45744   -5.28906   -5.26626   -4.91168
   2191.51     70000   -4.27808   -5.34016   -5.19898   -5.17770   -4.92670
   2214.82     75000   -4.27675   -5.47071   -5.43563   -5.42977   -4.99262
   2238.13     80000   -4.34200   -5.70337   -5.64468   -5.63835   -5.05901
   2261.44     85000   -4.42159   -5.52971   -5.36199   -5.33845   -5.07123
   2284.75     90000   -4.42605   -5.52659   -5.42189   -5.40475   -5.10807
   2308.06     95000   -4.45884   -5.76461   -5.82170   -5.84147   -5.18697
   2331.38    100000   -4.53129   -5.78558   -5.62136   -5.59914   -5.22469
   2354.69      5000   -4.59517   -5.65382   -5.50853   -5.48685   -5.23781
   2378.00     10000   -4.58859   -5.76783   -5.72155   -5.71353   -5.30057
   2401.31     15000   -4.65067   -6.01656   -5.98532   -5.98442   -5.37009
   2424.62     20000   -4.72781   -5.85230   -5.68256   -5.65891   -5.38412
   2447.93     25000   -4.73881   -5.83255   -5.72170   -5.70379   -5.41726
   2471.25     30000   -4.76763   -6.05762   -6.10357   -6.11915   -5.49555
   2494.55     35000   -4.83955   -6.11374   -5.95557   -5.93415   -5.53758
   2517.86     40000   -4.91285   -5.96859   -5.81941   -5.79736   -5.54918
   2541.19     45000   -4.90093   -6.06599   -6.00938   -5.99949   -5.60857
   2564.51     50000   -4.95905   -6.32579   -6.32259   -6.32804   -5.68083
   2587.83     55000   -5.03557   -6.17595   -6.00463   -5.98092   -5.69712
   2611.15     60000   -5.05309   -6.13960   -6.02298   -6.00437   -5.72671
   2634.47     65000   -5.07627   -6.35051   -6.38313   -6.39427   -5.80393
   2657.80     70000   -5.14889   -6.44149   -6.29170   -6.27136   -5.85031
   2681.12     75000   -5.23120   -6.28447   -6.13161   -6.10922   -5.86081
   2704.43     80000   -5.21291   -6.36525   -6.29908   -6.28758   -5.91666
   2727.74     85000   -5.26782   -6.63117   -6.65412   -6.66629   -5.99122
   2751.05     90000   -5.34269   -6.50063   -6.32824   -6.30453   -6.01022
   2774.36     95000   -5.36718   -6.44776   -6.32570   -6.30646   -6.03641
   2797.67    100000   -5.38609   -6.64362   -6.66205   -6.66894   -6.11214
   2820.98      5000   -5.45657   -6.76833   -6.62968   -6.61081   -6.16283
   2844.33     10000   -5.54573   -6.60146   -6.44514   -6.42246   -6.17270
   2867.67     15000   -5.52514   -6.66560   -6.59061   -6.57770   -6.22487
   2890.98     20000   -5.57636   -6.93302   -6.97746   -6.99575   -6.30127
   2914.29     25000   -5.64990   -6.82626   -6.65345   -6.62981   -6.32338
   2937.60     30000   -5.68099   -6.75701   -6.62982   -6.61000   -6.34639
   2960.88     35000   -5.69599   -6.93721   -6.94144   -6.94448   -6.42022
   2984.16     40000   -5.76578   -7.09369   -6.96939   -6.95248   -6.47512
   3007.45     45000   -5.85439   -6.91955   -6.76001   -6.73706   -6.48483
   3030.73     50000   -5.83874   -6.96707   -6.88391   -6.86975   -6.53323
   3054.04     55000   -5.88482   -7.23187   -7.29085   -7.31344   -6.61099
   3077.36     60000   -5.95827   -7.15278   -6.98033   -6.95684   -6.63656
   3100.69     65000   -5.99635   -7.06735   -6.93531   -6.91497   -6.65664
   3124.00     70000   -6.00707   -7.23150   -7.22200   -7.22167   -6.72821
   3147.29     75000   -6.07576   -7.41692   -7.31052   -7.29621   -6.78714
   3170.57     80000   -6.15984   -7.23876   -7.07624   -7.05306   -6.79717
   3193.87     85000   -6.15114   -7.26964   -7.17890   -7.16365   -6.84176
   3217.15     90000   -6.19370   -7.52834   -7.59386   -7.61805   -6.92039
   3240.44     95000   -6.26511   -7.48004   -7.30893   -7.28571   -6.94973
   3263.72    100000   -6.31211   -7.37879   -7.24216   -7.22133   -6.96717
   3287.00      5000   -6.31746   -7.52661   -7.50415   -7.50090   -7.03614
   3310.29     10000   -6.38457   -7.73737   -7.65256   -7.64164   -7.09888
   3333.59     15000   -6.46685   -7.55909   -7.39386   -7.37049   -7.10971
   3356.91     20000   -6.46418   -7.57333   -7.47553   -7.45931   -7.15049
   3380.23     25000   -6.50173   -7.82308   -7.88759   -7.91068   -7.22950
   3403.55     30000   -6.57312   -7.80787   -7.63933   -7.61651   -7.26284
   3426.88     35000   -6.62904   -7.69132   -7.55033   -7.52906   -7.27799
   3450.19     40000   -6.62803   -7.82267   -7.78810   -7.78233   -7.34406
   3473.49     45000   -6.69339   -8.05448   -7.99461   -7.98804   -7.41029
   3496.79     50000   -6.77313   -7.88052   -7.71290   -7.68937   -7.42244
   3520.09     55000   -6.77728   -7.87813   -7.77374   -7.75665   -7.45943
   3543.39     60000   -6.81024   -8.11670   -8.17422   -8.19421   -7.53834
   3566.67     65000   -6.88264   -8.13604   -7.97158   -7.94932   -7.57587
   3589.96     70000   -6.94618   -8.00494   -7.85983   -7.83816   -7.58908
   3613.25     75000   -6.93986   -8.11973   -8.07394   -8.06600   -7.65200
   3636.53     80000   -7.00211   -8.36784   -8.33532   -8.33414   -7.72138
   3659.82     85000   -7.07928   -8.20304   -8.03338   -8.00974   -7.73531
   3683.11     90000   -7.08997   -8.18404   -8.07347   -8.05560   -7.76862
   3706.39     95000   -7.11897   -8.40974   -8.45625   -8.47207   -7.84694
   3729.68    100000   -7.19092   -8.46421   -8.30572   -8.28425   -7.88877
   3752.97      5000   -7.26379   -8.31967   -8.17066   -8.14862   -7.90044
   3776.25     10000   -7.25212   -8.41785   -8.36169   -8.35187   -7.95999
   3799.56     15000   -7.31043   -8.67725   -8.67278   -8.67791   -8.03213
   3822.86     20000   -7.38696   -8.52663   -8.35537   -8.33167   -8.04831
   3846.16     25000   -7.40419   -8.49105   -8.37469   -8.35611   -8.07805
   3869.44     30000   -7.42764   -8.70262   -8.73589   -8.74725   -8.15533
   3892.73     35000   -7.50036   -8.79200   -8.64176   -8.62137   -8.20151
   3915.77     40000   -7.58212   -8.63550   -8.48280   -8.46043   -8.21206
   3938.67     45000   -7.56417   -8.71705   -8.65131   -8.63987   -8.26807
   3961.37     50000   -7.61926   -8.98279   -9.00462   -9.01648   -8.34254
   3983.92     55000   -7.69418   -8.85126   -8.67890   -8.65519   -8.36140
   4006.43     60000   -7.71836   -8.79915   -8.67734   -8.65812   -8.38775
   4029.00     65000   -7.73739   -8.99571   -9.01481   -9.02189   -8.46355
   4051.50     70000   -7.80797   -9.11891   -8.97967   -8.96072   -8.51405
   4073.23     75000   -7.89715   -8.95243   -8.79627   -8.77360   -8.52394
   4094.99     80000   -7.87633   -9.01735   -8.94275   -8.92990   -8.57628
   4116.88     85000   -7.92772   -9.28480   -9.32839   -9.34642   -8.65260
MyID= 0: Time=  0.1,has convergenced
     1684721 iterations for the convertgence of psi
 MyID=           0 has finish
