 START-UP FOR CHUNK...
     23.51      5000   -0.66062   -2.04475   -2.32433   -2.55836   -1.29282
     46.85     10000   -0.91274   -2.11462   -2.44136   -2.56243   -1.54424
     70.17     15000   -1.01855   -2.19830   -2.35025   -2.42002   -1.67994
     93.50     20000   -1.04239   -2.64172   -2.20327   -2.21703   -1.75533
    116.83     25000   -0.98632   -2.49698   -2.01116   -2.00484   -1.72947
    140.15     30000   -0.86314   -2.23366   -1.77429   -1.78626   -1.59228
    163.48     35000   -0.70773   -1.98206   -1.56591   -1.57551   -1.40061
    186.80     40000   -0.56947   -1.69310   -1.44358   -1.43543   -1.22245
    210.12     45000   -0.46649   -1.59760   -1.52806   -1.50848   -1.13741
    233.44     50000   -0.46718   -1.88102   -1.81845   -1.87830   -1.19587
    256.76     55000   -0.58227   -1.78523   -1.63431   -1.59780   -1.28724
    280.08     60000   -0.74876   -1.86857   -1.71324   -1.68687   -1.41430
    303.40     65000   -0.82573   -2.13373   -2.12138   -2.11317   -1.54828
    326.73     70000   -0.88996   -2.16965   -2.02159   -2.01574   -1.58459
    350.06     75000   -0.89349   -1.97755   -1.79023   -1.77431   -1.53234
    373.39     80000   -0.82928   -1.94480   -1.86317   -1.84472   -1.51592
    396.72     85000   -0.84049   -2.18151   -2.23514   -2.27582   -1.57390
    420.05     90000   -0.93419   -2.12802   -1.98396   -1.95655   -1.62490
    443.37     95000   -1.03029   -2.10029   -1.96853   -1.94754   -1.68652
    466.69    100000   -1.07408   -2.31787   -2.29375   -2.28496   -1.78948
 ITERATION...
    490.01      5000   -1.14686   -2.46964   -2.37716   -2.36852   -1.85065
    513.33     10000   -1.19672   -2.28366   -2.11609   -2.09525   -1.83692
    536.65     15000   -1.16682   -2.27614   -2.18874   -2.17136   -1.85029
    559.98     20000   -1.19091   -2.51847   -2.58742   -2.62627   -1.91983
    583.30     25000   -1.27316   -2.48489   -2.33535   -2.30989   -1.96416
    606.62     30000   -1.35012   -2.41036   -2.27645   -2.25465   -2.00066
    629.95     35000   -1.37046   -2.58312   -2.55372   -2.54341   -2.08456
    653.28     40000   -1.44169   -2.78035   -2.72602   -2.71917   -2.15202
    676.61     45000   -1.50806   -2.60677   -2.44203   -2.42061   -2.15377
    699.94     50000   -1.49721   -2.60162   -2.50519   -2.48659   -2.17811
    723.27     55000   -1.52500   -2.83777   -2.91265   -2.93915   -2.25243
    746.59     60000   -1.60328   -2.83514   -2.68459   -2.66188   -2.29554
    769.91     65000   -1.67465   -2.73118   -2.59143   -2.56875   -2.31888
    793.24     70000   -1.68066   -2.87201   -2.82963   -2.81694   -2.39078
    816.55     75000   -1.74711   -3.09764   -3.08109   -3.07742   -2.46242
    839.85     80000   -1.81920   -2.93423   -2.77014   -2.74818   -2.47253
    863.16     85000   -1.82319   -2.91997   -2.81300   -2.79397   -2.49941
    886.46     90000   -1.84917   -3.14437   -3.20806   -3.22336   -2.57552
    909.76     95000   -1.92504   -3.18001   -3.03649   -3.01605   -2.62151
    933.06    100000   -2.00167   -3.05388   -2.90895   -2.88634   -2.63785
    956.37      5000   -1.99694   -3.16741   -3.11158   -3.09713   -2.70114
    979.67     10000   -2.05774   -3.41382   -3.43571   -3.43843   -2.77619
   1002.97     15000   -2.13239   -3.26493   -3.10150   -3.07913   -2.79222
   1026.28     20000   -2.14732   -3.23454   -3.11921   -3.09938   -2.81782
   1049.58     25000   -2.16880   -3.44435   -3.48727   -3.49405   -2.89375
   1072.89     30000   -2.24300   -3.52283   -3.39192   -3.37313   -2.94449
   1096.19     35000   -2.33048   -3.37824   -3.22911   -3.20644   -2.95726
   1119.51     40000   -2.31404   -3.46653   -3.39824   -3.38267   -3.01355
   1142.83     45000   -2.36954   -3.72441   -3.78173   -3.79237   -3.09122
   1166.16     50000   -2.44400   -3.59907   -3.43638   -3.41398   -3.11255
   1189.48     55000   -2.46959   -3.54898   -3.42654   -3.40603   -3.13532
   1212.81     60000   -2.48718   -3.74066   -3.76119   -3.76142   -3.20959
   1236.13     65000   -2.55985   -3.86377   -3.75064   -3.73417   -3.26574
   1259.46     70000   -2.64886   -3.70485   -3.55183   -3.52897   -3.27709
   1282.78     75000   -2.63407   -3.76902   -3.68929   -3.67254   -3.32716
   1306.10     80000   -2.68282   -4.02949   -4.11096   -4.12809   -3.40659
   1329.42     85000   -2.75783   -3.93612   -3.77493   -3.75269   -3.43328
   1352.75     90000   -2.79410   -3.86510   -3.73606   -3.71499   -3.45280
   1376.08     95000   -2.80626   -4.03643   -4.03530   -4.03062   -3.52431
   1399.40    100000   -2.87640   -4.20101   -4.11249   -4.09931   -3.58585
   1422.73      5000   -2.96037   -4.03357   -3.87702   -3.85408   -3.59730
   1446.06     10000   -2.95458   -4.07436   -3.98409   -3.96626   -3.64155
   1469.38     15000   -2.99670   -4.32980   -4.41915   -4.43803   -3.72186
   1492.70     20000   -3.07030   -4.27514   -4.11716   -4.09534   -3.75418
   1516.03     25000   -3.11934   -4.18319   -4.04812   -4.02656   -3.77061
   1539.35     30000   -3.12342   -4.33316   -4.31210   -4.30370   -3.83852
   1562.67     35000   -3.19201   -4.53331   -4.47658   -4.46791   -3.90507
   1586.00     40000   -3.27356   -4.36418   -4.20479   -4.18183   -3.91784
   1609.32     45000   -3.27475   -4.38208   -4.28222   -4.26350   -3.95657
   1632.64     50000   -3.31090   -4.62666   -4.70843   -4.72411   -4.03684
   1655.96     55000   -3.38580   -4.61540   -4.46316   -4.44207   -4.07507
   1679.29     60000   -3.44468   -4.50324   -4.36275   -4.34080   -4.08887
   1702.62     65000   -3.44242   -4.63129   -4.59253   -4.58127   -4.15255
   1725.94     70000   -3.50674   -4.85951   -4.84058   -4.83805   -4.22350
   1749.27     75000   -3.58491   -4.69669   -4.53529   -4.51235   -4.23865
   1772.59     80000   -3.59541   -4.69193   -4.58347   -4.56397   -4.27213
   1795.91     85000   -3.62565   -4.92150   -4.98545   -4.99541   -4.35147
   1819.24     90000   -3.70044   -4.95625   -4.81306   -4.79303   -4.39577
   1842.56     95000   -3.77216   -4.82531   -4.67996   -4.65771   -4.40762
   1865.88    100000   -3.76250   -4.93112   -4.87680   -4.86334   -4.46660
   1889.21      5000   -3.82196   -5.17874   -5.20009   -5.20525   -4.54120
   1912.53     10000   -3.89913   -5.03113   -4.86863   -4.84578   -4.55968
   1935.86     15000   -3.91776   -5.00387   -4.88764   -4.86748   -4.58821
   1959.19     20000   -3.94115   -5.21549   -5.25713   -5.26109   -4.66579
   1982.51     25000   -4.01482   -5.29681   -5.16695   -5.14847   -4.71616
   2005.83     30000   -4.10100   -5.14947   -4.99977   -4.97726   -4.72686
   2029.15     35000   -4.08181   -5.23287   -5.16487   -5.14967   -4.78081
   2052.48     40000   -4.13618   -5.49086   -5.54837   -5.56159   -4.85820
   2075.80     45000   -4.21157   -5.36748   -5.20498   -5.18233   -4.88083
   2099.12     50000   -4.23934   -5.31789   -5.19461   -5.17388   -4.90484
   2122.45     55000   -4.25771   -5.50963   -5.52830   -5.52701   -4.97985
   2145.77     60000   -4.33030   -5.63588   -5.52476   -5.50852   -5.03613
   2169.10     65000   -4.41798   -5.47573   -5.32218   -5.29947   -5.04657
   2192.43     70000   -4.40258   -5.53666   -5.45657   -5.43996   -5.09528
   2215.75     75000   -4.45058   -5.79653   -5.87818   -5.89706   -5.17454
   2239.07     80000   -4.52582   -5.70556   -5.54453   -5.52221   -5.20204
   2262.40     85000   -4.56367   -5.63398   -5.50429   -5.48306   -5.22201
   2285.74     90000   -4.57585   -5.80464   -5.80163   -5.79609   -5.29375
   2309.09     95000   -4.64595   -5.97197   -5.88609   -5.87308   -5.35558
   2332.45    100000   -4.72918   -5.80410   -5.64724   -5.62439   -5.36669
   2355.78      5000   -4.72359   -5.84252   -5.75170   -5.73394   -5.41009
   2379.11     10000   -4.76499   -6.09703   -6.18594   -6.20557   -5.49027
   2402.43     15000   -4.83876   -6.04513   -5.88747   -5.86567   -5.52319
   2425.75     20000   -4.88891   -5.95214   -5.81660   -5.79495   -5.53972
   2449.08     25000   -4.89281   -6.10101   -6.07837   -6.06947   -5.60759
   2472.40     30000   -4.96121   -6.30351   -6.24978   -6.24135   -5.67446
   2495.72     35000   -5.04213   -6.13454   -5.97500   -5.95208   -5.68718
   2519.04     40000   -5.04379   -6.15046   -6.05007   -6.03136   -5.72531
   2542.37     45000   -5.07944   -6.39393   -6.47457   -6.49035   -5.80545
   2565.69     50000   -5.15445   -6.38575   -6.23402   -6.21297   -5.84420
   2589.02     55000   -5.21431   -6.27236   -6.13150   -6.10950   -5.85798
   2612.34     60000   -5.21171   -6.39904   -6.35898   -6.34743   -5.92145
   2635.66     65000   -5.27567   -6.62905   -6.61332   -6.61115   -5.99270
   2658.99     70000   -5.35366   -6.46705   -6.30556   -6.28265   -6.00797
   2682.31     75000   -5.36474   -6.46049   -6.35151   -6.33199   -6.04097
   2705.64     80000   -5.39433   -6.68875   -6.75119   -6.76094   -6.12017
   2728.97     85000   -5.46928   -6.72680   -6.58436   -6.56442   -6.16495
   2752.29     90000   -5.54188   -6.59465   -6.44896   -6.42667   -6.17675
   2775.62     95000   -5.53162   -6.69894   -6.64352   -6.62987   -6.23544
   2798.94    100000   -5.59072   -6.94768   -6.97206   -6.97771   -6.31028
   2822.27      5000   -5.66772   -6.80157   -6.63903   -6.61621   -6.32899
   2845.59     10000   -5.68697   -6.77259   -6.65586   -6.63567   -6.35713
   2868.92     15000   -5.71009   -6.98277   -7.02276   -7.02642   -6.43452
   2892.25     20000   -5.78356   -7.06739   -6.93863   -6.92029   -6.48534
   2915.58     25000   -5.87064   -6.91900   -6.76900   -6.74646   -6.49603
   2938.91     30000   -5.85110   -7.00083   -6.93187   -6.91653   -6.54963
   2962.25     35000   -5.90511   -7.25926   -7.31911   -7.33277   -6.62720
   2985.58     40000   -5.98036   -7.13800   -6.97556   -6.95294   -6.65014
   3008.91     45000   -6.00877   -7.08676   -6.96301   -6.94225   -6.67381
   3032.24     50000   -6.02672   -7.27698   -7.29403   -7.29246   -6.74860
   3055.57     55000   -6.09927   -7.40633   -7.29677   -7.28074   -6.80529
   3078.90     60000   -6.18659   -7.24544   -7.09163   -7.06890   -6.81576
   3102.23     65000   -6.17178   -7.30476   -7.22384   -7.20712   -6.86411
   3125.56     70000   -6.21944   -7.56449   -7.64729   -7.66635   -6.94347
   3148.89     75000   -6.29442   -7.47618   -7.31532   -7.29304   -6.97134
   3172.22     80000   -6.33316   -7.40300   -7.27287   -7.25161   -6.99103
   3195.55     85000   -6.34473   -7.57208   -7.56758   -7.56179   -7.06250
   3218.87     90000   -6.41481   -7.74217   -7.65836   -7.64564   -7.12472
   3242.17     95000   -6.49785   -7.57397   -7.41689   -7.39404   -7.13592
   3265.46    100000   -6.49280   -7.61077   -7.51922   -7.50138   -7.17894
   3288.76      5000   -6.53380   -7.86467   -7.95345   -7.97290   -7.25915
   3312.06     10000   -6.60757   -7.81582   -7.65850   -7.63674   -7.29248
   3335.35     15000   -6.65849   -7.72130   -7.58536   -7.56369   -7.30878
   3358.65     20000   -6.66190   -7.86856   -7.84459   -7.83549   -7.37634
   3381.95     25000   -6.73007   -8.07332   -8.02216   -8.01414   -7.44355
   3405.25     30000   -6.81062   -7.90457   -7.74486   -7.72194   -7.45643
   3428.54     35000   -6.81297   -7.91887   -7.81782   -7.79904   -7.49418
   3451.84     40000   -6.84823   -8.16137   -8.24094   -8.25630   -7.57429
   3475.14     45000   -6.92318   -8.15648   -8.00531   -7.98433   -7.61347
   3498.44     50000   -6.98398   -8.04167   -7.90044   -7.87841   -7.62707
   3521.73     55000   -6.98088   -8.16672   -8.12549   -8.11377   -7.69021
   3545.03     60000   -7.04444   -8.39839   -8.38555   -8.38391   -7.76175
   3568.33     65000   -7.12236   -8.23724   -8.07563   -8.05272   -7.77724
   3591.63     70000   -7.13413   -8.22905   -8.11948   -8.09991   -7.80988
   3614.92     75000   -7.16313   -8.45609   -8.51698   -8.52626   -7.88898
   3638.22     80000   -7.23823   -8.49753   -8.35593   -8.33609   -7.93419
   3661.52     85000   -7.31164   -8.36410   -8.21809   -8.19577   -7.94589
   3684.82     90000   -7.30068   -8.46677   -8.41031   -8.39652   -8.00421
   3708.12     95000   -7.35942   -8.71651   -8.74370   -8.74996   -8.07928
   3731.42    100000   -7.43629   -8.57190   -8.40933   -8.38651   -8.09827
   3754.72      5000   -7.45620   -8.54130   -8.42404   -8.40380   -8.12608
   3778.02     10000   -7.47910   -8.75009   -8.78840   -8.79164   -8.20330
   3801.32     15000   -7.55235   -8.83804   -8.71048   -8.69228   -8.25456
   3824.61     20000   -7.64013   -8.68861   -8.53831   -8.51575   -8.26520
   3847.91     25000   -7.62038   -8.76880   -8.69892   -8.68347   -8.31842
   3871.21     30000   -7.67402   -9.02759   -9.08961   -9.10380   -8.39615
   3893.83     35000   -7.74915   -8.90847   -8.74609   -8.72348   -8.41943
   3916.58     40000   -7.77822   -8.85562   -8.73139   -8.71059   -8.44280
   3939.07     45000   -7.79576   -9.04434   -9.05977   -9.05785   -8.51736
   3961.55     50000   -7.86828   -9.17681   -9.06889   -9.05306   -8.57447
   3983.42     55000   -7.95506   -9.01520   -8.86113   -8.83839   -8.58497
   4005.81     60000   -7.94099   -9.07288   -8.99114   -8.97434   -8.63292
   4027.75     65000   -7.98829   -9.33241   -9.41622   -9.43550   -8.71238
MyID= 0: Time=  0.1,has convergenced
     1685428 iterations for the convertgence of psi
 MyID=           0 has finish
