 START-UP FOR CHUNK...
     23.48      5000   -0.64596   -2.04322   -2.26531   -2.35919   -1.29190
     46.87     10000   -0.87403   -2.11888   -2.27403   -2.35999   -1.53829
     70.26     15000   -0.94564   -2.20539   -2.17138   -2.21547   -1.65576
     93.64     20000   -0.93075   -2.57726   -2.01442   -2.01433   -1.68344
    117.03     25000   -0.83729   -2.28429   -1.81218   -1.80877   -1.59653
    140.42     30000   -0.70074   -2.00347   -1.60161   -1.61011   -1.43450
    163.80     35000   -0.57445   -1.73359   -1.46312   -1.46433   -1.26671
    187.18     40000   -0.46838   -1.61890   -1.50778   -1.48565   -1.16583
    210.57     45000   -0.48242   -1.81718   -1.84102   -1.93990   -1.20864
    233.95     50000   -0.57794   -1.84301   -1.71306   -1.68348   -1.29813
    257.34     55000   -0.76781   -1.83130   -1.68837   -1.66621   -1.40210
    280.72     60000   -0.83845   -2.07588   -2.00192   -1.98053   -1.53926
    304.11     65000   -0.91268   -2.24222   -2.21966   -2.23206   -1.61883
    327.49     70000   -0.93321   -2.05089   -1.86833   -1.85500   -1.58920
    350.88     75000   -0.89262   -1.96394   -1.84923   -1.82396   -1.55522
    374.26     80000   -0.87374   -2.12347   -2.16506   -2.16118   -1.59580
    397.65     85000   -0.94823   -2.23473   -2.14351   -2.11844   -1.65789
    421.03     90000   -1.07637   -2.11453   -1.98014   -1.95739   -1.70062
    444.42     95000   -1.09797   -2.25108   -2.16702   -2.14986   -1.78671
    467.80    100000   -1.16322   -2.50548   -2.60576   -2.61535   -1.87818
 ITERATION...
    491.19      5000   -1.22092   -2.38266   -2.22046   -2.20427   -1.89104
    514.57     10000   -1.22950   -2.29574   -2.17117   -2.14886   -1.88461
    537.96     15000   -1.22222   -2.44692   -2.45742   -2.44920   -1.93848
    561.34     20000   -1.29379   -2.61118   -2.54220   -2.53028   -2.00531
    584.72     25000   -1.39515   -2.46051   -2.31536   -2.29127   -2.03240
    608.11     30000   -1.41009   -2.53454   -2.44011   -2.41942   -2.09251
    631.49     35000   -1.46057   -2.79260   -2.90928   -2.91452   -2.18126
    654.88     40000   -1.53125   -2.72630   -2.57723   -2.55920   -2.21187
    678.26     45000   -1.56804   -2.63051   -2.49592   -2.47396   -2.21587
    701.65     50000   -1.56313   -2.76745   -2.74778   -2.73420   -2.27326
    725.03     55000   -1.63029   -2.96422   -2.93972   -2.93510   -2.34436
    748.42     60000   -1.71785   -2.80741   -2.65663   -2.63387   -2.36597
    771.80     65000   -1.73273   -2.83897   -2.73326   -2.71177   -2.40977
    795.19     70000   -1.77192   -3.08391   -3.17733   -3.17507   -2.49478
    818.57     75000   -1.84805   -3.07563   -2.94183   -2.92389   -2.53735
    841.96     80000   -1.90777   -2.96123   -2.82065   -2.79852   -2.54486
    865.35     85000   -1.89772   -3.07751   -3.03103   -3.01429   -2.60043
    888.73     90000   -1.95868   -3.30626   -3.33685   -3.33956   -2.67619
    912.12     95000   -2.04085   -3.15571   -3.00400   -2.98179   -2.69870
    935.50    100000   -2.06159   -3.15082   -3.03578   -3.01408   -2.73122
    958.89      5000   -2.09025   -3.37351   -3.42896   -3.42171   -2.81191
    982.27     10000   -2.16624   -3.42953   -3.31633   -3.29957   -2.86449
   1005.66     15000   -2.24950   -3.29358   -3.14858   -3.12643   -2.87345
   1029.04     20000   -2.23003   -3.38293   -3.31574   -3.29707   -2.92416
   1052.43     25000   -2.28296   -3.63291   -3.71681   -3.72813   -3.00357
   1075.82     30000   -2.36202   -3.50807   -3.35736   -3.33573   -3.03076
   1099.20     35000   -2.39368   -3.46890   -3.34549   -3.32335   -3.05501
   1122.59     40000   -2.41385   -3.66381   -3.68194   -3.67051   -3.13056
   1145.97     45000   -2.48762   -3.78416   -3.70070   -3.68653   -3.19191
   1169.36     50000   -2.57025   -3.63046   -3.48145   -3.45922   -3.20254
   1192.74     55000   -2.56101   -3.69008   -3.60571   -3.58576   -3.24685
   1216.13     60000   -2.60532   -3.94430   -4.05586   -4.06969   -3.32814
   1239.51     65000   -2.68253   -3.86367   -3.71715   -3.69651   -3.36228
   1262.90     70000   -2.72845   -3.79246   -3.66113   -3.63875   -3.38045
   1286.28     75000   -2.73776   -3.95696   -3.94279   -3.92793   -3.44997
   1309.67     80000   -2.80915   -4.13372   -4.09333   -4.08398   -3.51883
   1333.05     85000   -2.88926   -3.97177   -3.81979   -3.79765   -3.53234
   1356.44     90000   -2.89032   -4.00078   -3.90193   -3.88105   -3.56966
   1379.82     95000   -2.92715   -4.24543   -4.34642   -4.35362   -3.65089
   1403.21    100000   -3.00513   -4.22127   -4.08421   -4.06485   -3.69320
   1426.59      5000   -3.06578   -4.12044   -3.98224   -3.95979   -3.70720
   1449.98     10000   -3.06550   -4.25378   -4.21268   -4.19545   -3.76992
   1473.37     15000   -3.12968   -4.47341   -4.48905   -4.48694   -3.84477
   1496.75     20000   -3.20805   -4.31711   -4.16395   -4.14209   -3.86273
   1520.14     25000   -3.22197   -4.31518   -4.20434   -4.18285   -3.89313
   1543.52     30000   -3.24969   -4.54071   -4.60800   -4.60616   -3.97240
   1566.90     35000   -3.32685   -4.57972   -4.45931   -4.44174   -4.02334
   1590.29     40000   -3.40691   -4.45245   -4.30868   -4.28622   -4.03509
   1613.67     45000   -3.39336   -4.55437   -4.49136   -4.47250   -4.09044
   1637.06     50000   -3.45065   -4.80031   -4.87372   -4.88032   -4.16951
   1660.44     55000   -3.52764   -4.66645   -4.51433   -4.49292   -4.19351
   1683.83     60000   -3.55353   -4.63348   -4.51269   -4.49079   -4.21753
   1707.22     65000   -3.57435   -4.83385   -4.86288   -4.85411   -4.29315
   1730.60     70000   -3.65012   -4.93689   -4.84300   -4.82816   -4.35251
   1753.99     75000   -3.73536   -4.78857   -4.64044   -4.61803   -4.36396
   1777.37     80000   -3.72288   -4.85894   -4.77809   -4.75808   -4.41163
   1800.76     85000   -3.77101   -5.11389   -5.22351   -5.23514   -4.49300
   1824.14     90000   -3.84768   -5.01959   -4.87143   -4.85069   -4.52438
   1847.53     95000   -3.88849   -4.95589   -4.82672   -4.80454   -4.54299
   1870.91    100000   -3.89944   -5.12767   -5.12235   -5.10900   -4.61350
   1894.30      5000   -3.97198   -5.28937   -5.23487   -5.22430   -4.68051
   1917.69     10000   -4.05419   -5.12890   -4.97761   -4.95535   -4.69366
   1941.07     15000   -4.05248   -5.16767   -5.07210   -5.05127   -4.73365
   1964.46     20000   -4.09164   -5.41659   -5.52428   -5.53223   -4.81536
   1987.84     25000   -4.16977   -5.37583   -5.23583   -5.21611   -4.85505
   2011.23     30000   -4.22492   -5.28249   -5.14621   -5.12386   -4.86954
   2034.61     35000   -4.22673   -5.42393   -5.39004   -5.37370   -4.93383
   2058.00     40000   -4.29296   -5.63290   -5.63144   -5.62742   -5.00718
   2081.39     45000   -4.37199   -5.47340   -5.32044   -5.29844   -5.02401
   2104.77     50000   -4.38364   -5.48063   -5.37275   -5.35133   -5.05662
   2128.16     55000   -4.41327   -5.71255   -5.79026   -5.79004   -5.13677
   2151.54     60000   -4.49152   -5.73386   -5.60825   -5.59009   -5.18521
   2174.93     65000   -4.56505   -5.61326   -5.47104   -5.44862   -5.19717
   2198.31     70000   -4.55484   -5.72359   -5.66642   -5.64811   -5.25441
   2221.70     75000   -4.61408   -5.96390   -6.02179   -6.02643   -5.33248
   2245.08     80000   -4.69185   -5.82194   -5.66928   -5.64769   -5.35477
   2268.47     85000   -4.71413   -5.79778   -5.67953   -5.65768   -5.38063
   2291.85     90000   -4.73711   -6.00572   -6.04509   -6.03768   -5.45750
   2315.24     95000   -4.81332   -6.09152   -5.98930   -5.97353   -5.51455
   2338.62    100000   -4.89992   -5.94820   -5.80121   -5.77880   -5.52579
   2362.01      5000   -4.88438   -6.02713   -5.95099   -5.93133   -5.57550
   2385.39     10000   -4.93521   -6.28117   -6.38405   -6.39546   -5.65642
   2408.78     15000   -5.01235   -6.17427   -6.02459   -6.00363   -5.68569
   2432.16     20000   -5.04898   -6.11909   -5.99206   -5.96992   -5.70575
   2455.55     25000   -5.06238   -6.29909   -6.30266   -6.29025   -5.77785
   2478.93     30000   -5.13600   -6.44558   -6.37891   -6.36690   -5.84283
   2502.32     35000   -5.21828   -6.28733   -6.13679   -6.11449   -5.85527
   2525.70     40000   -5.21478   -6.33475   -6.24303   -6.22244   -5.89732
   2549.08     45000   -5.25591   -6.58657   -6.69838   -6.70835   -5.97912
   2572.47     50000   -5.33322   -6.52983   -6.38699   -6.36694   -6.01647
   2595.85     55000   -5.38447   -6.44456   -6.31010   -6.28777   -6.03199
   2619.24     60000   -5.38875   -6.59455   -6.56795   -6.55226   -6.09811
   2642.62     65000   -5.45711   -6.79194   -6.77475   -6.76861   -6.16986
   2666.00     70000   -5.53653   -6.63063   -6.47798   -6.45590   -6.18546
   2689.39     75000   -5.54431   -6.64654   -6.54188   -6.52062   -6.22004
   2712.77     80000   -5.57702   -6.88399   -6.97156   -6.97377   -6.30079
   2736.16     85000   -5.65553   -6.88757   -6.75717   -6.73852   -6.34681
   2759.55     90000   -5.72362   -6.77419   -6.63348   -6.61106   -6.35932
   2782.94     95000   -5.71692   -6.89320   -6.84197   -6.82410   -6.41858
   2806.34    100000   -5.77813   -7.12662   -7.16849   -7.17059   -6.49552
   2829.74      5000   -5.85662   -6.97804   -6.82508   -6.80336   -6.51613
   2853.14     10000   -5.87518   -6.96252   -6.84699   -6.82525   -6.54377
   2876.54     15000   -5.90020   -7.17760   -7.22761   -7.22201   -6.62170
   2899.95     20000   -5.97658   -7.24563   -7.13582   -7.11929   -6.67642
   2923.34     25000   -6.06340   -7.10798   -6.96219   -6.93976   -6.68767
   2946.71     30000   -6.04639   -7.19563   -7.12435   -7.10501   -6.73950
   2970.07     35000   -6.09906   -7.44761   -7.54105   -7.55115   -6.81982
   2993.47     40000   -6.17724   -7.32934   -7.17853   -7.15736   -6.84703
   3016.87     45000   -6.20935   -7.28268   -7.15795   -7.13588   -6.86858
   3040.24     50000   -6.22573   -7.47068   -7.48364   -7.47243   -6.94213
   3063.63     55000   -6.29944   -7.60109   -7.52317   -7.50996   -7.00502
   3087.03     60000   -6.38281   -7.44596   -7.29627   -7.27392   -7.01693
   3110.42     65000   -6.37662   -7.50211   -7.41441   -7.39403   -7.06110
   3133.78     70000   -6.42000   -7.75595   -7.86929   -7.88055   -7.14285
   3157.15     75000   -6.49674   -7.68408   -7.53889   -7.51855   -7.17788
   3180.52     80000   -6.54442   -7.60700   -7.47447   -7.45219   -7.19451
   3203.89     85000   -6.55119   -7.76541   -7.74658   -7.73168   -7.26239
   3227.26     90000   -6.62170   -7.95002   -7.91779   -7.90978   -7.33240
   3250.66     95000   -6.70153   -7.78812   -7.63589   -7.61373   -7.34694
   3274.06    100000   -6.70544   -7.81275   -7.71144   -7.69033   -7.38355
   3297.46      5000   -6.74125   -8.05515   -8.15161   -8.15617   -7.46478
   3320.87     10000   -6.81898   -8.04136   -7.90684   -7.88773   -7.50837
   3344.24     15000   -6.88240   -7.93547   -7.79638   -7.77398   -7.52154
   3367.63     20000   -6.87944   -8.06311   -8.01819   -8.00085   -7.58277
   3391.02     25000   -6.94262   -8.28825   -8.31352   -8.31317   -7.65845
   3414.41     30000   -7.02139   -8.13441   -7.98132   -7.95948   -7.67750
   3437.78     35000   -7.03668   -8.12757   -8.01486   -7.99324   -7.70699
   3461.14     40000   -7.06374   -8.34943   -8.41016   -8.40652   -7.78587
   3484.52     45000   -7.14030   -8.39957   -8.28308   -8.26587   -7.83821
   3507.89     50000   -7.22392   -8.26811   -8.12361   -8.10117   -7.84962
   3531.26     55000   -7.20822   -8.36445   -8.29833   -8.27934   -7.90354
   3554.63     60000   -7.26336   -8.61306   -8.69446   -8.70274   -7.98312
   3578.00     65000   -7.34089   -8.48467   -8.33296   -8.31162   -8.00837
   3601.37     70000   -7.36917   -8.44658   -8.32424   -8.30225   -8.03149
   3624.74     75000   -7.38882   -8.64239   -8.66516   -8.65529   -8.10640
   3648.11     80000   -7.46335   -8.75611   -8.66806   -8.65377   -8.16711
   3671.48     85000   -7.54781   -8.60493   -8.45619   -8.43381   -8.17864
   3694.86     90000   -7.53785   -8.66980   -8.58633   -8.56621   -8.22494
   3718.23     95000   -7.58400   -8.92463   -9.03651   -9.04842   -8.30649
   3741.60    100000   -7.66072   -8.83852   -8.69135   -8.67075   -8.33926
   3764.97      5000   -7.70416   -8.76974   -8.63924   -8.61701   -8.35711
   3788.34     10000   -7.71369   -8.93651   -8.92588   -8.91185   -8.42667
   3811.72     15000   -7.78548   -9.10727   -9.06100   -9.05132   -8.49485
   3835.09     20000   -7.86699   -8.94593   -8.79425   -8.77203   -8.50846
   3858.46     25000   -7.86702   -8.97928   -8.88149   -8.86056   -8.54714
   3881.83     30000   -7.90493   -9.22593   -9.32988   -9.33672   -8.62870
   3905.06     35000   -7.98288   -9.19523   -9.05712   -9.03763   -8.66988
MyID= 0: Time=  0.1,has convergenced
     1686026 iterations for the convertgence of psi
 MyID=           0 has finish
