 START-UP FOR CHUNK...
     23.60      5000   -0.68032   -2.04594   -2.36839   -3.11166   -1.29285
     47.01     10000   -0.97041   -2.11220   -2.69868   -3.21798   -1.54758
     70.39     15000   -1.12940   -2.19270   -2.68700   -3.17383   -1.69624
     93.77     20000   -1.24464   -2.69843   -2.63011   -2.98332   -1.81820
    117.15     25000   -1.30611   -3.23110   -2.76842   -2.77344   -1.91250
    140.54     30000   -1.30600   -2.73736   -2.49596   -2.54270   -1.96630
    163.94     35000   -1.24634   -2.50178   -2.27232   -2.29456   -1.95379
    187.35     40000   -1.12213   -2.42449   -2.01053   -2.03350   -1.82282
    210.76     45000   -0.93655   -2.19479   -1.75009   -1.76921   -1.59438
    234.16     50000   -0.69981   -1.87857   -1.52171   -1.52217   -1.34358
    257.54     55000   -0.44357   -1.59125   -1.38715   -1.36566   -1.13572
    280.92     60000   -0.30081   -1.52012   -1.44990   -1.47979   -1.05984
    304.30     65000   -0.33596   -1.89184   -1.58568   -1.55127   -1.12366
    327.68     70000   -0.57519   -1.69917   -1.55141   -1.49734   -1.24899
    351.07     75000   -0.69473   -1.89078   -1.76708   -1.72857   -1.41223
    374.45     80000   -0.78410   -2.13184   -2.09371   -2.08691   -1.51504
    397.83     85000   -0.80975   -2.02288   -1.77097   -1.76159   -1.47720
    421.22     90000   -0.76698   -1.83785   -1.68396   -1.67346   -1.41271
    444.61     95000   -0.71525   -1.92863   -1.89618   -1.92571   -1.43625
    468.01    100000   -0.77321   -2.17185   -1.98800   -1.96210   -1.50634
 ITERATION...
    491.43      5000   -0.92805   -1.99721   -1.85063   -1.82007   -1.56760
    514.84     10000   -0.97047   -2.12964   -2.03432   -2.01755   -1.67382
    538.25     15000   -1.04207   -2.39986   -2.41015   -2.41989   -1.76393
    561.66     20000   -1.09048   -2.28330   -2.08062   -2.06132   -1.76043
    585.06     25000   -1.08501   -2.16324   -2.03445   -2.01782   -1.74757
    608.45     30000   -1.07217   -2.31187   -2.31140   -2.33445   -1.80014
    631.84     35000   -1.14028   -2.48229   -2.32757   -2.30468   -1.85791
    655.22     40000   -1.26306   -2.31586   -2.16414   -2.13929   -1.89140
    678.60     45000   -1.26597   -2.41396   -2.32910   -2.31634   -1.96922
    701.98     50000   -1.32770   -2.68768   -2.71156   -2.72216   -2.05115
    725.36     55000   -1.38908   -2.57541   -2.38707   -2.36550   -2.06038
    748.76     60000   -1.40153   -2.48015   -2.35410   -2.33622   -2.06721
    772.16     65000   -1.40347   -2.64643   -2.64945   -2.66496   -2.13086
    795.56     70000   -1.47183   -2.80776   -2.66048   -2.63967   -2.18524
    818.95     75000   -1.57737   -2.63386   -2.47800   -2.45380   -2.20611
    842.36     80000   -1.56833   -2.70650   -2.62329   -2.61066   -2.26964
    865.77     85000   -1.62358   -2.97991   -3.01513   -3.02960   -2.34886
    889.18     90000   -1.69079   -2.88210   -2.69951   -2.67660   -2.36532
    912.57     95000   -1.71508   -2.79090   -2.66271   -2.64425   -2.37967
    935.96    100000   -1.72154   -2.95675   -2.95494   -2.96467   -2.44759
    959.37      5000   -1.78945   -3.13145   -2.99375   -2.97548   -2.50244
    982.76     10000   -1.88651   -2.95094   -2.79100   -2.76709   -2.51723
   1006.14     15000   -1.87443   -3.00276   -2.91713   -2.90379   -2.57218
   1029.52     20000   -1.92421   -3.27345   -3.31741   -3.33690   -2.65072
   1052.89     25000   -1.99385   -3.19657   -3.01591   -2.99226   -2.67219
   1076.28     30000   -2.02722   -3.09980   -2.96797   -2.94870   -2.68890
   1099.67     35000   -2.03400   -3.25833   -3.24762   -3.25295   -2.75802
   1123.06     40000   -2.10165   -3.45175   -3.32711   -3.31122   -2.81498
   1146.45     45000   -2.19110   -3.26758   -3.10396   -3.08020   -2.82704
   1169.85     50000   -2.18231   -3.30193   -3.21178   -3.19783   -2.87619
   1193.24     55000   -2.22679   -3.56678   -3.61654   -3.63943   -2.95470
   1216.64     60000   -2.29735   -3.51440   -3.33488   -3.31108   -2.98016
   1240.05     65000   -2.33907   -3.40826   -3.27259   -3.25266   -2.99693
   1263.47     70000   -2.34452   -3.55652   -3.53612   -3.53784   -3.06564
   1286.87     75000   -2.41043   -3.76905   -3.66004   -3.64679   -3.12527
   1310.26     80000   -2.49562   -3.58392   -3.41730   -3.39350   -3.13638
   1333.66     85000   -2.49057   -3.60290   -3.50766   -3.49302   -3.18111
   1357.05     90000   -2.53145   -3.86020   -3.91170   -3.93593   -3.25973
   1380.44     95000   -2.60101   -3.83390   -3.65585   -3.63208   -3.28876
   1403.84    100000   -2.65068   -3.71693   -3.57760   -3.55715   -3.30460
   1427.23      5000   -2.65230   -3.85342   -3.82362   -3.82255   -3.37198
   1450.63     10000   -2.71772   -4.08339   -3.99237   -3.98221   -3.43440
   1474.02     15000   -2.80075   -3.90034   -3.73117   -3.70727   -3.44555
   1497.42     20000   -2.79938   -3.90495   -3.80469   -3.78933   -3.48660
   1520.81     25000   -2.83604   -4.15344   -4.20307   -4.22682   -3.56524
   1544.20     30000   -2.90596   -4.15449   -3.97843   -3.95485   -3.59768
   1567.58     35000   -2.96312   -4.02618   -3.88336   -3.86243   -3.61223
   1590.96     40000   -2.96006   -4.15015   -4.11145   -4.10809   -3.67774
   1614.34     45000   -3.02419   -4.39498   -4.32382   -4.31734   -3.74286
   1637.72     50000   -3.10446   -4.21716   -4.04571   -4.02169   -3.75470
   1661.09     55000   -3.10871   -4.20792   -4.10274   -4.08667   -3.79244
   1684.47     60000   -3.14171   -4.44642   -4.49126   -4.51317   -3.87092
   1707.86     65000   -3.21207   -4.47567   -4.30239   -4.27918   -3.90674
   1731.25     70000   -3.27612   -4.33615   -4.18994   -4.16858   -3.91997
   1754.64     75000   -3.26849   -4.44720   -4.40014   -4.39480   -3.98325
   1778.03     80000   -3.33096   -4.70387   -4.65384   -4.65174   -4.05090
   1801.43     85000   -3.40815   -4.53451   -4.36101   -4.33687   -4.06388
   1824.83     90000   -3.41777   -4.51170   -4.40173   -4.38499   -4.09853
   1848.24     95000   -3.44697   -4.73934   -4.77712   -4.79630   -4.17662
   1871.66    100000   -3.51778   -4.79702   -4.62763   -4.60496   -4.21583
   1895.05      5000   -3.58912   -4.64686   -4.49736   -4.47561   -4.22784
   1918.44     10000   -3.57713   -4.74480   -4.68984   -4.68278   -4.28866
   1941.84     15000   -3.63621   -5.01008   -4.98168   -4.98457   -4.35861
   1965.23     20000   -3.71274   -4.85245   -4.67715   -4.65290   -4.37311
   1988.63     25000   -3.72727   -4.81622   -4.70163   -4.68424   -4.40483
   2012.02     30000   -3.75320   -5.03231   -5.06149   -5.07748   -4.48227
   2035.41     35000   -3.82372   -5.11824   -4.95408   -4.93214   -4.52489
   2058.79     40000   -3.90254   -4.95828   -4.80562   -4.78351   -4.53587
   2082.17     45000   -3.88621   -5.04303   -4.98063   -4.97204   -4.59406
   2105.55     50000   -3.94221   -5.31373   -5.30635   -5.31467   -4.66607
   2128.93     55000   -4.01826   -5.17098   -4.99418   -4.96985   -4.68239
   2152.33     60000   -4.03774   -5.12144   -5.00241   -4.98441   -4.71130
   2175.73     65000   -4.05889   -5.32546   -5.34512   -5.35779   -4.78784
   2199.13     70000   -4.12998   -5.43902   -5.28168   -5.26069   -4.83386
   2222.52     75000   -4.21551   -5.27042   -5.11470   -5.09226   -4.84406
   2245.90     80000   -4.19469   -5.34193   -5.27250   -5.26255   -4.89949
   2269.28     85000   -4.24832   -5.61500   -5.62682   -5.64060   -4.97328
   2292.66     90000   -4.32242   -5.49010   -5.31214   -5.28776   -4.99171
   2316.04     95000   -4.34849   -5.42734   -5.30405   -5.28548   -5.01795
   2339.42    100000   -4.36554   -5.61890   -5.62861   -5.63803   -5.09333
   2362.81      5000   -4.43497   -5.75905   -5.61034   -5.59058   -5.14273
   2386.20     10000   -4.52497   -5.58325   -5.42460   -5.40185   -5.15240
   2409.59     15000   -4.50313   -5.64151   -5.56545   -5.55427   -5.20498
   2432.99     20000   -4.55386   -5.91416   -5.94212   -5.96087   -5.28028
   2456.39     25000   -4.62690   -5.80981   -5.63106   -5.60668   -5.30106
   2479.80     30000   -4.65812   -5.73393   -5.60654   -5.58742   -5.32477
   2503.20     35000   -4.67251   -5.91274   -5.91241   -5.91877   -5.39874
   2526.60     40000   -4.74091   -6.07802   -5.93997   -5.92177   -5.45146
   2550.01     45000   -4.83067   -5.89680   -5.73533   -5.71230   -5.46089
   2573.41     50000   -4.81250   -5.94179   -5.85945   -5.84715   -5.51055
   2596.81     55000   -4.86024   -6.21151   -6.25160   -6.27425   -5.58706
   2620.22     60000   -4.93207   -6.13006   -5.95098   -5.92665   -5.61044
   2643.62     65000   -4.96870   -6.04120   -5.90986   -5.89024   -5.63176
   2667.03     70000   -4.97966   -6.20706   -6.19682   -6.20038   -5.70409
   2690.43     75000   -5.04778   -6.39558   -6.27039   -6.25415   -5.76004
   2713.83     80000   -5.13450   -6.21105   -6.04690   -6.02361   -5.76952
   2737.24     85000   -5.12210   -6.24276   -6.15447   -6.14116   -5.81622
   2760.64     90000   -5.16553   -6.50738   -6.55507   -6.58011   -5.89364
   2784.05     95000   -5.23745   -6.45079   -6.27193   -6.24772   -5.91981
   2807.46    100000   -5.28025   -6.34915   -6.21400   -6.19390   -5.93892
   2830.87      5000   -5.28775   -6.50192   -6.48208   -6.48308   -6.00940
   2854.28     10000   -5.35435   -6.71139   -6.60135   -6.58756   -6.06845
   2877.69     15000   -5.43823   -6.52600   -6.35930   -6.33577   -6.07828
   2901.09     20000   -5.43110   -6.54444   -6.45050   -6.43626   -6.12199
   2924.50     25000   -5.47176   -6.80212   -6.85289   -6.87860   -6.20003
   2947.91     30000   -5.54181   -6.77192   -6.59393   -6.56992   -6.22917
   2971.31     35000   -5.59160   -6.65778   -6.51896   -6.49842   -6.24625
   2994.71     40000   -5.59481   -6.79737   -6.76832   -6.76701   -6.31468
   3018.12     45000   -5.66039   -7.02515   -6.93250   -6.92172   -6.37669
   3041.52     50000   -5.74291   -6.84165   -6.67256   -6.64882   -6.38717
   3064.93     55000   -5.74035   -6.84680   -6.74749   -6.73240   -6.42789
   3088.33     60000   -5.77703   -7.09603   -7.14583   -7.17064   -6.50624
   3111.72     65000   -5.84712   -7.09335   -6.91702   -6.89330   -6.53850
   3135.12     70000   -5.90388   -6.96710   -6.82474   -6.80377   -6.55376
   3158.52     75000   -5.90195   -7.09345   -7.05562   -7.05223   -6.61995
   3181.92     80000   -5.96639   -7.33660   -7.26331   -7.25619   -6.68473
   3205.31     85000   -6.04670   -7.15799   -6.98669   -6.96277   -6.69616
   3228.71     90000   -6.04975   -7.14987   -7.04544   -7.02956   -6.73392
   3252.10     95000   -6.08318   -7.38942   -7.43493   -7.45764   -6.81228
   3275.50    100000   -6.15337   -7.41493   -7.24121   -7.21790   -6.84778
   3298.89      5000   -6.21694   -7.27710   -7.13132   -7.10996   -6.86143
   3322.27     10000   -6.21003   -7.39019   -7.34402   -7.33877   -6.92522
   3345.67     15000   -6.27278   -7.64557   -7.59312   -7.59032   -6.99257
   3369.06     20000   -6.35018   -7.47503   -7.30171   -7.27762   -7.00525
   3392.45     25000   -6.35901   -7.45362   -7.34431   -7.32770   -7.04010
   3415.84     30000   -6.38850   -7.68252   -7.72129   -7.74110   -7.11816
   3439.23     35000   -6.45939   -7.73651   -7.56652   -7.54375   -7.15700
   3462.62     40000   -6.52990   -7.58779   -7.43870   -7.41697   -7.16928
   3486.01     45000   -6.51858   -7.68759   -7.63353   -7.62661   -7.23052
   3509.40     50000   -6.57808   -7.95199   -7.92103   -7.92319   -7.30020
   3532.79     55000   -6.65461   -7.79274   -7.61764   -7.59342   -7.31443
   3556.18     60000   -6.66843   -7.75806   -7.64408   -7.62679   -7.34642
   3579.57     65000   -6.69476   -7.97556   -8.00591   -8.02244   -7.42391
   3602.96     70000   -6.76527   -8.05788   -7.89295   -7.87090   -7.46612
   3626.37     75000   -6.84320   -7.89917   -7.74690   -7.72482   -7.47728
   3649.77     80000   -6.82749   -7.98569   -7.92417   -7.91573   -7.53586
   3673.17     85000   -6.88390   -8.25589   -8.24603   -8.25359   -7.60763
   3696.57     90000   -6.95998   -8.11112   -7.93449   -7.91017   -7.62367
   3719.97     95000   -6.97879   -8.06319   -7.94473   -7.92682   -7.65289
   3743.37    100000   -7.00051   -8.26872   -8.28964   -8.30279   -7.72954
   3766.75      5000   -7.07181   -8.37879   -8.22047   -8.19935   -7.77514
   3790.12     10000   -7.15633   -8.21124   -8.05590   -8.03349   -7.78545
   3813.50     15000   -7.13615   -8.28448   -8.21590   -8.20610   -7.84126
   3836.87     20000   -7.19015   -8.55743   -8.56701   -8.58007   -7.91485
   3860.24     25000   -7.26435   -8.43013   -8.25229   -8.22792   -7.93298
   3883.62     30000   -7.28977   -8.36901   -8.24625   -8.22776   -7.95953
   3907.00     35000   -7.30706   -8.56214   -8.57313   -8.58299   -8.03506
   3930.38     40000   -7.37670   -8.69897   -8.54904   -8.52911   -8.08404
   3953.35     45000   -7.46675   -8.52400   -8.36572   -8.34300   -8.09377
   3975.97     50000   -7.44446   -8.58397   -8.50872   -8.49768   -8.14673
   3998.52     55000   -7.49556   -8.85682   -8.88297   -8.90111   -8.22186
   4021.03     60000   -7.56876   -8.74974   -8.57107   -8.54669   -8.24232
   4043.37     65000   -7.59928   -8.67550   -8.54863   -8.52958   -8.26633
   4065.80     70000   -7.61410   -8.85593   -8.85687   -8.86363   -8.34049
   4088.35     75000   -7.68253   -9.01811   -8.87858   -8.86016   -8.39279
   4110.30     80000   -7.77234   -8.83747   -8.67635   -8.65336   -8.40225
   4131.31     85000   -7.75370   -8.88415   -8.80259   -8.79042   -8.45228
   4152.95     90000   -7.80191   -9.15438   -9.19319   -9.21541   -8.52866
   4174.70     95000   -7.87380   -9.06992   -8.89085   -8.86652   -8.55169
   4195.71    100000   -7.90975   -8.98268   -8.85183   -8.83228   -8.57330
   4216.72      5000   -7.92114   -9.15019   -9.14120   -9.14510   -8.64585
   4237.43     10000   -7.98929   -9.33588   -9.20892   -9.19240   -8.70140
MyID= 0: Time=  0.1,has convergenced
     1684462 iterations for the convertgence of psi
 MyID=           0 has finish
