 START-UP FOR CHUNK...
     23.47      5000   -0.54961   -2.00219   -1.86416   -1.78129   -1.27925
     46.87     10000   -0.65070   -2.18366   -1.72109   -1.79533   -1.44742
     70.27     15000   -0.60068   -2.25180   -1.61878   -1.66855   -1.42777
     93.67     20000   -0.50625   -2.04626   -1.51775   -1.51021   -1.33970
    117.07     25000   -0.43729   -1.65416   -1.46111   -1.44654   -1.24459
    140.47     30000   -0.40301   -1.68632   -1.60664   -1.59482   -1.20448
    163.87     35000   -0.45375   -1.94747   -1.82996   -1.96640   -1.33118
    187.27     40000   -0.65296   -1.90418   -1.81387   -1.79872   -1.44005
    210.67     45000   -0.85502   -1.94635   -1.80745   -1.83130   -1.53601
    234.06     50000   -0.93126   -2.23097   -2.13393   -2.10026   -1.65927
    257.46     55000   -1.01153   -2.40675   -2.38812   -2.39785   -1.78222
    280.86     60000   -1.10728   -2.32105   -2.09994   -2.11500   -1.81200
    304.26     65000   -1.14903   -2.17408   -2.05065   -2.02001   -1.79139
    327.66     70000   -1.11933   -2.30777   -2.24241   -2.19489   -1.82316
    351.06     75000   -1.17008   -2.57279   -2.63114   -2.52582   -1.91669
    374.45     80000   -1.29691   -2.40443   -2.34024   -2.29724   -1.97838
    397.85     85000   -1.40363   -2.39738   -2.28598   -2.28005   -2.01370
    421.25     90000   -1.40949   -2.62843   -2.54174   -2.52227   -2.08861
    444.64     95000   -1.47801   -2.83064   -2.92418   -2.85314   -2.19421
    468.04    100000   -1.59002   -2.68425   -2.54092   -2.55081   -2.24409
 ITERATION...
    491.44      5000   -1.62481   -2.64391   -2.51262   -2.49640   -2.24993
    514.84     10000   -1.61986   -2.83427   -2.76654   -2.70732   -2.30202
    538.22     15000   -1.68411   -3.09050   -3.13810   -3.05070   -2.39859
    561.60     20000   -1.80422   -2.87826   -2.77599   -2.74885   -2.45411
    584.98     25000   -1.84423   -2.87264   -2.76042   -2.73982   -2.47971
    608.36     30000   -1.86991   -3.11121   -3.04262   -3.00764   -2.54904
    631.74     35000   -1.94063   -3.28822   -3.33298   -3.26611   -2.64822
    655.12     40000   -2.05387   -3.10021   -2.97936   -2.97689   -2.69432
    678.50     45000   -2.06503   -3.11114   -2.98566   -2.97297   -2.71077
    701.88     50000   -2.08964   -3.34905   -3.29508   -3.23698   -2.77612
    725.26     55000   -2.16497   -3.52550   -3.51903   -3.47348   -2.87248
    748.63     60000   -2.28114   -3.32598   -3.20653   -3.19128   -2.91732
    772.01     65000   -2.29143   -3.34995   -3.23686   -3.21270   -2.94206
    795.43     70000   -2.32818   -3.61594   -3.57637   -3.52056   -3.01615
    818.84     75000   -2.40994   -3.73022   -3.70562   -3.66115   -3.11162
    842.26     80000   -2.52022   -3.54067   -3.42119   -3.41073   -3.14961
    865.67     85000   -2.51633   -3.58538   -3.46827   -3.45179   -3.17304
    889.07     90000   -2.55483   -3.86104   -3.83845   -3.77317   -3.24849
    912.47     95000   -2.64269   -3.93930   -3.89332   -3.86630   -3.34147
    935.88    100000   -2.75152   -3.77050   -3.64595   -3.63507   -3.37647
    959.30      5000   -2.74509   -3.83039   -3.71913   -3.69479   -3.40492
    982.70     10000   -2.78955   -4.12598   -4.12684   -4.04985   -3.48593
   1006.11     15000   -2.88314   -4.15277   -4.08263   -4.05670   -3.57634
   1029.53     20000   -2.98736   -3.99124   -3.86776   -3.85452   -3.60644
   1052.93     25000   -2.97406   -4.06865   -3.95852   -3.93632   -3.63685
   1076.36     30000   -3.01915   -4.37423   -4.39719   -4.31224   -3.72051
   1099.76     35000   -3.11947   -4.35535   -4.27994   -4.26003   -3.80739
   1123.17     40000   -3.21963   -4.22000   -4.09432   -4.08318   -3.83457
   1146.57     45000   -3.20284   -4.31620   -4.20968   -4.18412   -3.86931
   1169.98     50000   -3.25292   -4.63339   -4.68532   -4.58535   -3.95692
   1193.39     55000   -3.35841   -4.56891   -4.47426   -4.45816   -4.04009
   1216.79     60000   -3.45403   -4.44655   -4.32012   -4.30629   -4.06399
   1240.20     65000   -3.43279   -4.55928   -4.45597   -4.42841   -4.10217
   1263.61     70000   -3.48433   -4.88198   -4.95733   -4.84591   -4.19234
   1287.01     75000   -3.59506   -4.77569   -4.67923   -4.66343   -4.27095
   1310.42     80000   -3.68685   -4.67585   -4.55011   -4.53718   -4.29274
   1333.83     85000   -3.66337   -4.80844   -4.70957   -4.68052   -4.33533
   1357.23     90000   -3.71773   -5.12976   -5.22614   -5.10792   -4.42825
   1380.64     95000   -3.83315   -4.98812   -4.87994   -4.86783   -4.50225
   1404.04    100000   -3.91502   -4.90597   -4.77896   -4.76461   -4.52226
   1427.44      5000   -3.89517   -5.05595   -4.96160   -4.92879   -4.56899
   1450.85     10000   -3.95249   -5.37156   -5.47522   -5.35325   -4.66376
   1474.25     15000   -4.06946   -5.20030   -5.09016   -5.07713   -4.73250
   1497.66     20000   -4.13383   -5.13753   -5.01245   -4.99759   -4.75156
   1521.06     25000   -4.12762   -5.30725   -5.21956   -5.18480   -4.80287
   1544.45     30000   -4.18813   -5.60481   -5.69921   -5.59005   -4.89923
   1567.83     35000   -4.30617   -5.41376   -5.29726   -5.28641   -4.96280
   1591.21     40000   -4.35376   -5.37017   -5.24446   -5.22895   -4.98146
   1614.59     45000   -4.35870   -5.55830   -5.47711   -5.43791   -5.03722
   1637.97     50000   -4.42364   -5.83338   -5.90726   -5.81091   -5.13437
   1661.35     55000   -4.54096   -5.63001   -5.51158   -5.50010   -5.19240
   1684.72     60000   -4.57597   -5.60463   -5.48115   -5.46446   -5.21136
   1708.10     65000   -4.59163   -5.81228   -5.74075   -5.69799   -5.27176
   1731.48     70000   -4.65903   -6.05327   -6.09573   -6.02063   -5.36928
   1754.86     75000   -4.77659   -5.84622   -5.72430   -5.71364   -5.42197
   1778.24     80000   -4.79883   -5.83975   -5.71663   -5.69930   -5.44183
   1801.63     85000   -4.82303   -6.06620   -6.00445   -5.95631   -5.50670
   1825.03     90000   -4.89574   -6.26929   -6.28344   -6.22322   -5.60377
   1848.44     95000   -5.01169   -6.06561   -5.94234   -5.93134   -5.65107
   1871.84    100000   -5.02354   -6.07715   -5.95641   -5.93773   -5.67242
   1895.25      5000   -5.05437   -6.32269   -6.27472   -6.22079   -5.74179
   1918.65     10000   -5.13269   -6.48048   -6.46484   -6.41966   -5.83792
   1942.06     15000   -5.24619   -6.28514   -6.15981   -6.14887   -5.88020
   1965.46     20000   -5.24977   -6.31502   -6.19557   -6.17591   -5.90355
   1988.87     25000   -5.28646   -6.57873   -6.54547   -6.48416   -5.97720
   2012.27     30000   -5.37016   -6.68967   -6.65241   -6.61642   -6.07156
   2035.68     35000   -5.48116   -6.50735   -6.38138   -6.37013   -6.10901
   2059.08     40000   -5.47675   -6.55528   -6.43859   -6.41750   -6.13489
   2082.49     45000   -5.51808   -6.83652   -6.82268   -6.75277   -6.21270
   2105.89     50000   -5.60845   -6.89731   -6.83916   -6.81152   -6.30481
   2129.30     55000   -5.71497   -6.73015   -6.60295   -6.59141   -6.33794
   2152.70     60000   -5.70537   -6.79614   -6.68161   -6.65911   -6.36676
   2176.10     65000   -5.74986   -7.09296   -7.10031   -7.01985   -6.44841
   2199.51     70000   -5.84592   -7.10491   -7.03273   -7.00982   -6.53749
   2222.91     75000   -5.94865   -6.95515   -6.82792   -6.81595   -6.56670
   2246.32     80000   -5.93466   -7.03929   -6.92820   -6.90406   -6.59889
   2269.72     85000   -5.98165   -7.34930   -7.38214   -7.29007   -6.68414
   2293.13     90000   -6.08383   -7.31262   -7.22707   -7.20855   -6.76975
   2316.54     95000   -6.18273   -7.18101   -7.05318   -7.04076   -6.79566
   2339.94    100000   -6.16373   -7.28326   -7.17533   -7.14933   -6.83152
   2363.34      5000   -6.21455   -7.60254   -7.66121   -7.55619   -6.91995
   2386.75     10000   -6.32183   -7.52159   -7.42722   -7.41102   -7.00143
   2410.15     15000   -6.41580   -7.40880   -7.28141   -7.26839   -7.02459
   2433.55     20000   -6.39415   -7.52941   -7.42595   -7.39790   -7.06444
   2456.96     25000   -6.44657   -7.85274   -7.93572   -7.82033   -7.15570
   2480.36     30000   -6.55939   -7.73134   -7.62859   -7.61464   -7.23271
   2503.77     35000   -6.64973   -7.63757   -7.51014   -7.49655   -7.25379
   2527.18     40000   -6.62496   -7.77656   -7.67762   -7.64713   -7.29782
   2550.58     45000   -6.68034   -8.09735   -8.19654   -8.07463   -7.39139
   2573.98     50000   -6.79644   -7.94291   -7.83463   -7.82177   -7.46346
   2597.39     55000   -6.87216   -7.86814   -7.74154   -7.72721   -7.48308
   2620.80     60000   -6.85756   -8.02580   -7.93287   -7.89967   -7.53149
   2644.20     65000   -6.91583   -8.33595   -8.43685   -8.31900   -7.62692
   2667.58     70000   -7.03295   -8.15557   -8.04202   -8.03024   -7.69385
   2690.96     75000   -7.09110   -8.09975   -7.97364   -7.95858   -7.71269
   2714.34     80000   -7.08896   -8.27616   -8.18968   -8.15323   -7.76558
   2737.75     85000   -7.15145   -8.56737   -8.65536   -8.54885   -7.86226
   2761.15     90000   -7.26872   -8.37018   -8.25319   -8.24184   -7.92379
   2784.56     95000   -7.31192   -8.33309   -8.20819   -8.19227   -7.94250
   2807.95    100000   -7.32072   -8.52850   -8.45032   -8.41014   -7.99995
   2831.33      5000   -7.38653   -8.79197   -8.85387   -8.76604   -8.09733
   2854.72     10000   -7.50452   -8.58603   -8.46573   -8.45479   -8.15346
   2878.12     15000   -7.53448   -8.56753   -8.44364   -8.42682   -8.17268
   2901.52     20000   -7.55365   -8.78192   -8.71307   -8.66838   -8.23467
   2924.91     25000   -7.62245   -9.01049   -9.04302   -8.97274   -8.33207
   2948.31     30000   -7.73928   -8.80377   -8.68138   -8.67049   -8.38279
   2971.69     35000   -7.75790   -8.80366   -8.68142   -8.66357   -8.40312
   2995.10     40000   -7.78447   -9.03708   -8.97999   -8.93001   -8.46963
   3018.51     45000   -7.85918   -9.22416   -9.22637   -9.17248   -8.56646
   3041.91     50000   -7.97470   -9.02280   -8.89839   -8.88752   -8.61195
MyID= 0: Time=  0.1,has convergenced
     1683674 iterations for the convertgence of psi
 MyID=           0 has finish
