 START-UP FOR CHUNK...
     23.42      5000   -0.59818   -2.03051   -2.04904   -1.99893   -1.28699
     46.77     10000   -0.75779   -2.14493   -1.93340   -2.00267   -1.50281
     70.12     15000   -0.75439   -2.25534   -1.82410   -1.86162   -1.54317
     93.48     20000   -0.67222   -2.33489   -1.67429   -1.67419   -1.47192
    116.83     25000   -0.55596   -1.86887   -1.52322   -1.51431   -1.34634
    140.19     30000   -0.47523   -1.61169   -1.45575   -1.45861   -1.22830
    163.54     35000   -0.42988   -1.73981   -1.66994   -1.63496   -1.20578
    186.90     40000   -0.50611   -1.90920   -1.89418   -2.09516   -1.31580
    210.24     45000   -0.66560   -1.85133   -1.73616   -1.72315   -1.39512
    233.59     50000   -0.83335   -1.94257   -1.82377   -1.79670   -1.50363
    256.94     55000   -0.92079   -2.21516   -2.24865   -2.20048   -1.63409
    280.29     60000   -0.99859   -2.29607   -2.21278   -2.22345   -1.70972
    303.63     65000   -1.03466   -2.09982   -1.94639   -1.93388   -1.68541
    326.98     70000   -1.00631   -2.07568   -1.98073   -1.95205   -1.67032
    350.32     75000   -1.01134   -2.28935   -2.37230   -2.30749   -1.72785
    373.66     80000   -1.09719   -2.32699   -2.28795   -2.25966   -1.79650
    397.00     85000   -1.20704   -2.23784   -2.11307   -2.09370   -1.83082
    420.34     90000   -1.23095   -2.37742   -2.28780   -2.25937   -1.90138
    443.69     95000   -1.29029   -2.63359   -2.82317   -2.76777   -2.00022
    467.03    100000   -1.37074   -2.51930   -2.39303   -2.38405   -2.03995
 ITERATION...
    490.37      5000   -1.40369   -2.43924   -2.30995   -2.28851   -2.03618
    513.71     10000   -1.39151   -2.58720   -2.54499   -2.50536   -2.08264
    537.05     15000   -1.45270   -2.78421   -2.87438   -2.84911   -2.16562
    560.40     20000   -1.55005   -2.63559   -2.51418   -2.49437   -2.20281
    583.74     25000   -1.58054   -2.66479   -2.54553   -2.52155   -2.23823
    607.08     30000   -1.61603   -2.90943   -2.94365   -2.89722   -2.32274
    630.42     35000   -1.70127   -2.95166   -2.90025   -2.88832   -2.39508
    653.77     40000   -1.77616   -2.81338   -2.67971   -2.66224   -2.40539
    677.11     45000   -1.76319   -2.89049   -2.79580   -2.76727   -2.43783
    700.45     50000   -1.80333   -3.15233   -3.30015   -3.24618   -2.52120
    723.79     55000   -1.89709   -3.06433   -2.96403   -2.94845   -2.57653
    747.13     60000   -1.96509   -3.00009   -2.87230   -2.85041   -2.59558
    770.47     65000   -1.96859   -3.16619   -3.10718   -3.07358   -2.65790
    793.81     70000   -2.03360   -3.37954   -3.47213   -3.44447   -2.74519
    817.15     75000   -2.11942   -3.21290   -3.08728   -3.07095   -2.77566
    840.49     80000   -2.13741   -3.21167   -3.09464   -3.07071   -2.79477
    863.84     85000   -2.16004   -3.43546   -3.45348   -3.41161   -2.86757
    887.18     90000   -2.24391   -3.51325   -3.47710   -3.46323   -2.94307
    910.52     95000   -2.33072   -3.37292   -3.24192   -3.22293   -2.96294
    933.86    100000   -2.32998   -3.45133   -3.35248   -3.32481   -3.00238
    957.19      5000   -2.37261   -3.71845   -3.85643   -3.80134   -3.08904
    980.53     10000   -2.46386   -3.64321   -3.54211   -3.52797   -3.14456
   1003.87     15000   -2.53064   -3.56149   -3.43251   -3.41121   -3.15748
   1027.21     20000   -2.52486   -3.70860   -3.64653   -3.61385   -3.21216
   1050.55     25000   -2.58520   -3.93511   -4.04781   -4.01984   -3.29891
   1073.89     30000   -2.67479   -3.77805   -3.65359   -3.63714   -3.33451
   1097.23     35000   -2.70168   -3.77190   -3.65144   -3.62762   -3.35621
   1120.57     40000   -2.72511   -3.99028   -3.99631   -3.95453   -3.42983
   1143.91     45000   -2.80674   -4.08772   -4.06287   -4.04898   -3.50705
   1167.25     50000   -2.89056   -3.93994   -3.80770   -3.78923   -3.52605
   1190.59     55000   -2.89020   -4.00540   -3.90330   -3.87603   -3.56080
   1213.93     60000   -2.92957   -4.26753   -4.39103   -4.33819   -3.64538
   1237.26     65000   -3.02135   -4.21064   -4.11548   -4.10158   -3.70428
   1260.60     70000   -3.09629   -4.12304   -3.99229   -3.97138   -3.71870
   1283.94     75000   -3.08738   -4.26319   -4.19339   -4.16129   -3.77248
   1307.28     80000   -3.14528   -4.49913   -4.63137   -4.59685   -3.86001
   1330.61     85000   -3.23520   -4.34679   -4.22427   -4.20838   -3.89739
   1353.95     90000   -3.26477   -4.33048   -4.20833   -4.18492   -3.91663
   1377.28     95000   -3.28496   -4.54007   -4.53405   -4.49401   -3.98754
   1400.62    100000   -3.36367   -4.65558   -4.64527   -4.63096   -4.06664
   1423.95      5000   -3.44966   -4.50346   -4.37190   -4.35368   -4.08770
   1447.28     10000   -3.45232   -4.56102   -4.45535   -4.42863   -4.12099
   1470.62     15000   -3.49061   -4.82097   -4.92844   -4.87542   -4.20483
   1493.94     20000   -3.58048   -4.78114   -4.69273   -4.67895   -4.26620
   1517.28     25000   -3.66235   -4.68454   -4.55373   -4.53322   -4.28023
   1540.61     30000   -3.64811   -4.81511   -4.74019   -4.70901   -4.33123
   1563.94     35000   -3.70317   -5.05996   -5.20546   -5.16740   -4.41896
   1587.28     40000   -3.79439   -4.91384   -4.79382   -4.77816   -4.45913
   1610.61     45000   -3.82848   -4.88859   -4.76515   -4.74207   -4.47743
   1633.95     50000   -3.84559   -5.09023   -5.07336   -5.03450   -4.54647
   1657.29     55000   -3.92246   -5.22519   -5.23104   -5.21548   -4.62723
   1680.62     60000   -4.00853   -5.06845   -4.93782   -4.91988   -4.64977
   1703.96     65000   -4.01414   -5.11632   -5.00839   -4.98220   -4.68078
   1727.29     70000   -4.04992   -5.37220   -5.46329   -5.41241   -4.76333
   1750.63     75000   -4.13942   -5.35128   -5.26930   -5.25577   -4.82739
   1773.97     80000   -4.22417   -5.24618   -5.11495   -5.09472   -4.84178
   1797.30     85000   -4.20964   -5.36744   -5.28756   -5.25701   -4.89049
   1820.64     90000   -4.26217   -5.61990   -5.77637   -5.73300   -4.97832
   1843.97     95000   -4.35322   -5.48239   -5.36500   -5.34958   -5.02111
   1867.31    100000   -4.39274   -5.44758   -5.32298   -5.30024   -5.03825
   1890.65      5000   -4.40637   -5.64038   -5.61400   -5.57648   -5.10509
   1913.98     10000   -4.48100   -5.79371   -5.81604   -5.79955   -5.18736
   1937.31     15000   -4.56694   -5.63370   -5.50364   -5.48599   -5.21177
   1960.65     20000   -4.57591   -5.67218   -5.56166   -5.53590   -5.24083
   1983.98     25000   -4.60937   -5.92314   -5.99781   -5.94830   -5.32204
   2007.31     30000   -4.69906   -5.92207   -5.84767   -5.83421   -5.38862
   2030.65     35000   -4.78263   -5.80865   -5.67709   -5.65715   -5.40341
   2053.98     40000   -4.77065   -5.92045   -5.83600   -5.80613   -5.44971
   2077.32     45000   -4.82037   -6.17842   -6.34011   -6.29295   -5.53744
   2100.65     50000   -4.91253   -6.05100   -5.93636   -5.92123   -5.58298
   2123.98     55000   -4.95746   -6.00690   -5.88098   -5.85858   -5.59920
   2147.32     60000   -4.96778   -6.19085   -6.15537   -6.11892   -5.66385
   2170.65     65000   -5.03904   -6.36167   -6.40235   -6.38413   -5.74745
   2193.98     70000   -5.12589   -6.19954   -6.07035   -6.05299   -5.77380
   2217.31     75000   -5.13761   -6.22859   -6.11574   -6.09042   -5.80094
   2240.65     80000   -5.16925   -6.47383   -6.53249   -6.48482   -5.88066
   2263.98     85000   -5.25790   -6.49269   -6.42656   -6.41321   -5.94970
   2287.32     90000   -5.34166   -6.37133   -6.23948   -6.21985   -5.96512
   2310.65     95000   -5.33182   -6.47375   -6.38495   -6.35569   -6.00906
   2333.99    100000   -5.37915   -6.73566   -6.89766   -6.84696   -6.09651
   2357.32      5000   -5.47166   -6.62006   -6.50873   -6.49386   -6.14479
   2380.66     10000   -5.52197   -6.56667   -6.43966   -6.41760   -6.16024
   2403.99     15000   -5.52897   -6.74161   -6.69789   -6.66253   -6.22262
   2427.33     20000   -5.59761   -6.92867   -6.98832   -6.96809   -6.30738
   2450.67     25000   -5.68539   -6.76564   -6.63746   -6.62039   -6.33584
   2474.00     30000   -5.69955   -6.78528   -6.67024   -6.64533   -6.36117
   2497.34     35000   -5.72887   -7.02413   -7.06748   -7.02149   -6.43929
   2520.67     40000   -5.81640   -7.06338   -7.00672   -6.99333   -6.51067
   2544.00     45000   -5.90121   -6.93446   -6.80251   -6.78317   -6.52689
   2567.33     50000   -5.89255   -7.02747   -6.93473   -6.90607   -6.56849
   2590.66     55000   -5.93846   -7.29164   -7.44872   -7.39590   -6.65549
   2613.99     60000   -6.03007   -7.18936   -7.08170   -7.06711   -6.70654
   2637.33     65000   -6.08705   -7.12676   -6.99874   -6.97701   -6.72138
   2660.66     70000   -6.08967   -7.29258   -7.24128   -7.20688   -6.78146
   2683.99     75000   -6.15589   -7.49466   -7.57410   -7.55114   -6.86719
   2707.33     80000   -6.24423   -7.33217   -7.20525   -7.18847   -6.89788
   2730.66     85000   -6.26203   -7.34241   -7.22537   -7.20087   -6.92150
   2753.99     90000   -6.28902   -7.57426   -7.60327   -7.55897   -6.99790
   2777.32     95000   -6.37454   -7.63393   -7.58777   -7.57429   -7.07150
   2800.65    100000   -6.45919   -7.49794   -7.36597   -7.34693   -7.08872
   2823.98      5000   -6.45381   -7.58155   -7.48513   -7.45703   -7.12802
   2847.32     10000   -6.49735   -7.84646   -7.99433   -7.94034   -7.21439
   2870.65     15000   -6.58901   -7.75900   -7.65555   -7.64121   -7.26821
   2893.98     20000   -6.65258   -7.68726   -7.55837   -7.53696   -7.28262
   2917.32     25000   -6.65090   -7.84387   -7.78564   -7.75215   -7.34035
   2940.65     30000   -6.71409   -8.05952   -8.15858   -8.13232   -7.42687
   2963.98     35000   -6.80271   -7.89907   -7.77360   -7.75711   -7.45992
   2987.32     40000   -6.82506   -7.89990   -7.78100   -7.75688   -7.48194
   3010.65     45000   -6.84970   -8.12427   -8.13988   -8.09716   -7.55652
   3033.98     50000   -6.93321   -8.20430   -8.16992   -8.15621   -7.63221
   3057.31     55000   -7.01758   -8.06183   -7.92999   -7.91124   -7.65059
   3080.64     60000   -7.01561   -8.13602   -8.03623   -8.00866   -7.68764
   3103.98     65000   -7.05666   -8.40026   -8.53554   -8.48144   -7.77322
   3127.31     70000   -7.14849   -8.32889   -8.23018   -8.21608   -7.82980
   3150.64     75000   -7.21796   -8.24813   -8.11846   -8.09736   -7.84394
   3173.97     80000   -7.21267   -8.39547   -8.33086   -8.29822   -7.89931
   3197.30     85000   -7.27282   -8.62314   -8.74100   -8.71076   -7.98644
   3220.64     90000   -7.36173   -8.46635   -8.34259   -8.32639   -8.02194
   3243.97     95000   -7.38856   -8.45779   -8.33718   -8.31344   -8.04249
   3267.30    100000   -7.41092   -8.67426   -8.67748   -8.63627   -8.11515
   3290.63      5000   -7.49178   -8.77439   -8.75305   -8.73894   -8.19279
   3313.96     10000   -7.57651   -8.62609   -8.49451   -8.47605   -8.21252
   3337.29     15000   -7.57714   -8.69088   -8.58794   -8.56088   -8.24736
   3360.63     20000   -7.61651   -8.95314   -9.07358   -9.02012   -8.33200
   3383.96     25000   -7.70780   -8.89904   -8.80569   -8.79180   -8.39130
   3407.29     30000   -7.78393   -8.80939   -8.67906   -8.65828   -8.40535
   3430.62     35000   -7.77357   -8.94742   -8.87695   -8.84510   -8.45834
   3453.95     40000   -7.83084   -9.18547   -9.32012   -9.28542   -8.54588
   3477.28     45000   -7.92128   -9.03401   -8.91221   -8.89630   -8.58393
   3500.61     50000   -7.95181   -9.01605   -8.89387   -8.87050   -8.60314
   3523.94     55000   -7.97153   -9.22430   -9.21609   -9.17627   -8.67379
MyID= 0: Time=  0.1,has convergenced
     1686540 iterations for the convertgence of psi
 MyID=           0 has finish
