 START-UP FOR CHUNK...
     23.43      5000   -0.57244   -2.01705   -1.94575   -1.87193   -1.28377
     46.77     10000   -0.69816   -2.16380   -1.81044   -1.88041   -1.47520
     70.11     15000   -0.66676   -2.27767   -1.70182   -1.74618   -1.47871
     93.45     20000   -0.57313   -2.16865   -1.57221   -1.57208   -1.39142
    116.78     25000   -0.47778   -1.73020   -1.47391   -1.45736   -1.28019
    140.12     30000   -0.42365   -1.60593   -1.50952   -1.50802   -1.19930
    163.46     35000   -0.43446   -1.91397   -1.84233   -1.88437   -1.27332
    186.80     40000   -0.58695   -1.91494   -1.84623   -1.85364   -1.39043
    210.14     45000   -0.76929   -1.88453   -1.75334   -1.76718   -1.47179
    233.47     50000   -0.88555   -2.09823   -1.99954   -1.95467   -1.59210
    256.81     55000   -0.97362   -2.36107   -2.46649   -2.42186   -1.71976
    280.14     60000   -1.05961   -2.30919   -2.11269   -2.11462   -1.76329
    303.48     65000   -1.09137   -2.11822   -1.99029   -1.96103   -1.73436
    326.82     70000   -1.05970   -2.19495   -2.12509   -2.08596   -1.74799
    350.15     75000   -1.09664   -2.44670   -2.58192   -2.48755   -1.82846
    373.49     80000   -1.20765   -2.34060   -2.28234   -2.24882   -1.89014
    396.83     85000   -1.31571   -2.32174   -2.19999   -2.19194   -1.92480
    420.17     90000   -1.32475   -2.52231   -2.45092   -2.42024   -2.00088
    443.50     95000   -1.39239   -2.73135   -2.85720   -2.81111   -2.10143
    466.84    100000   -1.48400   -2.58583   -2.44534   -2.44559   -2.13897
 ITERATION...
    490.18      5000   -1.50408   -2.54319   -2.41902   -2.39454   -2.14109
    513.52     10000   -1.50770   -2.74001   -2.70085   -2.64059   -2.19637
    536.85     15000   -1.57558   -2.91554   -2.96457   -2.91502   -2.28538
    560.19     20000   -1.68179   -2.73766   -2.62886   -2.60543   -2.32535
    583.52     25000   -1.70519   -2.77938   -2.66304   -2.64119   -2.35742
    606.86     30000   -1.74202   -3.04362   -3.04851   -2.99490   -2.43941
    630.19     35000   -1.82933   -3.08137   -3.05410   -3.03657   -2.52356
    653.53     40000   -1.91428   -2.93960   -2.81101   -2.80210   -2.54348
    676.87     45000   -1.90340   -3.01057   -2.90168   -2.87568   -2.57009
    700.20     50000   -1.94187   -3.29323   -3.37373   -3.28355   -2.65210
    723.54     55000   -2.04190   -3.24810   -3.17087   -3.15706   -2.72627
    746.88     60000   -2.13328   -3.14063   -3.01732   -2.99715   -2.74716
    770.21     65000   -2.12111   -3.26910   -3.17588   -3.14281   -2.79360
    793.55     70000   -2.17359   -3.56238   -3.70518   -3.60875   -2.88559
    816.89     75000   -2.27545   -3.41137   -3.31217   -3.29767   -2.94476
    840.22     80000   -2.33369   -3.35041   -3.22712   -3.21001   -2.95868
    863.56     85000   -2.33073   -3.52127   -3.44929   -3.41339   -3.01205
    886.89     90000   -2.39080   -3.76111   -3.87569   -3.80951   -3.10384
    910.23     95000   -2.49515   -3.58575   -3.47038   -3.45882   -3.15044
    933.57    100000   -2.52594   -3.57590   -3.45559   -3.43386   -3.17031
    956.90      5000   -2.54688   -3.79742   -3.76212   -3.71207   -3.23861
    980.24     10000   -2.62325   -3.95216   -3.96389   -3.93301   -3.32823
   1003.58     15000   -2.71994   -3.77082   -3.64819   -3.63298   -3.36041
   1026.91     20000   -2.72599   -3.80594   -3.69263   -3.66835   -3.38470
   1050.25     25000   -2.75944   -4.06784   -4.08724   -4.02433   -3.46214
   1073.58     30000   -2.85001   -4.10532   -4.05972   -4.04119   -3.54401
   1096.92     35000   -2.94213   -3.96468   -3.83859   -3.82374   -3.56731
   1120.25     40000   -2.93402   -4.05075   -3.94634   -3.91882   -3.60243
   1143.59     45000   -2.97814   -4.33931   -4.44138   -4.35300   -3.68910
   1166.92     50000   -3.07982   -4.26857   -4.17984   -4.16737   -3.75950
   1190.26     55000   -3.16427   -4.17008   -4.04287   -4.02520   -3.77640
   1213.59     60000   -3.14616   -4.30311   -4.21439   -4.18080   -3.82215
   1236.93     65000   -3.19941   -4.58441   -4.73405   -4.64014   -3.91338
   1260.27     70000   -3.30382   -4.43270   -4.32576   -4.31265   -3.97010
   1283.60     75000   -3.35579   -4.38447   -4.25951   -4.24026   -3.98659
   1306.94     80000   -3.36088   -4.56752   -4.50260   -4.46269   -4.04498
   1330.28     85000   -3.42595   -4.78961   -4.87808   -4.82305   -4.13706
   1353.61     90000   -3.52747   -4.60892   -4.48926   -4.47663   -4.17949
   1376.95     95000   -3.55075   -4.60926   -4.48817   -4.46628   -4.19925
   1400.28    100000   -3.57488   -4.83927   -4.81368   -4.76137   -4.26918
   1423.62      5000   -3.65423   -4.96401   -4.96270   -4.93590   -4.35714
   1446.96     10000   -3.75070   -4.79503   -4.67008   -4.65558   -4.38723
   1470.30     15000   -3.75273   -4.84412   -4.73050   -4.70545   -4.41454
   1493.63     20000   -3.79004   -5.11480   -5.15194   -5.08200   -4.49490
   1516.97     25000   -3.88334   -5.12263   -5.06324   -5.04713   -4.57428
   1540.31     30000   -3.97309   -4.99147   -4.86403   -4.84835   -4.59529
   1563.64     35000   -3.96232   -5.08910   -4.98646   -4.95757   -4.63255
   1586.98     40000   -4.00875   -5.37939   -5.49889   -5.40518   -4.72048
   1610.31     45000   -4.11122   -5.28335   -5.19076   -5.17797   -4.78769
   1633.65     50000   -4.19249   -5.19849   -5.07144   -5.05371   -4.80425
   1656.99     55000   -4.17553   -5.34492   -5.25978   -5.22518   -4.85329
   1680.32     60000   -4.23126   -5.61577   -5.75983   -5.67276   -4.94525
   1703.66     65000   -4.33492   -5.45137   -5.34065   -5.32805   -4.99837
   1727.00     70000   -4.37909   -5.41523   -5.29081   -5.27094   -5.01512
   1750.33     75000   -4.38982   -5.61040   -5.55255   -5.51000   -5.07630
   1773.67     80000   -4.45804   -5.81158   -5.87687   -5.83022   -5.16778
   1797.00     85000   -4.55899   -5.62967   -5.50908   -5.49583   -5.20698
   1820.34     90000   -4.57661   -5.64234   -5.52296   -5.50046   -5.22835
   1843.67     95000   -4.60394   -5.88384   -5.87056   -5.81507   -5.30109
   1867.01    100000   -4.68723   -5.97970   -5.96147   -5.93855   -5.38737
   1890.35      5000   -4.78114   -5.81848   -5.69287   -5.67825   -5.41484
   1913.68     10000   -4.77992   -5.87948   -5.76820   -5.74236   -5.44430
   1937.02     15000   -4.81904   -6.15769   -6.21396   -6.13818   -5.52676
   1960.36     20000   -4.91637   -6.13818   -6.06908   -6.05415   -5.60344
   1983.69     25000   -5.00420   -6.01768   -5.89045   -5.87422   -5.62295
   2007.03     30000   -4.99170   -6.12721   -6.02840   -5.99830   -5.66300
   2030.37     35000   -5.04006   -6.41727   -6.55277   -6.45621   -5.75232
   2053.70     40000   -5.14250   -6.30012   -6.20224   -6.18963   -5.81620
   2077.04     45000   -5.21384   -6.22705   -6.10058   -6.08240   -5.83235
   2100.37     50000   -5.20536   -6.38534   -6.30584   -6.26966   -5.88432
   2123.71     55000   -5.26331   -6.64363   -6.77516   -6.69730   -5.97659
   2147.05     60000   -5.36645   -6.47071   -6.35712   -6.34445   -6.02623
   2170.38     65000   -5.40324   -6.44648   -6.32318   -6.30270   -6.04374
   2193.72     70000   -5.41909   -6.65326   -6.60455   -6.55939   -6.10784
   2217.05     75000   -5.49076   -6.83124   -6.87353   -6.83491   -6.19850
   2240.39     80000   -5.58995   -6.65155   -6.52940   -6.51584   -6.23458
   2263.72     85000   -5.60246   -6.67597   -6.55830   -6.53505   -6.25762
   2287.06     90000   -5.63280   -6.92762   -6.92883   -6.86920   -6.33292
   2310.40     95000   -5.71978   -6.99532   -6.96222   -6.94212   -6.41724
   2333.73    100000   -5.81226   -6.84296   -6.71676   -6.70178   -6.44238
   2357.07      5000   -5.80796   -6.91576   -6.80709   -6.78034   -6.47423
   2380.40     10000   -5.84892   -7.19983   -7.27674   -7.19502   -6.55868
   2403.74     15000   -5.94832   -7.15391   -7.07617   -7.06217   -6.63249
   2427.08     20000   -6.03598   -7.04464   -6.91738   -6.90070   -6.65074
   2450.41     25000   -6.02043   -7.16600   -7.07113   -7.03973   -6.69360
   2473.75     30000   -6.07123   -7.45290   -7.59939   -7.50210   -6.78402
   2497.08     35000   -6.17386   -7.31767   -7.21516   -7.20264   -6.84449
   2520.42     40000   -6.23612   -7.25648   -7.13061   -7.11191   -6.86055
   2543.79     45000   -6.23474   -7.42669   -7.35341   -7.31540   -6.91550
   2567.15     50000   -6.29501   -7.66945   -7.78234   -7.71511   -7.00782
   2590.50     55000   -6.39848   -7.49068   -7.37449   -7.36167   -7.05402
   2613.86     60000   -6.42824   -7.47833   -7.35615   -7.33505   -7.07252
   2637.22     65000   -6.44771   -7.69658   -7.65789   -7.60981   -7.13947
   2660.56     70000   -6.52349   -7.84953   -7.87050   -7.83817   -7.22902
   2683.90     75000   -6.62105   -7.67413   -7.55070   -7.53681   -7.26212
   2707.25     80000   -6.62877   -7.71032   -7.59453   -7.57051   -7.28705
   2730.58     85000   -6.66246   -7.97155   -7.98884   -7.92456   -7.36480
   2753.92     90000   -6.75277   -8.01082   -7.96438   -7.94650   -7.44692
   2777.26     95000   -6.84418   -7.86804   -7.74135   -7.72599   -7.46997
   2800.59    100000   -6.83609   -7.95262   -7.84679   -7.81904   -7.50434
   2823.91      5000   -6.87957   -8.24090   -8.33852   -8.25090   -7.59056
   2847.23     10000   -6.98106   -8.17004   -8.08488   -8.07150   -7.66133
   2870.55     15000   -7.06620   -8.07223   -7.94512   -7.92798   -7.67860
   2893.87     20000   -7.04864   -8.20545   -8.11500   -8.08221   -7.72435
   2917.19     25000   -7.10178   -8.48635   -8.63643   -8.54206   -7.81564
   2940.51     30000   -7.20602   -8.33581   -8.22917   -8.21669   -7.87264
   2963.83     35000   -7.25868   -8.28650   -8.16131   -8.14207   -7.88889
   2987.15     40000   -7.26297   -8.46855   -8.40222   -8.36216   -7.94681
   3010.47     45000   -7.32749   -8.69309   -8.78404   -8.72719   -8.03889
   3033.79     50000   -7.42929   -8.51133   -8.39292   -8.37989   -8.08172
   3057.11     55000   -7.45339   -8.51082   -8.38993   -8.36818   -8.10144
   3080.42     60000   -7.47712   -8.74026   -8.71288   -8.66155   -8.17118
   3103.75     65000   -7.55614   -8.86673   -8.86812   -8.84084   -8.25933
   3127.07     70000   -7.65288   -8.69733   -8.57279   -8.55858   -8.28966
   3150.39     75000   -7.65512   -8.74529   -8.63154   -8.60670   -8.31664
   3173.71     80000   -7.69220   -9.01515   -9.05016   -8.98069   -8.39671
   3197.03     85000   -7.78504   -9.02628   -8.96826   -8.95203   -8.47638
   3220.35     90000   -7.87507   -8.89377   -8.76675   -8.75098   -8.49760
   3243.67     95000   -7.86456   -8.99015   -8.88747   -8.85864   -8.53461
   3266.99    100000   -7.91082   -9.28058   -9.39785   -9.30507   -8.62241
MyID= 0: Time=  0.1,has convergenced
     1685407 iterations for the convertgence of psi
 MyID=           0 has finish
