 START-UP FOR CHUNK...
     23.63      5000   -0.65187   -2.04336   -2.29009   -2.42180   -1.29299
     46.98     10000   -0.88841   -2.11612   -2.33374   -2.42320   -1.54144
     70.32     15000   -0.97113   -2.20544   -2.22840   -2.27991   -1.66616
     93.67     20000   -0.96922   -2.62236   -2.07424   -2.07787   -1.71083
    117.02     25000   -0.88657   -2.35439   -1.87268   -1.86869   -1.64080
    140.36     30000   -0.75037   -2.08208   -1.65118   -1.66102   -1.48204
    163.71     35000   -0.61145   -1.80799   -1.48572   -1.48871   -1.30288
    187.05     40000   -0.48900   -1.61411   -1.46591   -1.45008   -1.17303
    210.40     45000   -0.47156   -1.73555   -1.74043   -1.76759   -1.17801
    233.74     50000   -0.54247   -1.89374   -1.75595   -1.73329   -1.26965
    257.08     55000   -0.71746   -1.79979   -1.65295   -1.62882   -1.36562
    280.42     60000   -0.81264   -2.01012   -1.89602   -1.86945   -1.50396
    303.77     65000   -0.88853   -2.24699   -2.29589   -2.31309   -1.60323
    327.12     70000   -0.92073   -2.08859   -1.89641   -1.88316   -1.58838
    350.46     75000   -0.89278   -1.95530   -1.81659   -1.79294   -1.54313
    373.80     80000   -0.85379   -2.05771   -2.05200   -2.04181   -1.56752
    397.15     85000   -0.91280   -2.25143   -2.19876   -2.18202   -1.63314
    420.49     90000   -1.03178   -2.10354   -1.96433   -1.94106   -1.67549
    443.84     95000   -1.07523   -2.19756   -2.09138   -2.07479   -1.75495
    467.18    100000   -1.13338   -2.46114   -2.56511   -2.57220   -1.85301
 ITERATION...
    490.52      5000   -1.19722   -2.40682   -2.24692   -2.23304   -1.87838
    513.87     10000   -1.22271   -2.28003   -2.14064   -2.11884   -1.86556
    537.21     15000   -1.20042   -2.38520   -2.35890   -2.34604   -1.90798
    560.55     20000   -1.25936   -2.61324   -2.59202   -2.59252   -1.97898
    583.90     25000   -1.35486   -2.45447   -2.30559   -2.28035   -2.00871
    607.25     30000   -1.38563   -2.48748   -2.37768   -2.35710   -2.06140
    630.59     35000   -1.42854   -2.73383   -2.81304   -2.81477   -2.15122
    653.93     40000   -1.50196   -2.74188   -2.60268   -2.58585   -2.19214
    677.28     45000   -1.55737   -2.61095   -2.46618   -2.44476   -2.19214
    700.63     50000   -1.53772   -2.70666   -2.65927   -2.64430   -2.24015
    723.97     55000   -1.59469   -2.94733   -2.97761   -2.98731   -2.31483
    747.31     60000   -1.67973   -2.80350   -2.64864   -2.62571   -2.34074
    770.66     65000   -1.70816   -2.79594   -2.67841   -2.65669   -2.37756
    794.00     70000   -1.73874   -3.01815   -3.06639   -3.06048   -2.46065
    817.34     75000   -1.81289   -3.08549   -2.96613   -2.94975   -2.51192
    840.69     80000   -1.89247   -2.94109   -2.79213   -2.76996   -2.51741
    864.04     85000   -1.86999   -3.01988   -2.95209   -2.93484   -2.56472
    887.38     90000   -1.92095   -3.27146   -3.34805   -3.36394   -2.64271
    910.73     95000   -2.00037   -3.15137   -2.99677   -2.97469   -2.67053
    934.07    100000   -2.03456   -3.11094   -2.98563   -2.96399   -2.69714
    957.41      5000   -2.05586   -3.30579   -3.32210   -3.31243   -2.77416
    980.75     10000   -2.12946   -3.42982   -3.33856   -3.32446   -2.83385
   1004.10     15000   -2.21058   -3.27269   -3.12055   -3.09843   -2.84251
   1027.45     20000   -2.19806   -3.32824   -3.24462   -3.22574   -2.88588
   1050.79     25000   -2.24249   -3.58312   -3.68506   -3.70324   -2.96597
   1074.13     30000   -2.31923   -3.50136   -3.34989   -3.32850   -2.99889
   1097.48     35000   -2.36489   -3.43042   -3.29843   -3.27634   -3.01855
   1120.82     40000   -2.37526   -3.59716   -3.58486   -3.57234   -3.08953
   1144.17     45000   -2.44646   -3.77227   -3.71870   -3.70828   -3.15631
   1167.51     50000   -2.52711   -3.60798   -3.45329   -3.43110   -3.16807
   1190.85     55000   -2.52469   -3.63723   -3.54036   -3.52056   -3.20598
   1214.20     60000   -2.56197   -3.88379   -3.98238   -3.99550   -3.28657
   1237.54     65000   -2.63936   -3.85309   -3.70843   -3.68823   -3.32629
   1260.88     70000   -2.69661   -3.75409   -3.61577   -3.59345   -3.34126
   1284.23     75000   -2.69783   -3.89187   -3.85556   -3.84049   -3.40590
   1307.57     80000   -2.76343   -4.10802   -4.10219   -4.09833   -3.47849
   1330.92     85000   -2.84146   -3.94729   -3.79078   -3.76858   -3.49415
   1354.26     90000   -2.85200   -3.94898   -3.84071   -3.82007   -3.52613
   1377.61     95000   -2.88120   -4.17903   -4.25248   -4.25709   -3.60560
   1400.95    100000   -2.95893   -4.20546   -4.07317   -4.05447   -3.65287
   1424.29      5000   -3.03158   -4.08148   -3.93743   -3.91499   -3.66499
   1447.64     10000   -3.02182   -4.19030   -4.13355   -4.11660   -3.72298
   1470.98     15000   -3.08105   -4.43325   -4.48032   -4.48525   -3.79997
   1494.33     20000   -3.15825   -4.29010   -4.13321   -4.11129   -3.82066
   1517.67     25000   -3.17885   -4.26384   -4.14574   -4.12448   -3.84683
   1541.01     30000   -3.20175   -4.47198   -4.51274   -4.50962   -3.92368
   1564.36     35000   -3.27682   -4.55701   -4.44455   -4.42806   -3.97861
   1587.70     40000   -3.36417   -4.41224   -4.26337   -4.24086   -3.98959
   1611.05     45000   -3.34746   -4.49230   -4.41827   -4.39988   -4.04069
   1634.39     50000   -3.39881   -4.74750   -4.83738   -4.85022   -4.12055
   1657.73     55000   -3.47593   -4.63602   -4.48095   -4.45949   -4.14738
   1681.08     60000   -3.50887   -4.58191   -4.45535   -4.43366   -4.16828
   1704.42     65000   -3.52426   -4.76490   -4.77386   -4.76512   -4.24121
   1727.76     70000   -3.59667   -4.90545   -4.82260   -4.80944   -4.30342
   1751.10     75000   -3.68017   -4.74629   -4.59361   -4.57113   -4.31493
   1774.45     80000   -3.67359   -4.79769   -4.70909   -4.68961   -4.35905
   1797.80     85000   -3.71656   -5.05205   -5.15802   -5.17248   -4.44021
   1821.14     90000   -3.79215   -4.98473   -4.83438   -4.81361   -4.47409
   1844.48     95000   -3.83970   -4.90329   -4.76944   -4.74742   -4.49059
   1867.83    100000   -3.84601   -5.05932   -5.04044   -5.02782   -4.55853
   1891.17      5000   -3.91590   -5.24791   -5.20604   -5.19792   -4.62721
   1914.52     10000   -3.99612   -5.08370   -4.92830   -4.90592   -4.64088
   1937.86     15000   -3.99848   -5.10649   -5.00550   -4.98519   -4.67814
   1961.21     20000   -4.03451   -5.34956   -5.44273   -5.45171   -4.75901
   1984.55     25000   -4.11117   -5.33550   -5.19394   -5.17422   -4.80055
   2007.89     30000   -4.17237   -5.22804   -5.08789   -5.06564   -4.81378
   2031.24     35000   -4.17031   -5.35618   -5.31381   -5.29848   -4.87588
   2054.58     40000   -4.23367   -5.58140   -5.59036   -5.58955   -4.94989
   2077.93     45000   -4.31189   -5.42447   -5.26765   -5.24546   -4.96730
   2101.27     50000   -4.32628   -5.41871   -5.30708   -5.28613   -4.99803
   2124.62     55000   -4.35329   -5.64317   -5.70714   -5.70838   -5.07712
   2147.96     60000   -4.42975   -5.68712   -5.56010   -5.54198   -5.12653
   2171.31     65000   -4.50815   -5.55620   -5.41064   -5.38824   -5.13782
   2194.65     70000   -4.49449   -5.65600   -5.59400   -5.57674   -5.19348
   2218.00     75000   -4.55169   -5.90386   -5.96491   -5.97301   -5.27144
   2241.34     80000   -4.62844   -5.76849   -5.61192   -5.59008   -5.29401
   2264.68     85000   -4.65288   -5.73435   -5.61351   -5.59205   -5.31878
   2288.03     90000   -4.67396   -5.93557   -5.96645   -5.96108   -5.39473
   2311.37     95000   -4.74882   -6.03768   -5.93317   -5.91749   -5.45183
   2334.71    100000   -4.83570   -5.88776   -5.73771   -5.71524   -5.46265
   2358.06      5000   -4.82022   -5.95908   -5.88060   -5.86193   -5.51153
   2381.40     10000   -4.86971   -6.21521   -6.31282   -6.32741   -5.59190
   2404.74     15000   -4.94592   -6.11551   -5.96150   -5.94018   -5.62081
   2428.09     20000   -4.98353   -6.05338   -5.92452   -5.90269   -5.64042
   2451.43     25000   -4.99591   -6.22865   -6.22881   -6.21861   -5.71204
   2474.77     30000   -5.06819   -6.38454   -6.31285   -6.30091   -5.77626
   2498.11     35000   -5.15054   -6.22274   -6.06917   -6.04672   -5.78817
   2521.46     40000   -5.14685   -6.26551   -6.17311   -6.15340   -5.83016
   2544.80     45000   -5.18770   -6.51741   -6.62210   -6.63577   -5.91137
   2568.14     50000   -5.26335   -6.46507   -6.31680   -6.29629   -5.94751
   2591.49     55000   -5.31470   -6.37579   -6.23996   -6.21784   -5.96297
   2614.83     60000   -5.31848   -6.52367   -6.49734   -6.48374   -6.02928
   2638.17     65000   -5.38675   -6.72457   -6.69711   -6.69084   -6.09967
   2661.52     70000   -5.46587   -6.56111   -6.40515   -6.38282   -6.11427
   2684.86     75000   -5.47191   -6.57535   -6.47107   -6.45057   -6.14951
   2708.20     80000   -5.50567   -6.81349   -6.89902   -6.90586   -6.22999
   2731.54     85000   -5.58231   -6.81632   -6.67834   -6.65903   -6.27388
   2754.88     90000   -5.64851   -6.70158   -6.55972   -6.53740   -6.28641
   2778.23     95000   -5.64318   -6.82136   -6.77277   -6.75677   -6.34666
   2801.57    100000   -5.70494   -7.05487   -7.07989   -7.08161   -6.42199
   2824.91      5000   -5.78309   -6.90283   -6.74589   -6.72380   -6.44078
   2848.26     10000   -5.79930   -6.88859   -6.77410   -6.75300   -6.46966
   2871.60     15000   -5.82511   -7.10651   -7.16067   -7.15983   -6.54795
   2894.94     20000   -5.90047   -7.16789   -7.04657   -7.02908   -6.59969
   2918.29     25000   -5.98499   -7.03076   -6.88377   -6.86134   -6.61068
   2941.63     30000   -5.96792   -7.12214   -7.05492   -7.03719   -6.66437
   2964.97     35000   -6.02289   -7.37391   -7.44834   -7.45886   -6.74321
   2988.32     40000   -6.09926   -7.24775   -7.09168   -7.06997   -6.76754
   3011.66     45000   -6.12726   -7.20523   -7.08190   -7.06033   -6.79068
   3035.00     50000   -6.14629   -7.39895   -7.42033   -7.41337   -6.86545
   3058.35     55000   -6.22066   -7.51767   -7.42171   -7.40699   -6.92475
   3081.69     60000   -6.30548   -7.36335   -7.21214   -7.18967   -6.93573
   3105.03     65000   -6.29355   -7.42620   -7.34334   -7.32433   -6.98257
   3128.38     70000   -6.34056   -7.68227   -7.78530   -7.80045   -7.06336
   3151.72     75000   -6.41617   -7.59558   -7.44289   -7.42178   -7.09434
   3175.06     80000   -6.45816   -7.52526   -7.39423   -7.37231   -7.11259
   3198.40     85000   -6.46783   -7.69251   -7.68434   -7.67302   -7.18273
   3221.75     90000   -6.53933   -7.86285   -7.80311   -7.79262   -7.24889
   3245.09     95000   -6.62133   -7.69934   -7.54493   -7.52251   -7.26144
   3268.43    100000   -6.61952   -7.73364   -7.63752   -7.61755   -7.30140
   3291.77      5000   -6.65822   -7.98231   -8.08347   -8.09547   -7.38256
   3315.12     10000   -6.73502   -7.94574   -7.79998   -7.77978   -7.42096
   3338.46     15000   -6.78978   -7.84867   -7.71095   -7.68877   -7.43541
   3361.80     20000   -6.79112   -7.98826   -7.95490   -7.94051   -7.49999
   3385.15     25000   -6.85732   -8.20025   -8.18783   -8.18371   -7.57199
   3408.49     30000   -6.93605   -8.03872   -7.88231   -7.86003   -7.58768
   3431.83     35000   -6.94578   -8.04449   -7.93703   -7.91633   -7.62098
   3455.17     40000   -6.97652   -8.27718   -8.35406   -8.35851   -7.70096
   3478.52     45000   -7.05391   -8.29725   -8.16346   -8.14461   -7.74718
   3501.86     50000   -7.12448   -8.17546   -8.03199   -8.00963   -7.75910
   3525.20     55000   -7.11559   -8.28683   -8.23237   -8.21579   -7.81745
   3548.55     60000   -7.17543   -8.52728   -8.56805   -8.57245   -7.89398
   3571.89     65000   -7.25311   -8.38141   -8.22451   -8.20251   -7.91428
   3595.23     70000   -7.27267   -8.35875   -8.24150   -8.22024   -7.94138
   3618.57     75000   -7.29652   -8.56981   -8.61407   -8.61122   -8.01876
   3641.91     80000   -7.37163   -8.64854   -8.53374   -8.51695   -8.07279
   3665.25     85000   -7.45879   -8.50566   -8.35731   -8.33486   -8.08362
   3688.60     90000   -7.44145   -8.58857   -8.51643   -8.49827   -8.13528
   3711.94     95000   -7.49340   -8.84300   -8.92886   -8.94146   -8.21487
   3735.28    100000   -7.57044   -8.72724   -8.57187   -8.55031   -8.24107
   3758.62      5000   -7.60208   -8.67640   -8.55066   -8.52898   -8.26266
   3781.97     10000   -7.61903   -8.86243   -8.87461   -8.86619   -8.33617
   3805.31     15000   -7.69147   -8.99728   -8.91087   -8.89722   -8.39759
   3828.65     20000   -7.77525   -8.83925   -8.68698   -8.66451   -8.40887
   3851.99     25000   -7.76730   -8.89363   -8.80660   -8.78728   -8.45366
   3875.33     30000   -7.81121   -9.14859   -9.25418   -9.26917   -8.53472
   3898.67     35000   -7.88683   -9.07583   -8.92477   -8.90390   -8.56784
   3922.01     40000   -7.93292   -8.99743   -8.86431   -8.84231   -8.58484
   3945.36     45000   -7.94018   -9.15655   -9.14045   -9.12810   -8.65342
MyID= 0: Time=  0.1,has convergenced
     1685645 iterations for the convertgence of psi
 MyID=           0 has finish
