 START-UP FOR CHUNK...
     23.45      5000   -0.67717   -2.04632   -2.36441   -3.00966   -1.29233
     46.82     10000   -0.96178   -2.11307   -2.66134   -3.06833   -1.54684
     70.19     15000   -1.11239   -2.19046   -2.65440   -2.96546   -1.69468
     93.56     20000   -1.21223   -2.66406   -2.56569   -2.76642   -1.81335
    116.93     25000   -1.25052   -3.03329   -2.55859   -2.55288   -1.89737
    140.30     30000   -1.21859   -2.67091   -2.29976   -2.32356   -1.91700
    163.67     35000   -1.11893   -2.43622   -2.05666   -2.07765   -1.83329
    187.04     40000   -0.96287   -2.27060   -1.80370   -1.82254   -1.64137
    210.41     45000   -0.76799   -1.97442   -1.57166   -1.57749   -1.40336
    233.78     50000   -0.52578   -1.65700   -1.41677   -1.39834   -1.18832
    257.15     55000   -0.35602   -1.50776   -1.43645   -1.44020   -1.07904
    280.52     60000   -0.34657   -1.86865   -1.64249   -1.64534   -1.12224
    303.89     65000   -0.51607   -1.71826   -1.56132   -1.51042   -1.22893
    327.26     70000   -0.68875   -1.83211   -1.69024   -1.65322   -1.37998
    350.64     75000   -0.77427   -2.09134   -2.09487   -2.08073   -1.51205
    374.01     80000   -0.82645   -2.10738   -1.87509   -1.86796   -1.51542
    397.37     85000   -0.81382   -1.89347   -1.70462   -1.68973   -1.44692
    420.73     90000   -0.73980   -1.88321   -1.82534   -1.82684   -1.44154
    444.10     95000   -0.77061   -2.18829   -2.08973   -2.10512   -1.50797
    467.47    100000   -0.88479   -2.03191   -1.87537   -1.84304   -1.56225
 ITERATION...
    490.84      5000   -0.97029   -2.07747   -1.95450   -1.93452   -1.65042
    514.22     10000   -1.02960   -2.33572   -2.36134   -2.36935   -1.75694
    537.59     15000   -1.09262   -2.36815   -2.18323   -2.16682   -1.78392
    560.96     20000   -1.12650   -2.19305   -2.03308   -2.01406   -1.76214
    584.33     25000   -1.08470   -2.24700   -2.19902   -2.19795   -1.79433
    607.69     30000   -1.13401   -2.52202   -2.46336   -2.47002   -1.86219
    631.05     35000   -1.23085   -2.35941   -2.19741   -2.16997   -1.89486
    654.41     40000   -1.27396   -2.37032   -2.25488   -2.23680   -1.95408
    677.78     45000   -1.31778   -2.61515   -2.64841   -2.65856   -2.04574
    701.14     50000   -1.38564   -2.66370   -2.49277   -2.47288   -2.08024
    724.50     55000   -1.44031   -2.50140   -2.34911   -2.32842   -2.07646
    747.87     60000   -1.41314   -2.57713   -2.52681   -2.52267   -2.12307
    771.23     65000   -1.46709   -2.84505   -2.80874   -2.81540   -2.19224
    794.59     70000   -1.55329   -2.68679   -2.51926   -2.49327   -2.21578
    817.95     75000   -1.58175   -2.67179   -2.55683   -2.53869   -2.26006
    841.31     80000   -1.61637   -2.90039   -2.93223   -2.94313   -2.34449
    864.66     85000   -1.68619   -2.97465   -2.81167   -2.79106   -2.38445
    888.02     90000   -1.75500   -2.81297   -2.66058   -2.63915   -2.38824
    911.39     95000   -1.73260   -2.89026   -2.83320   -2.82610   -2.43998
    934.76    100000   -1.78654   -3.15934   -3.14574   -3.15606   -2.51109
    958.14      5000   -1.86713   -3.01267   -2.84083   -2.81560   -2.53145
    981.52     10000   -1.89225   -2.97711   -2.85913   -2.84050   -2.56696
   1004.91     15000   -1.91895   -3.19033   -3.21438   -3.22418   -2.64731
   1028.30     20000   -1.99024   -3.29191   -3.13657   -3.11613   -2.69184
   1051.68     25000   -2.06956   -3.12579   -2.97119   -2.94923   -2.69881
   1075.07     30000   -2.04669   -3.19654   -3.13128   -3.12205   -2.75148
   1098.46     35000   -2.10000   -3.46713   -3.47580   -3.49041   -2.82464
   1121.85     40000   -2.17659   -3.33672   -3.16243   -3.13772   -2.84481
   1145.24     45000   -2.20461   -3.28403   -3.16215   -3.14314   -2.87463
   1168.63     50000   -2.22468   -3.48272   -3.49682   -3.50451   -2.95223
   1192.01     55000   -2.29478   -3.61151   -3.46502   -3.44538   -3.00079
   1215.39     60000   -2.38224   -3.43937   -3.28234   -3.25991   -3.00907
   1238.76     65000   -2.35871   -3.49996   -3.42702   -3.41612   -3.06065
   1262.13     70000   -2.40965   -3.77087   -3.79842   -3.81729   -3.13561
   1285.50     75000   -2.48421   -3.65994   -3.48447   -3.46001   -3.15713
   1308.87     80000   -2.51562   -3.59192   -3.46609   -3.44671   -3.18286
   1332.24     85000   -2.53224   -3.77647   -3.78017   -3.78548   -3.25822
   1355.61     90000   -2.60123   -3.93162   -3.79581   -3.77747   -3.31050
   1378.98     95000   -2.68969   -3.75396   -3.59442   -3.57161   -3.31938
   1402.34    100000   -2.67068   -3.80250   -3.72264   -3.71038   -3.36885
   1425.72      5000   -2.71898   -4.07152   -4.11340   -4.13595   -3.44527
   1449.09     10000   -2.79164   -3.98315   -3.80718   -3.78287   -3.46895
   1472.45     15000   -2.82790   -3.90073   -3.77099   -3.75117   -3.49149
   1495.81     20000   -2.84050   -4.07133   -4.06465   -4.06750   -3.56476
   1519.19     25000   -2.90923   -4.25118   -4.12819   -4.11169   -3.62052
   1542.55     30000   -2.99587   -4.06965   -3.90754   -3.88439   -3.62985
   1565.92     35000   -2.98258   -4.10523   -4.01895   -4.00553   -3.67669
   1589.29     40000   -3.02662   -4.36988   -4.42094   -4.44589   -3.75419
   1612.66     45000   -3.09934   -4.30656   -4.13072   -4.10661   -3.78054
   1636.03     50000   -3.14134   -4.21039   -4.07677   -4.05651   -3.80041
   1659.40     55000   -3.15011   -4.36714   -4.35032   -4.35074   -3.87156
   1682.77     60000   -3.21741   -4.56936   -4.46163   -4.44753   -3.93061
   1706.14     65000   -3.30119   -4.38630   -4.22167   -4.19825   -3.94048
   1729.53     70000   -3.29363   -4.40853   -4.31620   -4.30176   -3.98445
   1752.92     75000   -3.33488   -4.66669   -4.72170   -4.74731   -4.06266
   1776.31     80000   -3.40555   -4.63017   -4.45525   -4.43137   -4.09198
   1799.68     85000   -3.45474   -4.52081   -4.38341   -4.36274   -4.10958
   1823.04     90000   -3.45892   -4.66378   -4.63718   -4.63531   -4.17849
   1846.41     95000   -3.52508   -4.88558   -4.79558   -4.78450   -4.24064
   1869.78    100000   -3.60755   -4.70379   -4.53679   -4.51314   -4.25127
   1893.15      5000   -3.60493   -4.71248   -4.61446   -4.59913   -4.29224
   1916.51     10000   -3.64209   -4.96243   -5.01668   -5.04130   -4.37082
   1939.88     15000   -3.71270   -4.95397   -4.78086   -4.75730   -4.40334
   1963.25     20000   -3.76905   -4.83194   -4.69091   -4.66984   -4.41895
   1986.62     25000   -3.76788   -4.96115   -4.92524   -4.92129   -4.48548
   2009.99     30000   -3.83285   -5.19949   -5.12943   -5.12204   -4.55053
   2033.38     35000   -3.91328   -5.02208   -4.85289   -4.82906   -4.56218
   2056.77     40000   -3.91635   -5.01713   -4.91375   -4.89760   -4.60014
   2080.14     45000   -3.95005   -5.25745   -5.30718   -5.32951   -4.67874
   2103.51     50000   -4.02083   -5.27790   -5.10761   -5.08448   -4.71461
   2126.88     55000   -4.08417   -5.14379   -4.99927   -4.97781   -4.72851
   2150.24     60000   -4.07788   -5.25925   -5.21453   -5.20870   -4.79252
   2173.60     65000   -4.14108   -5.51084   -5.46236   -5.45939   -4.86023
   2196.96     70000   -4.21849   -5.34113   -5.16999   -5.14600   -4.87322
   2220.32     75000   -4.22741   -5.32251   -5.21404   -5.19715   -4.90816
   2243.69     80000   -4.25726   -5.55209   -5.59452   -5.61375   -4.98647
   2267.06     85000   -4.32865   -5.60182   -5.43555   -5.41299   -5.02578
   2290.43     90000   -4.39898   -5.45636   -5.30849   -5.28667   -5.03826
   2313.80     95000   -4.38828   -5.55808   -5.50505   -5.49752   -5.09960
   2337.16    100000   -4.44803   -5.81950   -5.79339   -5.79550   -5.16973
   2360.53      5000   -4.52473   -5.66094   -5.48808   -5.46396   -5.18434
   2383.89     10000   -4.53889   -5.62862   -5.51531   -5.49774   -5.21634
   2407.25     15000   -4.56539   -5.84661   -5.87989   -5.89564   -5.29403
   2430.61     20000   -4.63645   -5.92552   -5.76469   -5.74288   -5.33686
   2453.97     25000   -4.71447   -5.76968   -5.61858   -5.59642   -5.34818
   2477.33     30000   -4.69925   -5.85766   -5.79679   -5.78773   -5.40674
   2500.69     35000   -4.75578   -6.12549   -6.12132   -6.12899   -5.47901
   2524.05     40000   -4.83199   -5.98147   -5.80718   -5.78299   -5.49555
   2547.39     45000   -4.85139   -5.93548   -5.81755   -5.79935   -5.52468
   2570.74     50000   -4.87296   -6.14121   -6.16430   -6.17649   -5.60146
   2594.08     55000   -4.94453   -6.24875   -6.09502   -6.07419   -5.64781
   2617.43     60000   -5.02979   -6.08374   -5.92954   -5.90707   -5.65828
   2640.77     65000   -5.00952   -6.15798   -6.08972   -6.07930   -5.71394
   2664.12     70000   -5.06357   -6.42894   -6.44488   -6.45820   -5.78807
   2687.47     75000   -5.13799   -6.30268   -6.12732   -6.10309   -5.80682
   2710.81     80000   -5.16389   -6.24307   -6.12072   -6.10194   -5.83320
   2734.16     85000   -5.18155   -6.43607   -6.44848   -6.45724   -5.90878
   2757.53     90000   -5.25137   -6.57120   -6.42651   -6.40693   -5.95863
   2780.89     95000   -5.34119   -6.39854   -6.24137   -6.21861   -5.96855
   2804.26    100000   -5.31995   -6.45904   -6.38384   -6.37218   -6.02123
   2827.63      5000   -5.37098   -6.73011   -6.76290   -6.78136   -6.09690
   2850.99     10000   -5.44428   -6.62454   -6.44853   -6.42431   -6.11812
   2874.36     15000   -5.47557   -6.55140   -6.42482   -6.40550   -6.14189
   2897.73     20000   -5.49031   -6.73131   -6.73297   -6.73855   -6.21600
   2921.10     25000   -5.55923   -6.89254   -6.75904   -6.74107   -6.26929
   2944.47     30000   -5.64877   -6.71408   -6.55410   -6.53106   -6.27898
   2967.84     35000   -5.63139   -6.76086   -6.67910   -6.66632   -6.32861
   2991.22     40000   -5.67898   -7.02930   -7.07458   -7.09702   -6.40551
   3014.58     45000   -5.75133   -6.94700   -6.77082   -6.74668   -6.42946
   3037.96     50000   -5.78827   -6.86046   -6.72982   -6.71000   -6.45076
   3061.32     55000   -5.79948   -7.02705   -7.01816   -7.02084   -6.52315
   3084.69     60000   -5.86810   -7.21240   -7.09246   -7.07652   -6.57978
   3108.06     65000   -5.95424   -7.03038   -6.86772   -6.84443   -6.58956
   3131.42     70000   -5.94266   -7.06343   -6.97548   -6.96168   -6.63610
   3154.79     75000   -5.98622   -7.32688   -7.37966   -7.40442   -6.71391
   3178.16     80000   -6.05829   -7.26998   -7.09425   -7.07024   -6.74079
   3201.53     85000   -6.10184   -7.17025   -7.03572   -7.01543   -6.75982
   3224.91     90000   -6.10964   -7.32335   -7.30428   -7.30434   -6.83025
   3248.30     95000   -6.17617   -7.53043   -7.42648   -7.41310   -6.89009
   3271.68    100000   -6.25984   -7.34743   -7.18225   -7.15874   -6.90027
   3295.06      5000   -6.25379   -7.36675   -7.27294   -7.25821   -6.94371
   3318.45     10000   -6.29407   -7.62321   -7.67855   -7.70376   -7.02211
   3341.83     15000   -6.36459   -7.59339   -7.41882   -7.39504   -7.05210
   3365.21     20000   -6.41536   -7.48078   -7.34251   -7.32178   -7.06907
   3388.59     25000   -6.41814   -7.62028   -7.59148   -7.58920   -7.13733
   3411.97     30000   -6.48424   -7.84628   -7.76071   -7.75049   -7.20020
   3435.34     35000   -6.56647   -7.66523   -7.49771   -7.47399   -7.21112
   3458.71     40000   -6.56490   -7.67082   -7.57145   -7.55588   -7.25146
   3482.07     45000   -6.60131   -7.91865   -7.97217   -7.99617   -7.33011
   3505.44     50000   -6.67191   -7.91711   -7.74458   -7.72113   -7.36338
   3528.80     55000   -6.72993   -7.79204   -7.65018   -7.62903   -7.37850
   3552.16     60000   -6.72741   -7.91788   -7.87986   -7.87549   -7.44439
   3575.53     65000   -6.79195   -8.15967   -8.09455   -8.08818   -7.51010
   3598.89     70000   -6.87169   -7.98377   -7.81411   -7.79022   -7.52208
   3622.26     75000   -6.87653   -7.97563   -7.87099   -7.85464   -7.55935
   3645.64     80000   -6.90901   -8.21351   -8.26172   -8.28327   -7.63794
   3669.01     85000   -6.98024   -8.24099   -8.07155   -8.04855   -7.67460
   3692.40     90000   -7.04498   -8.10405   -7.95872   -7.93718   -7.68811
   3715.78     95000   -7.03769   -8.21618   -8.16944   -8.16321   -7.75147
   3739.16    100000   -7.10008   -8.47041   -8.42720   -8.42541   -7.81978
   3762.54      5000   -7.17716   -8.30305   -8.13147   -8.10744   -7.83315
   3785.92     10000   -7.18736   -8.28118   -8.17153   -8.15446   -7.86740
   3809.29     15000   -7.21644   -8.50808   -8.54845   -8.56683   -7.94560
   3832.66     20000   -7.28773   -8.56484   -8.39974   -8.37735   -7.98574
   3856.02     25000   -7.35988   -8.41679   -8.26813   -8.24624   -7.99790
   3879.38     30000   -7.34809   -8.51520   -8.46025   -8.45236   -8.05858
   3902.74     35000   -7.40706   -8.77845   -8.75764   -8.76107   -8.12924
   3926.11     40000   -7.48365   -8.62305   -8.44982   -8.42568   -8.14430
   3949.47     45000   -7.49907   -8.58748   -8.47304   -8.45531   -8.17561
   3972.38     50000   -7.52440   -8.80259   -8.83351   -8.84838   -8.25312
   3994.91     55000   -7.59577   -8.88844   -8.72915   -8.70756   -8.29678
   4017.48     60000   -7.67546   -8.73027   -8.57842   -8.55619   -8.30787
   4040.04     65000   -7.65930   -8.81495   -8.75228   -8.74289   -8.36574
   4062.59     70000   -7.71506   -9.08382   -9.08466   -9.09371   -8.43848
   4085.02     75000   -7.79104   -8.94376   -8.76918   -8.74497   -8.45552
   4107.10     80000   -7.81182   -8.89451   -8.77550   -8.75716   -8.48399
   4128.94     85000   -7.83222   -9.09724   -9.11779   -9.12914   -8.56051
   4150.93     90000   -7.90337   -9.21150   -9.05976   -9.03920   -8.60770
   4172.75     95000   -7.99037   -9.04450   -8.88958   -8.86704   -8.61801
   4194.63    100000   -7.96921   -9.11545   -9.04550   -9.03477   -8.67296
MyID= 0: Time=  0.1,has convergenced
     1684759 iterations for the convertgence of psi
 MyID=           0 has finish
