 START-UP FOR CHUNK...
     23.41      5000   -0.60603   -2.03181   -2.08149   -2.03451   -1.28965
     46.76     10000   -0.77449   -2.13603   -1.97274   -2.03765   -1.51039
     70.10     15000   -0.77864   -2.25557   -1.85802   -1.89792   -1.56023
     93.45     20000   -0.69817   -2.37825   -1.70449   -1.70757   -1.49555
    116.79     25000   -0.58092   -1.91032   -1.54402   -1.53715   -1.36768
    140.13     30000   -0.49143   -1.63706   -1.45786   -1.45815   -1.24176
    163.48     35000   -0.43253   -1.70597   -1.62251   -1.59207   -1.19784
    186.82     40000   -0.49721   -1.90482   -1.90062   -2.13663   -1.29787
    210.16     45000   -0.64624   -1.84996   -1.74207   -1.72462   -1.38109
    233.51     50000   -0.82592   -1.91186   -1.78816   -1.77024   -1.48516
    256.85     55000   -0.90900   -2.17869   -2.17484   -2.13612   -1.61623
    280.19     60000   -0.98654   -2.29962   -2.24621   -2.27048   -1.69920
    303.53     65000   -1.02374   -2.10494   -1.94321   -1.93455   -1.67778
    326.88     70000   -0.99767   -2.05552   -1.95472   -1.92533   -1.65571
    350.22     75000   -0.99440   -2.25764   -2.31251   -2.25438   -1.70664
    373.57     80000   -1.07364   -2.32996   -2.29699   -2.26712   -1.77662
    396.91     85000   -1.18244   -2.21874   -2.09555   -2.07314   -1.81139
    420.25     90000   -1.21143   -2.34384   -2.24926   -2.22480   -1.88036
    443.59     95000   -1.26888   -2.60396   -2.78799   -2.74241   -1.97926
    466.93    100000   -1.34783   -2.50908   -2.38486   -2.37663   -2.02050
 ITERATION...
    490.28      5000   -1.38399   -2.41776   -2.28532   -2.26606   -2.01466
    513.62     10000   -1.36711   -2.54907   -2.50679   -2.47049   -2.05777
    536.96     15000   -1.42551   -2.76088   -2.85675   -2.84275   -2.13986
    560.31     20000   -1.52156   -2.61806   -2.49047   -2.47067   -2.17733
    583.65     25000   -1.55471   -2.63717   -2.51688   -2.49150   -2.21261
    606.99     30000   -1.58963   -2.87454   -2.90847   -2.86617   -2.29696
    630.34     35000   -1.67323   -2.92997   -2.87607   -2.86358   -2.36801
    653.68     40000   -1.74683   -2.78881   -2.65130   -2.63277   -2.37677
    677.02     45000   -1.73296   -2.86048   -2.76613   -2.73893   -2.40867
    700.36     50000   -1.77281   -3.11349   -3.26883   -3.22646   -2.49129
    723.71     55000   -1.86475   -3.03245   -2.92576   -2.91100   -2.54440
    747.05     60000   -1.92926   -2.97107   -2.83918   -2.81761   -2.56345
    770.40     65000   -1.93555   -3.13690   -3.08325   -3.04987   -2.62729
    793.74     70000   -2.00219   -3.34059   -3.41951   -3.39997   -2.71283
    817.08     75000   -2.08549   -3.17759   -3.04579   -3.02881   -2.73962
    840.43     80000   -2.09898   -3.18095   -3.06336   -3.03871   -2.75959
    863.77     85000   -2.12313   -3.40727   -3.44121   -3.40194   -2.83383
    887.11     90000   -2.20846   -3.46469   -3.41297   -3.39939   -2.90547
    910.46     95000   -2.29532   -3.33292   -3.19835   -3.17875   -2.92307
    933.80    100000   -2.28988   -3.42155   -3.32615   -3.29887   -2.96575
    957.14      5000   -2.33511   -3.68388   -3.84109   -3.79436   -3.05276
    980.48     10000   -2.42429   -3.58949   -3.47784   -3.46342   -3.10191
   1003.83     15000   -2.47891   -3.52128   -3.39135   -3.36955   -3.11463
   1027.17     20000   -2.48026   -3.68151   -3.63311   -3.60053   -3.17348
   1050.52     25000   -2.54602   -3.88339   -3.95479   -3.93820   -3.25769
   1073.86     30000   -2.63333   -3.72246   -3.59133   -3.57365   -3.28691
   1097.20     35000   -2.65068   -3.73373   -3.61627   -3.59170   -3.31190
   1120.55     40000   -2.67886   -3.96569   -4.00480   -3.96383   -3.38948
   1143.89     45000   -2.76451   -4.01862   -3.96119   -3.94813   -3.45994
   1167.23     50000   -2.84745   -3.88539   -3.75017   -3.73062   -3.47475
   1190.58     55000   -2.83884   -3.97192   -3.87955   -3.85184   -3.51537
   1213.92     60000   -2.88324   -4.23267   -4.38985   -4.34821   -3.60139
   1237.26     65000   -2.97375   -4.13607   -4.02261   -4.00772   -3.65064
   1260.61     70000   -3.02840   -4.07229   -3.94191   -3.91982   -3.66541
   1283.95     75000   -3.03298   -4.23685   -4.18994   -4.15687   -3.72650
   1307.29     80000   -3.09953   -4.43472   -4.50202   -4.48459   -3.81060
   1330.63     85000   -3.18544   -4.27379   -4.14156   -4.12410   -3.83828
   1353.98     90000   -3.20079   -4.28599   -4.16922   -4.14461   -3.86256
   1377.32     95000   -3.22878   -4.51824   -4.56236   -4.52172   -3.93987
   1400.66    100000   -3.31483   -4.56551   -4.50418   -4.49158   -4.00982
   1424.01      5000   -3.39855   -4.43531   -4.29945   -4.27972   -4.02511
   1447.35     10000   -3.39033   -4.52563   -4.43349   -4.40542   -4.06718
   1470.69     15000   -3.43552   -4.78615   -4.94623   -4.90292   -4.15362
   1494.04     20000   -3.52597   -4.68547   -4.57106   -4.55607   -4.20175
   1517.38     25000   -3.57814   -4.62396   -4.49381   -4.47172   -4.21620
   1540.72     30000   -3.58352   -4.79062   -4.74604   -4.71299   -4.27755
   1564.07     35000   -3.65051   -4.98330   -5.04391   -5.02791   -4.36130
   1587.41     40000   -3.73648   -4.82247   -4.68971   -4.67222   -4.38861
   1610.76     45000   -3.75142   -4.83810   -4.72148   -4.69674   -4.41376
   1634.10     50000   -3.78042   -5.07272   -5.12073   -5.07909   -4.49174
   1657.44     55000   -3.86647   -5.11401   -5.05033   -5.03750   -4.56093
   1680.79     60000   -3.94986   -4.98578   -4.85013   -4.83034   -4.57578
   1704.13     65000   -3.94116   -5.07870   -4.98784   -4.95971   -4.61834
   1727.47     70000   -3.98671   -5.33852   -5.49927   -5.45771   -4.70483
   1750.82     75000   -4.07751   -5.23335   -5.11785   -5.10279   -4.75224
   1774.16     80000   -4.12787   -5.17482   -5.04491   -5.02273   -4.76703
   1797.50     85000   -4.13430   -5.34441   -5.30186   -5.26848   -4.82916
   1820.85     90000   -4.20221   -5.53284   -5.58840   -5.57233   -4.91259
   1844.19     95000   -4.28782   -5.37187   -5.23902   -5.22145   -4.93919
   1867.54    100000   -4.30198   -5.39016   -5.27437   -5.24956   -4.96477
   1890.88      5000   -4.33147   -5.62670   -5.67920   -5.63751   -5.04318
   1914.22     10000   -4.41781   -5.66184   -5.59511   -5.58231   -5.11171
   1937.57     15000   -4.50122   -5.53575   -5.40017   -5.38028   -5.12639
   1960.91     20000   -4.49188   -5.63152   -5.54182   -5.51351   -5.16969
   1984.25     25000   -4.53823   -5.89082   -6.05276   -6.01143   -5.25630
   2007.60     30000   -4.62870   -5.78189   -5.66554   -5.65035   -5.30287
   2030.94     35000   -4.67767   -5.72598   -5.59653   -5.57428   -5.31784
   2054.28     40000   -4.68487   -5.89817   -5.85815   -5.82461   -5.38060
   2077.63     45000   -4.75378   -6.08204   -6.13150   -6.11612   -5.46370
   2100.97     50000   -4.83916   -5.92104   -5.78786   -5.77021   -5.48971
   2124.31     55000   -4.85260   -5.94210   -5.82697   -5.80203   -5.51586
   2147.66     60000   -4.88260   -6.18055   -6.23750   -6.19532   -5.59473
   2171.00     65000   -4.96926   -6.20999   -6.14069   -6.12777   -5.66255
   2194.34     70000   -5.05260   -6.08603   -5.95059   -5.93062   -5.67701
   2217.69     75000   -5.04254   -6.18450   -6.09614   -6.06770   -5.72099
   2241.03     80000   -5.08973   -6.44300   -6.60529   -6.56512   -5.80768
   2264.37     85000   -5.17991   -6.33028   -6.21288   -6.19762   -5.85347
   2287.72     90000   -5.22751   -6.27707   -6.14795   -6.12561   -5.86867
   2311.06     95000   -5.23552   -6.45188   -6.41428   -6.38047   -5.93210
   2334.40    100000   -5.30543   -6.63127   -6.67524   -6.66014   -6.01483
   2357.75      5000   -5.39054   -6.47042   -6.33700   -6.31926   -6.04025
   2381.09     10000   -5.40328   -6.49420   -6.37980   -6.35476   -6.06693
   2404.43     15000   -5.43374   -6.73447   -6.79602   -6.75356   -6.14625
   2427.78     20000   -5.52075   -6.75801   -6.68600   -6.67305   -6.21336
   2451.12     25000   -5.60404   -6.63625   -6.50088   -6.48083   -6.22764
   2474.46     30000   -5.59325   -6.73747   -6.65036   -6.62177   -6.27231
   2497.81     35000   -5.64130   -6.99507   -7.15750   -7.11809   -6.35908
   2521.15     40000   -5.73117   -6.87880   -6.76048   -6.74512   -6.40406
   2544.49     45000   -5.77731   -6.82827   -6.69954   -6.67711   -6.41950
   2567.84     50000   -5.78621   -7.00570   -6.97064   -6.93660   -6.48358
   2591.18     55000   -5.85713   -7.18039   -7.21867   -7.20397   -6.56595
   2614.52     60000   -5.94197   -7.01975   -6.88607   -6.86825   -6.59078
   2637.86     65000   -5.95399   -7.04629   -6.93258   -6.90743   -6.61802
   2661.20     70000   -5.98494   -7.28833   -7.35447   -7.31164   -6.69777
   2684.55     75000   -6.07221   -7.30609   -7.23156   -7.21853   -6.76417
   2707.89     80000   -6.15552   -7.18656   -7.05130   -7.03117   -6.77828
   2731.23     85000   -6.14402   -7.29051   -7.20473   -7.17599   -6.82364
   2754.57     90000   -6.19290   -7.54707   -7.70903   -7.67068   -6.91047
   2777.92     95000   -6.28247   -7.42730   -7.30805   -7.29261   -6.95465
   2801.26    100000   -6.32699   -7.37947   -7.25110   -7.22859   -6.97035
   2824.60      5000   -6.33694   -7.55950   -7.52700   -7.49270   -7.03508
   2847.94     10000   -6.40887   -7.72945   -7.76225   -7.74784   -7.11706
   2871.28     15000   -6.49345   -7.56916   -7.43524   -7.41734   -7.14132
   2894.62     20000   -6.50450   -7.59843   -7.48545   -7.46020   -7.16912
   2917.97     25000   -6.53618   -7.84219   -7.91300   -7.86986   -7.24929
   2941.31     30000   -6.62341   -7.85414   -7.77713   -7.76403   -7.31497
   2964.65     35000   -6.70705   -7.73687   -7.60172   -7.58151   -7.32892
   2987.99     40000   -6.69482   -7.84356   -7.75912   -7.73022   -7.37498
   3011.34     45000   -6.74455   -8.09895   -8.26007   -8.22271   -7.46185
   3034.68     50000   -6.83382   -7.97585   -7.85573   -7.84019   -7.50523
   3058.02     55000   -6.87673   -7.93072   -7.80274   -7.78015   -7.52120
   3081.36     60000   -6.88772   -8.11335   -8.08349   -8.04894   -7.58657
   3104.71     65000   -6.96062   -8.27842   -8.30578   -8.29166   -7.66816
   3128.05     70000   -7.04497   -8.11858   -7.98444   -7.96645   -7.69185
   3151.39     75000   -7.05506   -8.15059   -8.03835   -8.01299   -7.72023
   3174.73     80000   -7.08747   -8.39600   -8.47152   -8.42805   -7.80081
   3198.07     85000   -7.17465   -8.40220   -8.32282   -8.30965   -7.86575
   3221.41     90000   -7.25863   -8.28723   -8.15221   -8.13191   -7.87957
   3244.76     95000   -7.24568   -8.39666   -8.31359   -8.28454   -7.92632
   3268.10    100000   -7.29614   -8.65072   -8.81051   -8.77425   -8.01322
   3291.44      5000   -7.38522   -8.52442   -8.40345   -8.38782   -8.05581
   3314.78     10000   -7.42651   -8.48200   -8.35441   -8.33172   -8.07206
   3338.12     15000   -7.43855   -8.66720   -8.64004   -8.60523   -8.13807
   3361.47     20000   -7.51199   -8.82732   -8.84937   -8.83550   -8.21924
   3384.81     25000   -7.59654   -8.66804   -8.53369   -8.51562   -8.24239
   3408.15     30000   -7.60565   -8.70280   -8.59132   -8.56585   -8.27134
   3431.50     35000   -7.63880   -8.94980   -9.03006   -8.98628   -8.35233
   3454.83     40000   -7.72594   -8.95026   -8.86857   -8.85533   -8.41653
   3478.18     45000   -7.81025   -8.83762   -8.70272   -8.68234   -8.43022
   3501.52     50000   -7.79658   -8.94978   -8.86811   -8.83890   -8.47767
   3524.86     55000   -7.84753   -9.20238   -9.36041   -9.32526   -8.56458
   3548.20     60000   -7.93666   -9.07303   -8.95124   -8.93552   -8.60638
   3571.54     65000   -7.97634   -9.03331   -8.90613   -8.88335   -8.62293
   3594.89     70000   -7.98942   -9.22107   -9.19669   -9.16162   -8.68958
MyID= 0: Time=  0.1,has convergenced
     1686138 iterations for the convertgence of psi
 MyID=           0 has finish
