 START-UP FOR CHUNK...
     23.41      5000   -0.56549   -2.01168   -1.92003   -1.83855   -1.28367
     46.72     10000   -0.68177   -2.16536   -1.78016   -1.84910   -1.46669
     70.02     15000   -0.64271   -2.28259   -1.67029   -1.71898   -1.46067
     93.31     20000   -0.54757   -2.11949   -1.54939   -1.54975   -1.37184
    116.61     25000   -0.46177   -1.69860   -1.46855   -1.45128   -1.26614
    139.90     30000   -0.41266   -1.63208   -1.54526   -1.53740   -1.19931
    163.20     35000   -0.44172   -1.94509   -1.84821   -1.94694   -1.29752
    186.51     40000   -0.61311   -1.90805   -1.83180   -1.81813   -1.41082
    209.84     45000   -0.80393   -1.90192   -1.77158   -1.79080   -1.49786
    233.16     50000   -0.90391   -2.14610   -2.05188   -2.01664   -1.61974
    256.49     55000   -0.98927   -2.37658   -2.43743   -2.42777   -1.74551
    279.82     60000   -1.07842   -2.30908   -2.09645   -2.10907   -1.78109
    303.15     65000   -1.11175   -2.13657   -2.00982   -1.98103   -1.75380
    326.48     70000   -1.08047   -2.23963   -2.17609   -2.12854   -1.77544
    349.80     75000   -1.12463   -2.50354   -2.60665   -2.50926   -1.86158
    373.12     80000   -1.24229   -2.36173   -2.29604   -2.25567   -1.92169
    396.45     85000   -1.34358   -2.34764   -2.23253   -2.22272   -1.95672
    419.77     90000   -1.35636   -2.56426   -2.49334   -2.46889   -2.03369
    443.09     95000   -1.42610   -2.75448   -2.86624   -2.81444   -2.13555
    466.40    100000   -1.52372   -2.61155   -2.47047   -2.47600   -2.17480
 ITERATION...
    489.70      5000   -1.54168   -2.57938   -2.45142   -2.43238   -2.17811
    512.99     10000   -1.54778   -2.77954   -2.73827   -2.67415   -2.23408
    536.29     15000   -1.61525   -2.96923   -3.00430   -2.95606   -2.32598
    559.58     20000   -1.72553   -2.78452   -2.67176   -2.64776   -2.36899
    582.88     25000   -1.74920   -2.81533   -2.69976   -2.67502   -2.39889
    606.17     30000   -1.78683   -3.07899   -3.06251   -3.01058   -2.47846
    629.47     35000   -1.87072   -3.14165   -3.12993   -3.09982   -2.56792
    652.76     40000   -1.96396   -2.98751   -2.86112   -2.85362   -2.59361
    676.06     45000   -1.95504   -3.04739   -2.93018   -2.90997   -2.61659
    699.36     50000   -1.99182   -3.32247   -3.36195   -3.27817   -2.69537
    722.65     55000   -2.08791   -3.32390   -3.26131   -3.24872   -2.77783
    745.94     60000   -2.18392   -3.19713   -3.07046   -3.05402   -2.80280
    769.24     65000   -2.17361   -3.29954   -3.19479   -3.16303   -2.84170
    792.54     70000   -2.22188   -3.60768   -3.70367   -3.60283   -2.93132
    815.83     75000   -2.32663   -3.50218   -3.41444   -3.39721   -3.00360
    839.12     80000   -2.41049   -3.40542   -3.28086   -3.26510   -3.01995
    862.43     85000   -2.38961   -3.54365   -3.44823   -3.41880   -3.06318
    885.73     90000   -2.44275   -3.83140   -3.97589   -3.86596   -3.15473
    909.03     95000   -2.55057   -3.67897   -3.57656   -3.56647   -3.21715
    932.33    100000   -2.60992   -3.62803   -3.50214   -3.48563   -3.23480
    955.64      5000   -2.61133   -3.80681   -3.73024   -3.69028   -3.29040
    978.94     10000   -2.67305   -4.06306   -4.16124   -4.08529   -3.38491
   1002.26     15000   -2.78029   -3.87032   -3.75361   -3.74092   -3.43501
   1025.58     20000   -2.81028   -3.85137   -3.72977   -3.70923   -3.45226
   1048.91     25000   -2.82881   -4.06756   -4.01420   -3.96798   -3.51600
   1072.24     30000   -2.90107   -4.24848   -4.28572   -4.23718   -3.60879
   1095.56     35000   -3.00613   -4.06071   -3.94091   -3.92851   -3.64854
   1118.88     40000   -3.01766   -4.08449   -3.96586   -3.94508   -3.67096
   1142.21     45000   -3.04986   -4.33772   -4.32248   -4.26340   -3.74471
   1165.54     50000   -3.13408   -4.42869   -4.39985   -4.37615   -3.83362
   1188.87     55000   -3.23281   -4.26279   -4.13647   -4.12349   -3.86336
   1212.19     60000   -3.22871   -4.32233   -4.20976   -4.18454   -3.89131
   1235.52     65000   -3.26936   -4.60675   -4.64243   -4.56405   -3.97270
   1258.85     70000   -3.36532   -4.60212   -4.53550   -4.51754   -4.05456
   1282.13     75000   -3.45836   -4.46864   -4.34231   -4.32738   -4.07732
   1305.41     80000   -3.44434   -4.56785   -4.46356   -4.43579   -4.11363
   1328.70     85000   -3.49119   -4.86853   -4.96961   -4.87027   -4.20172
   1351.98     90000   -3.59685   -4.77605   -4.68393   -4.67111   -4.27429
   1375.27     95000   -3.68306   -4.68189   -4.55423   -4.53866   -4.29235
   1398.55    100000   -3.66357   -4.81938   -4.72648   -4.69371   -4.33745
   1421.84      5000   -3.71791   -5.11278   -5.25167   -5.14407   -4.42974
   1445.12     10000   -3.82519   -4.95707   -4.84920   -4.83720   -4.49143
   1468.40     15000   -3.88245   -4.90144   -4.77555   -4.75768   -4.50814
   1491.68     20000   -3.88362   -5.07843   -5.00263   -4.96378   -4.56306
   1514.96     25000   -3.94511   -5.33070   -5.43295   -5.35508   -4.65713
   1538.25     30000   -4.05282   -5.14281   -5.02547   -5.01359   -4.70734
   1561.53     35000   -4.08306   -5.12680   -5.00316   -4.98373   -4.72540
   1584.82     40000   -4.10259   -5.34276   -5.29129   -5.24392   -4.78989
   1608.10     45000   -4.17527   -5.52301   -5.55428   -5.50985   -4.88272
   1631.39     50000   -4.27986   -5.33637   -5.21308   -5.20081   -4.92196
   1654.67     55000   -4.29046   -5.35912   -5.23972   -5.21776   -4.94415
   1677.95     60000   -4.32279   -5.61238   -5.59778   -5.53747   -5.01785
   1701.24     65000   -4.40715   -5.70125   -5.67173   -5.64652   -5.10652
   1724.52     70000   -4.50588   -5.53608   -5.40948   -5.39612   -5.13624
   1747.80     75000   -4.50188   -5.59737   -5.48384   -5.45910   -5.16467
   1771.08     80000   -4.54295   -5.88152   -5.91939   -5.84058   -5.24638
   1794.37     85000   -4.63908   -5.87397   -5.80590   -5.78906   -5.32800
   1817.65     90000   -4.73170   -5.74269   -5.61478   -5.60034   -5.35050
   1840.93     95000   -4.71737   -5.84271   -5.73768   -5.70945   -5.38691
   1864.21    100000   -4.76439   -6.14357   -6.24588   -6.14471   -5.47507
   1887.49      5000   -4.87020   -6.04904   -5.95578   -5.94276   -5.54734
   1910.78     10000   -4.95632   -5.95562   -5.82767   -5.81171   -5.56542
   1934.06     15000   -4.93680   -6.09450   -6.00133   -5.96843   -5.61089
   1957.34     20000   -4.99142   -6.38694   -6.52566   -6.41822   -5.70329
   1980.62     25000   -5.09872   -6.22911   -6.12091   -6.10897   -5.76464
   2003.91     30000   -5.15510   -6.17501   -6.04860   -6.03098   -5.78131
   2027.19     35000   -5.15691   -6.35325   -6.27727   -6.23829   -5.83644
   2050.48     40000   -5.21856   -6.60363   -6.70420   -6.62710   -5.93049
   2073.76     45000   -5.32621   -6.41558   -6.29772   -6.28596   -5.98039
   2097.04     50000   -5.35589   -6.40067   -6.27689   -6.25728   -5.99857
   2120.33     55000   -5.37592   -6.61796   -6.56694   -6.51912   -6.06336
   2143.61     60000   -5.44882   -6.79583   -6.82447   -6.78071   -6.15613
   2166.89     65000   -5.55338   -6.60895   -6.48549   -6.47310   -6.19506
   2190.17     70000   -5.56343   -6.63282   -6.51337   -6.49140   -6.21739
   2213.46     75000   -5.59601   -6.88719   -6.87333   -6.81273   -6.29131
   2236.74     80000   -5.68071   -6.97313   -6.94254   -6.91757   -6.37980
   2260.03     85000   -5.77916   -6.80895   -6.68222   -6.66893   -6.40929
   2283.31     90000   -5.77491   -6.87139   -6.75794   -6.73314   -6.43794
   2306.60     95000   -5.81631   -7.15638   -7.19579   -7.11631   -6.51987
   2329.88    100000   -5.91260   -7.14615   -7.07683   -7.06024   -6.60125
   2353.17      5000   -6.00502   -7.01569   -6.88767   -6.87314   -6.62359
   2376.46     10000   -5.99051   -7.11674   -7.01190   -6.98353   -6.66023
   2399.74     15000   -6.03776   -7.41790   -7.52160   -7.41986   -6.74853
   2423.03     20000   -6.14373   -7.32112   -7.22743   -7.21438   -6.82051
   2446.31     25000   -6.22963   -7.22879   -7.10086   -7.08489   -6.83852
   2469.60     30000   -6.20993   -7.36878   -7.27596   -7.24298   -6.88426
   2492.88     35000   -6.26484   -7.66050   -7.79907   -7.69218   -6.97674
   2516.17     40000   -6.37217   -7.50138   -7.39271   -7.38084   -7.03778
   2539.45     45000   -6.42773   -7.44835   -7.32191   -7.30423   -7.05445
   2562.75     50000   -6.43025   -7.62764   -7.55218   -7.51295   -7.10985
   2586.04     55000   -6.49209   -7.87651   -7.97521   -7.89905   -7.20390
   2609.33     60000   -6.59966   -7.68805   -7.56999   -7.55819   -7.25348
   2632.63     65000   -6.62871   -7.67419   -7.55051   -7.53084   -7.27175
   2655.94     70000   -6.64921   -7.89254   -7.84236   -7.79429   -7.33680
   2679.26     75000   -6.72234   -8.06801   -8.09467   -8.05167   -7.42949
   2702.58     80000   -6.82687   -7.88155   -7.75791   -7.74553   -7.46815
   2725.90     85000   -6.83639   -7.90649   -7.78712   -7.76509   -7.49062
   2749.22     90000   -6.86914   -8.16179   -8.14914   -8.08808   -7.56477
   2772.54     95000   -6.95431   -8.24513   -8.21324   -8.18859   -7.65310
   2795.82    100000   -7.05246   -8.08178   -7.95497   -7.94165   -7.68236
   2819.13      5000   -7.04794   -8.14527   -8.03201   -8.00712   -7.71121
   2842.46     10000   -7.08959   -8.43095   -8.47206   -8.39200   -7.79334
   2865.79     15000   -7.18611   -8.41809   -8.34789   -8.33145   -7.87450
   2889.11     20000   -7.27834   -8.28865   -8.16058   -8.14602   -7.89668
   2912.45     25000   -7.26366   -8.39077   -8.28617   -8.25769   -7.93356
   2935.77     30000   -7.31115   -8.69204   -8.79740   -8.69509   -8.02200
   2959.11     35000   -7.41729   -8.59319   -8.49900   -8.48601   -8.09369
   2982.44     40000   -7.50295   -8.50195   -8.37404   -8.35802   -8.11162
   3005.77     45000   -7.48306   -8.64303   -8.55060   -8.51747   -8.15762
   3029.10     50000   -7.53826   -8.93401   -9.07248   -8.96604   -8.25019
   3052.43     55000   -7.64562   -8.77361   -8.66458   -8.65273   -8.31091
   3075.76     60000   -7.70038   -8.72166   -8.59526   -8.57753   -8.32759
   3099.09     65000   -7.70361   -8.90204   -8.82712   -8.78769   -8.38326
   3122.42     70000   -7.76562   -9.14925   -9.24613   -9.17097   -8.47731
   3145.75     75000   -7.87313   -8.96047   -8.84222   -8.83041   -8.52658
   3169.08     80000   -7.90153   -8.94770   -8.82411   -8.80438   -8.54493
   3192.41     85000   -7.92250   -9.16711   -9.11778   -9.06941   -8.61024
   3215.74     90000   -7.99587   -9.34020   -9.36493   -9.32267   -8.70285
MyID= 0: Time=  0.1,has convergenced
     1684547 iterations for the convertgence of psi
 MyID=           0 has finish
