 START-UP FOR CHUNK...
     23.45      5000   -0.57073   -2.01628   -1.93936   -1.86536   -1.28327
     46.80     10000   -0.69469   -2.16597   -1.80352   -1.87412   -1.47324
     70.15     15000   -0.66174   -2.27618   -1.69571   -1.74001   -1.47502
     93.49     20000   -0.56823   -2.15991   -1.56775   -1.56690   -1.38741
    116.84     25000   -0.47401   -1.72404   -1.47207   -1.45546   -1.27725
    140.19     30000   -0.42252   -1.60852   -1.51397   -1.51217   -1.19863
    163.55     35000   -0.43549   -1.91762   -1.84436   -1.89472   -1.27698
    186.90     40000   -0.59065   -1.91348   -1.84353   -1.84775   -1.39356
    210.26     45000   -0.77378   -1.88811   -1.75601   -1.77096   -1.47564
    233.61     50000   -0.88792   -2.10635   -2.00860   -1.96307   -1.59614
    256.95     55000   -0.97567   -2.36557   -2.46467   -2.42427   -1.72357
    280.30     60000   -1.06245   -2.31012   -2.11114   -2.11307   -1.76605
    303.66     65000   -1.09454   -2.12094   -1.99404   -1.96392   -1.73758
    327.01     70000   -1.06319   -2.20168   -2.13241   -2.09289   -1.75250
    350.36     75000   -1.10112   -2.45348   -2.58716   -2.49085   -1.83382
    373.70     80000   -1.21312   -2.34298   -2.28548   -2.25168   -1.89541
    397.05     85000   -1.32086   -2.32671   -2.20517   -2.19786   -1.93012
    420.40     90000   -1.32982   -2.52954   -2.45748   -2.42682   -2.00616
    443.78     95000   -1.39782   -2.73766   -2.86036   -2.81366   -2.10698
    467.14    100000   -1.49050   -2.59168   -2.45093   -2.45167   -2.14515
 ITERATION...
    490.50      5000   -1.51112   -2.54923   -2.42517   -2.40053   -2.14756
    513.89     10000   -1.51463   -2.74700   -2.70564   -2.64493   -2.20281
    537.27     15000   -1.58222   -2.92574   -2.97574   -2.92303   -2.29229
    560.62     20000   -1.68955   -2.74475   -2.63757   -2.61386   -2.33298
    583.98     25000   -1.71330   -2.78483   -2.66879   -2.64744   -2.36458
    607.33     30000   -1.74965   -3.04905   -3.04818   -2.99561   -2.44600
    630.69     35000   -1.83634   -3.09280   -3.06892   -3.05052   -2.53128
    654.04     40000   -1.92255   -2.94842   -2.82031   -2.81204   -2.55240
    677.39     45000   -1.91239   -3.01621   -2.90646   -2.88082   -2.57827
    700.73     50000   -1.95054   -3.29944   -3.36931   -3.27986   -2.65967
    724.07     55000   -2.05003   -3.26371   -3.18910   -3.17460   -2.73550
    747.42     60000   -2.14184   -3.14992   -3.02749   -3.00738   -2.75708
    770.77     65000   -2.13142   -3.27291   -3.17805   -3.14566   -2.80204
    794.13     70000   -2.18248   -3.57104   -3.70651   -3.60880   -2.89370
    817.48     75000   -2.28471   -3.42754   -3.33108   -3.31645   -2.95547
    840.83     80000   -2.34846   -3.35971   -3.23643   -3.22000   -2.96966
    864.18     85000   -2.34142   -3.52371   -3.44733   -3.41257   -3.02111
    887.55     90000   -2.39985   -3.77658   -3.90217   -3.82672   -3.11316
    910.93     95000   -2.50477   -3.60345   -3.48974   -3.47851   -3.16270
    934.28    100000   -2.54036   -3.58457   -3.46374   -3.44249   -3.18184
    957.63      5000   -2.55892   -3.79772   -3.75367   -3.70560   -3.24787
    980.98     10000   -2.63210   -3.97512   -4.00245   -3.96550   -3.33889
   1004.33     15000   -2.73102   -3.78828   -3.66692   -3.65203   -3.37416
   1027.69     20000   -2.74122   -3.81306   -3.69814   -3.67475   -3.39678
   1051.05     25000   -2.77170   -4.06705   -4.06986   -4.01078   -3.47193
   1074.41     30000   -2.85928   -4.13227   -4.09918   -4.07804   -3.55644
   1097.78     35000   -2.95287   -3.98165   -3.85619   -3.84202   -3.58221
   1121.12     40000   -2.94852   -4.05578   -3.94820   -3.92176   -3.61464
   1144.47     45000   -2.99013   -4.34133   -4.41890   -4.33537   -3.69948
   1167.81     50000   -3.08999   -4.29784   -4.21686   -4.20364   -3.77391
   1191.17     55000   -3.17761   -4.18577   -4.05854   -4.04155   -3.79226
   1214.52     60000   -3.16203   -4.30509   -4.21063   -4.17871   -3.83451
   1237.87     65000   -3.21253   -4.59521   -4.73803   -4.63854   -3.92482
   1261.22     70000   -3.31560   -4.46175   -4.36036   -4.34717   -3.98652
   1284.58     75000   -3.38008   -4.39820   -4.27254   -4.25424   -4.00298
   1307.94     80000   -3.37782   -4.56607   -4.49099   -4.45372   -4.05730
   1331.28     85000   -3.43715   -4.81439   -4.93162   -4.86000   -4.14997
   1354.63     90000   -3.54126   -4.63704   -4.52075   -4.50859   -4.19780
   1377.97     95000   -3.57301   -4.62041   -4.49751   -4.47673   -4.21590
   1401.34    100000   -3.59145   -4.83456   -4.79091   -4.74310   -4.28161
   1424.69      5000   -3.66566   -5.00033   -5.02893   -4.99260   -4.37204
   1448.05     10000   -3.76465   -4.82129   -4.69856   -4.68471   -4.40707
   1471.42     15000   -3.77484   -4.85184   -4.73503   -4.71145   -4.43112
   1494.81     20000   -3.80681   -5.10928   -5.11577   -5.05366   -4.50762
   1518.17     25000   -3.89546   -5.16425   -5.12488   -5.10524   -4.59154
   1541.52     30000   -3.98798   -5.01528   -4.88886   -4.87410   -4.61625
   1564.88     35000   -3.98217   -5.09267   -4.98445   -4.95752   -4.64888
   1588.22     40000   -4.02398   -5.37975   -5.46053   -5.37528   -4.73394
   1611.57     45000   -4.12441   -5.32605   -5.24596   -5.23208   -4.80751
   1634.92     50000   -4.21194   -5.21930   -5.09225   -5.07559   -4.82583
   1658.28     55000   -4.19596   -5.34361   -5.24908   -5.21733   -4.86923
   1681.64     60000   -4.24742   -5.63189   -5.77648   -5.67742   -4.96000
   1704.99     65000   -4.35073   -5.49240   -5.38946   -5.37690   -5.02065
   1728.35     70000   -4.41233   -5.43234   -5.30669   -5.28816   -5.03689
   1751.70     75000   -4.41155   -5.60389   -5.52992   -5.49179   -5.09189
   1775.05     80000   -4.47177   -5.84802   -5.95957   -5.88990   -5.18449
   1798.41     85000   -4.57612   -5.66790   -5.55211   -5.53947   -5.23136
   1821.80     90000   -4.60602   -5.65511   -5.53299   -5.51212   -5.24988
   1845.17     95000   -4.62554   -5.87321   -5.83211   -5.78401   -5.31652
   1868.52    100000   -4.70102   -6.03061   -6.05337   -6.01915   -5.40666
   1891.87      5000   -4.79941   -5.85306   -5.73016   -5.71647   -5.44079
   1915.22     10000   -4.80818   -5.88705   -5.77085   -5.74713   -5.46529
   1938.57     15000   -4.84096   -6.14728   -6.15817   -6.09452   -5.54244
   1961.92     20000   -4.93062   -6.19453   -6.15172   -6.13264   -5.62573
   1985.28     25000   -5.02278   -6.04805   -5.92193   -5.90691   -5.64985
   2008.66     30000   -5.01608   -6.12881   -6.02177   -5.99452   -5.68324
   2032.03     35000   -5.05852   -6.41731   -6.50391   -6.41745   -5.76886
   2055.38     40000   -5.15954   -6.35608   -6.27403   -6.26032   -5.84159
   2078.77     45000   -5.24632   -6.25262   -6.12575   -6.10902   -5.85958
   2102.14     50000   -5.22969   -6.38025   -6.28703   -6.25497   -5.90375
   2125.49     55000   -5.28180   -6.66681   -6.81340   -6.71470   -5.99478
   2148.85     60000   -5.38554   -6.52330   -6.41935   -6.40685   -6.05445
   2172.20     65000   -5.44464   -6.46662   -6.34131   -6.32261   -6.07072
   2195.56     70000   -5.44530   -6.64150   -6.56966   -6.53092   -6.12658
   2218.91     75000   -5.50673   -6.88070   -6.98607   -6.91984   -6.21918
   2242.26     80000   -5.61077   -6.69941   -6.58296   -6.57024   -6.26509
   2265.61     85000   -5.63904   -6.68993   -6.56820   -6.54715   -6.28390
   2288.96     90000   -5.65956   -6.91119   -6.87310   -6.82415   -6.35132
   2312.30     95000   -5.73594   -7.06118   -7.07869   -7.04596   -6.44111
   2335.66    100000   -5.83411   -6.88535   -6.76222   -6.74847   -6.47442
   2359.01      5000   -5.84140   -6.92272   -6.80713   -6.78320   -6.49947
   2382.37     10000   -5.87525   -7.18554   -7.20129   -7.13624   -6.57732
   2405.75     15000   -5.96598   -7.22467   -7.17818   -7.15980   -6.65998
   2429.14     20000   -6.05771   -7.08101   -6.95475   -6.93960   -6.68352
   2452.52     25000   -6.04979   -7.16509   -7.05886   -7.03129   -6.71762
   2475.87     30000   -6.09305   -7.45467   -7.54709   -7.45884   -6.80373
   2499.22     35000   -6.19464   -7.38644   -7.30255   -7.28895   -6.87559
   2522.57     40000   -6.28072   -7.28630   -7.15954   -7.14268   -6.89331
   2545.93     45000   -6.26352   -7.41732   -7.32538   -7.29294   -6.93830
   2569.29     50000   -6.31628   -7.70205   -7.84955   -7.75182   -7.02958
   2592.65     55000   -6.42047   -7.55423   -7.44910   -7.43665   -7.08828
   2616.00     60000   -6.47686   -7.50093   -7.37580   -7.35694   -7.10459
   2639.36     65000   -6.47909   -7.67917   -7.60924   -7.56989   -7.16129
   2662.72     70000   -6.54171   -7.91328   -8.01265   -7.94931   -7.25383
   2686.07     75000   -6.64527   -7.73107   -7.61406   -7.60126   -7.29878
   2709.44     80000   -6.67206   -7.72495   -7.60362   -7.58237   -7.31793
   2732.79     85000   -6.69365   -7.94943   -7.91446   -7.86461   -7.38614
   2756.15     90000   -6.77094   -8.09189   -8.10371   -8.07260   -7.47556
   2779.50     95000   -6.86890   -7.91768   -7.79422   -7.78039   -7.50807
   2802.86    100000   -6.87461   -7.95838   -7.84334   -7.81918   -7.53368
   2826.22      5000   -6.90960   -8.22377   -8.24431   -8.17778   -7.61220
   2849.57     10000   -7.00091   -8.25489   -8.20502   -8.18717   -7.69419
   2872.94     15000   -7.09268   -8.11408   -7.98773   -7.97246   -7.71718
   2896.30     20000   -7.08357   -8.20149   -8.09612   -8.06825   -7.75201
   2919.66     25000   -7.12764   -8.49200   -8.59018   -8.50033   -7.83861
   2942.98     30000   -7.22983   -8.41687   -8.33100   -8.31757   -7.90958
   2966.32     35000   -7.31518   -8.32001   -8.19329   -8.17630   -7.92706
   2989.64     40000   -7.29740   -8.45439   -8.36372   -8.33087   -7.97287
   3012.95     45000   -7.35082   -8.73712   -8.88492   -8.78827   -8.06437
   3036.31     50000   -7.45545   -8.58527   -8.47906   -8.46662   -8.12208
   3059.66     55000   -7.50907   -8.53534   -8.41042   -8.39140   -8.13847
   3082.98     60000   -7.51295   -8.71693   -8.64902   -8.60907   -8.19601
   3106.29     65000   -7.57676   -8.94567   -9.03868   -8.97837   -8.28847
   3129.63     70000   -7.67984   -8.76278   -8.64514   -8.63228   -8.33247
   3152.98     75000   -7.70497   -8.76001   -8.63903   -8.61759   -8.35197
   3176.30     80000   -7.72781   -8.98766   -8.95586   -8.90506   -8.42097
   3199.64     85000   -7.80600   -9.12256   -9.12897   -9.09928   -8.51000
   3223.00     90000   -7.90373   -8.95011   -8.82635   -8.81242   -8.54171
   3246.36     95000   -7.90789   -8.99414   -8.87967   -8.85527   -8.56790
   3269.71    100000   -7.94401   -9.26201   -9.28751   -9.21949   -8.64708
MyID= 0: Time=  0.1,has convergenced
     1685382 iterations for the convertgence of psi
 MyID=           0 has finish
