 START-UP FOR CHUNK...
     23.63      5000   -0.57299   -2.01619   -1.94765   -1.86992   -1.28501
     47.04     10000   -0.69785   -2.15944   -1.81110   -1.87876   -1.47561
     70.46     15000   -0.66543   -2.28494   -1.69957   -1.74636   -1.47808
     93.88     20000   -0.57218   -2.16297   -1.57018   -1.57234   -1.39042
    117.29     25000   -0.47674   -1.72748   -1.47482   -1.45780   -1.27945
    140.71     30000   -0.42436   -1.61134   -1.51596   -1.51213   -1.20009
    164.13     35000   -0.43714   -1.92579   -1.84573   -1.89806   -1.27740
    187.54     40000   -0.59165   -1.91525   -1.84468   -1.84508   -1.39392
    210.96     45000   -0.77491   -1.88418   -1.75540   -1.76992   -1.47626
    234.37     50000   -0.88899   -2.10412   -2.00576   -1.96632   -1.59708
    257.79     55000   -0.97692   -2.36242   -2.46197   -2.42692   -1.72443
    281.21     60000   -1.06341   -2.30724   -2.10607   -2.11322   -1.76591
    304.62     65000   -1.09397   -2.12019   -1.99107   -1.96344   -1.73641
    328.04     70000   -1.06180   -2.20177   -2.13428   -2.09174   -1.75124
    351.45     75000   -1.10017   -2.46074   -2.58668   -2.49414   -1.83276
    374.86     80000   -1.21280   -2.34410   -2.28028   -2.24394   -1.89369
    398.28     85000   -1.31716   -2.32311   -2.20406   -2.19383   -1.92846
    421.70     90000   -1.32889   -2.52747   -2.45860   -2.43082   -2.00522
    445.11     95000   -1.39691   -2.72835   -2.85160   -2.80587   -2.10570
    468.53    100000   -1.48862   -2.58442   -2.44367   -2.44556   -2.14223
 ITERATION...
    491.94      5000   -1.50593   -2.54701   -2.42127   -2.39944   -2.14433
    515.36     10000   -1.51129   -2.74444   -2.71082   -2.64893   -2.20028
    538.78     15000   -1.58033   -2.91819   -2.95586   -2.91451   -2.28957
    562.19     20000   -1.68651   -2.74337   -2.62915   -2.60591   -2.32906
    585.61     25000   -1.70836   -2.78474   -2.66839   -2.64398   -2.36122
    609.02     30000   -1.74630   -3.05012   -3.05907   -3.00336   -2.44360
    632.44     35000   -1.83411   -3.08318   -3.05392   -3.03341   -2.52763
    655.86     40000   -1.91897   -2.94237   -2.81327   -2.80377   -2.54720
    679.27     45000   -1.90693   -3.01602   -2.90520   -2.88090   -2.57384
    702.69     50000   -1.94593   -3.29428   -3.38228   -3.29138   -2.65604
    726.11     55000   -2.04658   -3.24808   -3.16997   -3.15884   -2.73036
    749.52     60000   -2.13767   -3.14607   -3.01897   -3.00026   -2.75109
    772.94     65000   -2.12492   -3.27543   -3.18031   -3.14596   -2.79738
    796.35     70000   -2.17781   -3.56785   -3.71356   -3.61355   -2.88955
    819.77     75000   -2.27994   -3.41599   -3.31485   -3.29997   -2.94895
    843.18     80000   -2.33755   -3.35505   -3.23043   -3.21250   -2.96267
    866.60     85000   -2.33495   -3.52719   -3.45237   -3.41674   -3.01575
    890.02     90000   -2.39477   -3.76358   -3.88270   -3.81283   -3.10771
    913.43     95000   -2.49974   -3.58799   -3.47334   -3.46223   -3.15476
    936.85    100000   -2.52993   -3.58005   -3.45737   -3.43698   -3.17427
    960.27      5000   -2.55092   -3.80169   -3.76321   -3.71335   -3.24208
    983.68     10000   -2.62707   -3.95612   -3.97070   -3.94011   -3.33216
   1007.10     15000   -2.72418   -3.77536   -3.65166   -3.63718   -3.36487
   1030.51     20000   -2.73039   -3.80962   -3.69471   -3.67021   -3.38852
   1053.93     25000   -2.76336   -4.07230   -4.08672   -4.02349   -3.46545
   1077.35     30000   -2.85386   -4.11167   -4.06793   -4.04817   -3.54812
   1100.76     35000   -2.94595   -3.96806   -3.84220   -3.82733   -3.57183
   1124.18     40000   -2.93808   -4.05279   -3.94646   -3.91979   -3.60601
   1147.60     45000   -2.98162   -4.34178   -4.43826   -4.35059   -3.69222
   1171.01     50000   -3.08308   -4.27440   -4.18785   -4.17564   -3.76386
   1194.43     55000   -3.16831   -4.17359   -4.04572   -4.02889   -3.78088
   1217.85     60000   -3.15026   -4.30385   -4.21290   -4.17987   -3.82540
   1241.26     65000   -3.20294   -4.58921   -4.73859   -4.64200   -3.91649
   1264.68     70000   -3.30727   -4.44013   -4.33341   -4.32051   -3.97478
   1288.10     75000   -3.36209   -4.38718   -4.26168   -4.24257   -3.99094
   1311.51     80000   -3.36520   -4.56643   -4.49808   -4.45899   -4.04788
   1334.93     85000   -3.42847   -4.79746   -4.89465   -4.83434   -4.14031
   1358.35     90000   -3.53128   -4.61562   -4.49645   -4.48401   -4.18445
   1381.76     95000   -3.55630   -4.61091   -4.48878   -4.46761   -4.20331
   1405.18    100000   -3.57869   -4.83632   -4.80504   -4.75442   -4.27172
   1428.60      5000   -3.65657   -4.97444   -4.98079   -4.95212   -4.36073
   1452.02     10000   -3.75413   -4.80162   -4.67605   -4.66212   -4.39237
   1475.43     15000   -3.75798   -4.84443   -4.72920   -4.70463   -4.41821
   1498.85     20000   -3.79418   -5.11137   -5.13871   -5.07091   -4.49719
   1522.26     25000   -3.88581   -5.13523   -5.08021   -5.06330   -4.57838
   1545.68     30000   -3.97701   -4.99709   -4.86894   -4.85359   -4.60045
   1569.10     35000   -3.96643   -5.08757   -4.98247   -4.95437   -4.63573
   1592.51     40000   -4.01146   -5.37776   -5.48620   -5.39448   -4.72267
   1615.93     45000   -4.11390   -5.29562   -5.20547   -5.19270   -4.79238
   1639.34     50000   -4.19839   -5.20284   -5.07449   -5.05741   -4.80926
   1662.76     55000   -4.17948   -5.34120   -5.25202   -5.21851   -4.85593
   1686.18     60000   -4.23371   -5.61998   -5.76966   -5.67597   -4.94759
   1709.59     65000   -4.33842   -5.46324   -5.35328   -5.34103   -5.00362
   1733.01     70000   -4.38740   -5.41801   -5.29191   -5.27261   -5.01978
   1756.42     75000   -4.39394   -5.60439   -5.53990   -5.49895   -5.07839
   1779.84     80000   -4.45976   -5.82318   -5.90571   -5.85136   -5.17054
   1803.25     85000   -4.56159   -5.64010   -5.51951   -5.50670   -5.21265
   1826.67     90000   -4.58321   -5.64301   -5.52135   -5.49962   -5.23249
   1850.09     95000   -4.60844   -5.87584   -5.85117   -5.79853   -5.30273
   1873.50    100000   -4.68834   -5.99585   -5.99069   -5.96461   -5.39081
   1896.92      5000   -4.78485   -5.82732   -5.70101   -5.68700   -5.42069
   1920.34     10000   -4.78564   -5.87773   -5.76333   -5.73842   -5.44777
   1943.75     15000   -4.82341   -6.14988   -6.18818   -6.11679   -5.52812
   1967.17     20000   -4.91704   -6.15592   -6.09411   -6.07828   -5.60773
   1990.59     25000   -5.00705   -6.02450   -5.89607   -5.88048   -5.62874
   2014.00     30000   -4.99543   -6.12252   -6.01925   -5.99037   -5.66574
   2037.42     35000   -5.04219   -6.41407   -6.53391   -6.43908   -5.75368
   2060.84     40000   -5.14500   -6.31711   -6.22307   -6.21044   -5.82136
   2084.25     45000   -5.22627   -6.23155   -6.10339   -6.08598   -5.83780
   2107.67     50000   -5.20870   -6.37743   -6.29116   -6.25676   -5.88628
   2131.09     55000   -5.26435   -6.65011   -6.79562   -6.70630   -5.97829
   2154.50     60000   -5.36866   -6.48598   -6.37403   -6.36177   -6.03214
   2177.92     65000   -5.41301   -6.44831   -6.32271   -6.30311   -6.04861
   2201.34     70000   -5.42317   -6.64213   -6.58253   -6.54011   -6.10909
   2224.76     75000   -5.49106   -6.84773   -6.91521   -6.86694   -6.20092
   2248.17     80000   -5.59241   -6.66451   -6.54271   -6.52974   -6.24097
   2271.59     85000   -5.61037   -6.67473   -6.55399   -6.53180   -6.26171
   2295.01     90000   -5.63771   -6.91436   -6.89758   -6.84260   -6.33363
   2318.42     95000   -5.72018   -7.01710   -7.00120   -6.97744   -6.42067
   2341.84    100000   -5.81477   -6.85325   -6.72646   -6.71223   -6.44893
   2365.26      5000   -5.81364   -6.91103   -6.79806   -6.77263   -6.47740
   2388.67     10000   -5.85254   -7.18789   -7.23829   -7.16333   -6.55912
   2412.09     15000   -5.94870   -7.17664   -7.10850   -7.09352   -6.63709
   2435.51     20000   -6.03744   -7.05199   -6.92342   -6.90758   -6.65709
   2458.93     25000   -6.02468   -7.15736   -7.05624   -7.02661   -6.69578
   2482.34     30000   -6.07261   -7.44895   -7.57948   -7.48217   -6.78460
   2505.76     35000   -6.17592   -7.33878   -7.24126   -7.22879   -6.85022
   2529.17     40000   -6.25050   -7.26055   -7.13265   -7.11492   -6.86637
   2552.58     45000   -6.23825   -7.41386   -7.33095   -7.29553   -6.91670
   2576.00     50000   -6.29534   -7.67923   -7.81755   -7.73393   -7.00898
   2599.41     55000   -6.39925   -7.50903   -7.39512   -7.38282   -7.06064
   2622.83     60000   -6.43896   -7.47879   -7.35376   -7.33379   -7.07751
   2646.24     65000   -6.45268   -7.67990   -7.62564   -7.58164   -7.13982
   2669.66     70000   -6.52230   -7.87139   -7.92438   -7.88139   -7.23120
   2693.07     75000   -6.62342   -7.68915   -7.56633   -7.55319   -7.26926
   2716.49     80000   -6.63774   -7.70674   -7.58698   -7.56433   -7.29099
   2739.90     85000   -6.66655   -7.95292   -7.94477   -7.88725   -7.36456
   2763.32     90000   -6.75132   -8.03810   -8.01217   -7.99048   -7.45046
   2786.73     95000   -6.84501   -7.87943   -7.75219   -7.73772   -7.47718
   2810.15    100000   -6.84194   -7.94455   -7.83309   -7.80709   -7.50710
   2833.56      5000   -6.88196   -8.22561   -8.28856   -8.20984   -7.59011
   2856.98     10000   -6.98025   -8.19744   -8.12361   -8.10927   -7.66635
   2880.41     15000   -7.06813   -8.07971   -7.95110   -7.93499   -7.68546
   2903.86     20000   -7.05425   -8.19247   -8.09366   -8.06327   -7.72588
   2927.31     25000   -7.10333   -8.48309   -8.62256   -8.52374   -7.81549
   2950.76     30000   -7.20623   -8.36061   -8.25989   -8.24755   -7.87902
   2974.21     35000   -7.27510   -8.28977   -8.16216   -8.14411   -7.89499
   2997.66     40000   -7.26810   -8.45049   -8.37117   -8.33465   -7.94717
   3021.07     45000   -7.32650   -8.70741   -8.83599   -8.75872   -8.03961
   3044.52     50000   -7.43013   -8.53233   -8.41667   -8.40428   -8.08909
   3067.97     55000   -7.46525   -8.50950   -8.38512   -8.36478   -8.10646
   3091.42     60000   -7.48193   -8.71787   -8.66936   -8.62368   -8.17058
   3114.87     65000   -7.55385   -8.89444   -8.93328   -8.89502   -8.26142
   3138.31     70000   -7.65349   -8.71402   -8.59027   -8.57695   -8.29754
   3161.76     75000   -7.66502   -8.73896   -8.62025   -8.59714   -8.32034
   3185.21     80000   -7.69570   -8.99147   -8.99256   -8.93230   -8.39550
   3208.66     85000   -7.78275   -9.05896   -9.02380   -9.00385   -8.48017
   3232.11     90000   -7.87554   -8.90586   -8.77824   -8.76354   -8.50545
   3255.55     95000   -7.87055   -8.97832   -8.86848   -8.84189   -8.53686
   3278.96    100000   -7.91169   -9.26299   -9.33886   -9.25630   -8.62110
MyID= 0: Time=  0.1,has convergenced
     1685029 iterations for the convertgence of psi
 MyID=           0 has finish
