 START-UP FOR CHUNK...
     23.42      5000   -0.56945   -2.01586   -1.93463   -1.86102   -1.28276
     46.74     10000   -0.69229   -2.16808   -1.79860   -1.86992   -1.47181
     70.05     15000   -0.65844   -2.27401   -1.69174   -1.73567   -1.47251
     93.36     20000   -0.56445   -2.15437   -1.56491   -1.56327   -1.38475
    116.67     25000   -0.47186   -1.72018   -1.47069   -1.45415   -1.27530
    139.99     30000   -0.42154   -1.60987   -1.51636   -1.51464   -1.19811
    163.30     35000   -0.43627   -1.91854   -1.84507   -1.89990   -1.27903
    186.62     40000   -0.59284   -1.91255   -1.84184   -1.84493   -1.39529
    209.95     45000   -0.77629   -1.89079   -1.75768   -1.77326   -1.47778
    233.27     50000   -0.88918   -2.11156   -2.01416   -1.96746   -1.59835
    256.59     55000   -0.97670   -2.36895   -2.46360   -2.42496   -1.72565
    279.91     60000   -1.06396   -2.31090   -2.11105   -2.11223   -1.76767
    303.23     65000   -1.09647   -2.12263   -1.99657   -1.96572   -1.73961
    326.55     70000   -1.06541   -2.20570   -2.13630   -2.09705   -1.75529
    349.87     75000   -1.10374   -2.45676   -2.59007   -2.49214   -1.83706
    373.19     80000   -1.21631   -2.34438   -2.28799   -2.25446   -1.89869
    396.51     85000   -1.32438   -2.33009   -2.20831   -2.20179   -1.93341
    419.83     90000   -1.33290   -2.53413   -2.46106   -2.42995   -2.00934
    443.16     95000   -1.40108   -2.74334   -2.86341   -2.81607   -2.11036
    466.49    100000   -1.49454   -2.59612   -2.45524   -2.45598   -2.14912
 ITERATION...
    489.81      5000   -1.51594   -2.55290   -2.42922   -2.40414   -2.15175
    513.13     10000   -1.51913   -2.75122   -2.70749   -2.64689   -2.20687
    536.46     15000   -1.58634   -2.93291   -2.98489   -2.92876   -2.29663
    559.78     20000   -1.69404   -2.74916   -2.64374   -2.61990   -2.33792
    583.10     25000   -1.71872   -2.78796   -2.67213   -2.65151   -2.36919
    606.42     30000   -1.75461   -3.05186   -3.04648   -2.99487   -2.45012
    629.74     35000   -1.84077   -3.10140   -3.07963   -3.06106   -2.53622
    653.05     40000   -1.92791   -2.95459   -2.82673   -2.81892   -2.55828
    676.36     45000   -1.91846   -3.01944   -2.90943   -2.88378   -2.58361
    699.67     50000   -1.95633   -3.30329   -3.36464   -3.27611   -2.66452
    722.99     55000   -2.05525   -3.27525   -3.20256   -3.18703   -2.74149
    746.31     60000   -2.14723   -3.15604   -3.03460   -3.01438   -2.76366
    769.63     65000   -2.13731   -3.27476   -3.17903   -3.14738   -2.80757
    792.96     70000   -2.18770   -3.57562   -3.70445   -3.60716   -2.89891
    816.29     75000   -2.29096   -3.43898   -3.34447   -3.32989   -2.96250
    839.62     80000   -2.35879   -3.36610   -3.24278   -3.22694   -2.97701
    862.94     85000   -2.34788   -3.52476   -3.44578   -3.41168   -3.02710
    886.27     90000   -2.40565   -3.78675   -3.91815   -3.83651   -3.11921
    909.59     95000   -2.51100   -3.61632   -3.50360   -3.49243   -3.17084
    932.91    100000   -2.55049   -3.59057   -3.46954   -3.44844   -3.18960
    956.23      5000   -2.56697   -3.79738   -3.74789   -3.70119   -3.25403
    979.55     10000   -2.63773   -3.99038   -4.02938   -3.98724   -3.34585
   1002.87     15000   -2.73882   -3.80061   -3.68023   -3.66553   -3.38337
   1026.19     20000   -2.75173   -3.81812   -3.70210   -3.67941   -3.40498
   1049.53     25000   -2.78048   -4.06576   -4.05817   -4.00163   -3.47848
   1072.86     30000   -2.86562   -4.15079   -4.12735   -4.10403   -3.56462
   1096.20     35000   -2.96062   -3.99388   -3.86879   -3.85507   -3.59229
   1119.53     40000   -2.95838   -4.05960   -3.95001   -3.92419   -3.62300
   1142.85     45000   -2.99892   -4.34160   -4.40232   -4.32250   -3.70643
   1166.19     50000   -3.09726   -4.31835   -4.24352   -4.22938   -3.78345
   1189.52     55000   -3.18535   -4.19702   -4.06991   -4.05331   -3.80307
   1212.85     60000   -3.17160   -4.30691   -4.20886   -4.17808   -3.84302
   1236.16     65000   -3.22029   -4.60023   -4.73159   -4.63182   -3.93245
   1259.49     70000   -3.32440   -4.48212   -4.38530   -4.37192   -3.99747
   1282.81     75000   -3.39719   -4.40824   -4.28225   -4.26461   -4.01425
   1306.15     80000   -3.38727   -4.56566   -4.48449   -4.44887   -4.06582
   1329.47     85000   -3.44519   -4.82888   -4.96110   -4.87806   -4.15853
   1352.80     90000   -3.54974   -4.65701   -4.54355   -4.53159   -4.21010
   1376.12     95000   -3.58885   -4.62877   -4.50496   -4.48487   -4.22745
   1399.44    100000   -3.60308   -4.83178   -4.77756   -4.73249   -4.29022
   1422.75      5000   -3.67304   -5.02359   -5.07481   -5.02953   -4.38188
   1446.06     10000   -3.77500   -4.84003   -4.71939   -4.70588   -4.42052
   1469.39     15000   -3.79013   -4.85805   -4.73953   -4.71693   -4.44272
   1492.72     20000   -3.81911   -5.10512   -5.09365   -5.03632   -4.51641
   1516.06     25000   -3.90367   -5.19242   -5.16946   -5.14619   -4.60294
   1539.41     30000   -3.99832   -5.03255   -4.90727   -4.89309   -4.63060
   1562.75     35000   -3.99605   -5.09628   -4.98503   -4.95932   -4.66040
   1586.06     40000   -4.03596   -5.37757   -5.43158   -5.35327   -4.74314
   1609.38     45000   -4.13353   -5.35590   -5.28639   -5.27111   -4.82063
   1632.70     50000   -4.22240   -5.23469   -5.10816   -5.09215   -4.84077
   1656.03     55000   -4.20940   -5.34411   -5.24452   -5.21450   -4.88055
   1679.36     60000   -4.25791   -5.63774   -5.76585   -5.66693   -4.96994
   1702.69     65000   -4.36210   -5.52159   -5.42539   -5.41254   -5.03551
   1726.01     70000   -4.43621   -5.44545   -5.31951   -5.30184   -5.05213
   1749.33     75000   -4.42461   -5.60095   -5.51837   -5.48281   -5.10300
   1772.65     80000   -4.48203   -5.86738   -6.00195   -5.91599   -5.19558
   1795.98     85000   -4.58676   -5.69556   -5.58407   -5.57165   -5.24780
   1819.32     90000   -4.62742   -5.66557   -5.54229   -5.52242   -5.26513
   1842.63     95000   -4.64072   -5.86704   -5.81127   -5.76729   -5.32749
   1865.95    100000   -4.71025   -6.06228   -6.11741   -6.07131   -5.41934
   1889.27      5000   -4.81220   -5.87845   -5.75825   -5.74506   -5.45851
   1912.59     10000   -4.82818   -5.89432   -5.77574   -5.75330   -5.48032
   1935.90     15000   -4.85678   -6.13943   -6.12557   -6.06880   -5.55348
   1959.21     20000   -4.94065   -6.23261   -6.21285   -6.18875   -5.64034
   1982.52     25000   -5.03561   -6.07086   -5.94625   -5.93193   -5.66846
   2005.84     30000   -5.03399   -6.13242   -6.02125   -5.99567   -5.69788
   2029.17     35000   -5.07362   -6.41251   -6.46323   -6.38655   -5.78029
   2052.50     40000   -5.17048   -6.39559   -6.32786   -6.31240   -5.85830
   2075.83     45000   -5.25969   -6.27245   -6.14605   -6.13020   -5.87868
   2099.16     50000   -5.24693   -6.37964   -6.27954   -6.24981   -5.91791
   2122.48     55000   -5.29512   -6.67321   -6.79904   -6.70046   -6.00705
   2145.80     60000   -5.39928   -6.56143   -6.46639   -6.45349   -6.07323
   2169.11     65000   -5.47526   -6.48312   -6.35729   -6.33965   -6.08992
   2192.43     70000   -5.46214   -6.63638   -6.55312   -6.51783   -6.14027
   2215.74     75000   -5.51917   -6.90507   -7.04171   -6.95451   -6.23281
   2239.05     80000   -5.62403   -6.73482   -6.62389   -6.61144   -6.28567
   2262.38     85000   -5.66599   -6.70265   -6.57923   -6.55948   -6.30286
   2285.71     90000   -5.67825   -6.90191   -6.84463   -6.80114   -6.36467
   2309.04     95000   -5.74728   -7.10131   -7.16121   -7.11327   -6.45664
   2332.36    100000   -5.84928   -6.91742   -6.79764   -6.78452   -6.49640
   2355.67      5000   -5.86635   -6.93118   -6.81240   -6.79010   -6.51792
   2378.98     10000   -5.89456   -7.17433   -7.15821   -7.10219   -6.59061
   2402.31     15000   -5.97769   -7.27262   -7.25557   -7.23096   -6.67781
   2425.63     20000   -6.07301   -7.10932   -6.98483   -6.97056   -6.70639
   2448.94     25000   -6.07193   -7.16872   -7.05712   -7.03169   -6.73538
   2472.25     30000   -6.11124   -7.44752   -7.49465   -7.41901   -6.81739
   2495.58     35000   -6.20736   -7.43567   -7.36988   -7.35409   -6.89590
   2518.91     40000   -6.29694   -7.31054   -7.18427   -7.16849   -6.91655
   2542.23     45000   -6.28453   -7.41560   -7.31493   -7.28545   -6.95529
   2565.56     50000   -6.33239   -7.70927   -7.83219   -7.73440   -7.04418
   2588.89     55000   -6.43630   -7.60122   -7.50709   -7.49418   -7.11097
   2612.22     60000   -6.51434   -7.52074   -7.39483   -7.37728   -7.12774
   2635.54     65000   -6.49967   -7.67182   -7.58759   -7.55259   -7.17755
   2658.87     70000   -6.55629   -7.94279   -8.08160   -7.99257   -7.27001
   2682.19     75000   -6.66128   -7.77427   -7.66397   -7.65151   -7.32350
   2705.49     80000   -6.70460   -7.73991   -7.61639   -7.59674   -7.34058
   2728.79     85000   -6.71583   -7.93704   -7.87830   -7.83530   -7.40186
   2752.09     90000   -6.78437   -8.14056   -8.20446   -8.15503   -7.49396
   2775.42     95000   -6.88641   -7.95638   -7.83688   -7.82381   -7.53430
   2798.75    100000   -6.90453   -7.96797   -7.84891   -7.82675   -7.55554
   2822.08      5000   -6.93236   -8.20916   -8.19064   -8.13532   -7.62774
   2845.41     10000   -7.01449   -8.31270   -8.29869   -8.27334   -7.71525
   2868.75     15000   -7.11040   -8.14790   -8.02358   -8.00936   -7.74429
   2892.08     20000   -7.10990   -8.20513   -8.09316   -8.06789   -7.77288
   2915.41     25000   -7.14889   -8.48260   -8.52626   -8.45175   -7.85450
   2938.74     30000   -7.24428   -8.47579   -8.41168   -8.39569   -7.93350
   2962.07     35000   -7.33424   -8.34865   -8.22238   -8.20669   -7.95444
   2985.40     40000   -7.32215   -8.45153   -8.35024   -8.32097   -7.99268
   3008.73     45000   -7.36969   -8.74522   -8.86510   -8.76798   -8.08131
   3032.07     50000   -7.47332   -8.64111   -8.54800   -8.53502   -8.14870
   3055.41     55000   -7.55345   -8.55846   -8.43250   -8.41504   -8.16556
   3078.75     60000   -7.53724   -8.70735   -8.62221   -8.58751   -8.21483
   3102.08     65000   -7.59345   -8.98042   -9.12097   -9.03048   -8.30721
   3125.42     70000   -7.69856   -8.81372   -8.70396   -8.69151   -8.36134
   3148.76     75000   -7.74323   -8.77718   -8.65349   -8.63394   -8.37832
   3172.10     80000   -7.75343   -8.97215   -8.91192   -8.86937   -8.43906
   3195.44     85000   -7.82147   -9.17976   -9.24789   -9.19674   -8.53126
   3218.78     90000   -7.92356   -8.99541   -8.87624   -8.86321   -8.57219
   3242.12     95000   -7.94274   -9.00484   -8.88553   -8.86349   -8.59317
   3265.44    100000   -7.96997   -9.24406   -9.22322   -9.16863   -8.66487
MyID= 0: Time=  0.1,has convergenced
     1685412 iterations for the convertgence of psi
 MyID=           0 has finish
