 START-UP FOR CHUNK...
     23.61      5000   -0.63129   -2.04052   -2.19802   -2.21770   -1.29084
     47.03     10000   -0.83709   -2.12463   -2.14449   -2.21839   -1.52996
     70.45     15000   -0.88338   -2.21796   -2.03668   -2.07413   -1.62450
     93.86     20000   -0.83699   -2.51616   -1.87800   -1.87592   -1.60990
    117.28     25000   -0.72414   -2.12700   -1.68177   -1.67991   -1.49320
    140.70     30000   -0.59559   -1.82622   -1.51050   -1.51347   -1.33654
    164.13     35000   -0.49743   -1.62315   -1.45908   -1.45627   -1.20632
    187.56     40000   -0.46177   -1.73203   -1.70289   -1.67829   -1.19307
    210.98     45000   -0.54335   -1.93612   -1.88059   -1.93191   -1.28987
    234.39     50000   -0.67974   -1.80654   -1.67955   -1.65967   -1.36887
    257.80     55000   -0.81867   -1.95803   -1.83857   -1.80235   -1.49333
    281.20     60000   -0.90060   -2.25469   -2.33615   -2.33218   -1.61642
    304.61     65000   -0.96355   -2.18715   -2.03907   -2.02559   -1.64558
    328.02     70000   -0.97193   -2.00566   -1.85953   -1.83847   -1.60181
    351.46     75000   -0.91754   -2.04356   -1.98258   -1.95560   -1.60345
    374.87     80000   -0.94400   -2.26751   -2.40562   -2.41269   -1.66958
    398.28     85000   -1.04085   -2.18732   -2.06649   -2.04458   -1.71699
    421.70     90000   -1.11835   -2.18251   -2.05806   -2.03938   -1.76885
    445.12     95000   -1.15966   -2.40059   -2.40681   -2.38095   -1.86533
    468.54    100000   -1.23540   -2.53650   -2.47806   -2.47784   -1.93483
 ITERATION...
    491.95      5000   -1.28916   -2.36357   -2.20976   -2.18970   -1.92968
    515.37     10000   -1.26916   -2.37474   -2.28433   -2.25693   -1.94446
    538.78     15000   -1.29347   -2.61211   -2.72403   -2.72771   -2.01715
    562.22     20000   -1.38076   -2.58468   -2.46834   -2.44567   -2.06935
    585.66     25000   -1.46007   -2.50962   -2.37502   -2.35256   -2.09777
    609.08     30000   -1.47301   -2.66844   -2.62036   -2.59933   -2.17218
    632.46     35000   -1.54121   -2.87106   -2.91916   -2.91441   -2.25262
    655.85     40000   -1.61181   -2.71835   -2.56876   -2.55128   -2.26675
    679.24     45000   -1.61690   -2.70700   -2.59475   -2.57153   -2.28422
    702.62     50000   -1.63787   -2.92185   -2.98623   -2.97124   -2.35722
    726.01     55000   -1.71902   -2.97159   -2.87540   -2.85991   -2.41696
    749.40     60000   -1.81338   -2.85069   -2.71036   -2.68724   -2.43534
    772.79     65000   -1.80349   -2.95915   -2.88282   -2.85897   -2.49274
    796.17     70000   -1.85939   -3.20707   -3.32833   -3.32299   -2.57729
    819.56     75000   -1.93587   -3.08048   -2.94064   -2.92146   -2.60564
    842.95     80000   -1.96489   -3.03591   -2.91137   -2.88905   -2.62095
    866.33     85000   -1.97740   -3.22062   -3.22843   -3.20974   -2.68991
    889.72     90000   -2.05355   -3.34937   -3.30088   -3.28993   -2.75888
    913.11     95000   -2.13959   -3.20063   -3.05692   -3.03548   -2.77564
    936.50    100000   -2.13959   -3.26033   -3.16517   -3.14161   -2.81892
    959.89      5000   -2.18237   -3.51464   -3.64375   -3.63397   -2.90343
    983.28     10000   -2.26271   -3.45356   -3.32556   -3.30753   -2.94526
   1006.67     15000   -2.31552   -3.36947   -3.23653   -3.21383   -2.95762
   1030.06     20000   -2.31662   -3.51646   -3.48121   -3.45956   -3.01923
   1053.45     25000   -2.38324   -3.71660   -3.74030   -3.73544   -3.09618
   1076.84     30000   -2.46548   -3.56005   -3.41564   -3.39466   -3.11722
   1100.24     35000   -2.47904   -3.57369   -3.46299   -3.43986   -3.14874
   1123.63     40000   -2.50975   -3.80613   -3.88268   -3.86624   -3.22958
   1147.02     45000   -2.59000   -3.83103   -3.72710   -3.71141   -3.28443
   1170.42     50000   -2.67187   -3.71078   -3.57082   -3.54874   -3.29559
   1193.81     55000   -2.65604   -3.81581   -3.74912   -3.72612   -3.34774
   1217.20     60000   -2.71154   -4.05901   -4.16448   -4.16658   -3.42971
   1240.59     65000   -2.79251   -3.92766   -3.78624   -3.76629   -3.45924
   1263.98     70000   -2.82288   -3.89680   -3.77377   -3.75063   -3.48138
   1287.37     75000   -2.84188   -4.09479   -4.11172   -4.09117   -3.55562
   1310.81     80000   -2.91927   -4.20762   -4.14751   -4.13502   -3.62212
   1334.24     85000   -3.00129   -4.05973   -3.91556   -3.89404   -3.63514
   1357.65     90000   -2.99595   -4.12220   -4.03184   -4.00867   -3.67695
   1381.06     95000   -3.03875   -4.37458   -4.50743   -4.50484   -3.76021
   1404.47    100000   -3.12055   -4.30143   -4.17025   -4.15193   -3.80092
   1427.89      5000   -3.17098   -4.22811   -4.09565   -4.07291   -3.81649
   1451.30     10000   -3.17774   -4.38561   -4.35639   -4.33390   -3.88188
   1474.71     15000   -3.24657   -4.57420   -4.58406   -4.57707   -3.95757
   1498.12     20000   -3.32651   -4.41651   -4.27134   -4.25045   -3.97597
   1521.53     25000   -3.33658   -4.43600   -4.32825   -4.30506   -4.00767
   1544.95     30000   -3.36803   -4.67215   -4.75990   -4.74674   -4.08851
   1568.36     35000   -3.44868   -4.67972   -4.57000   -4.55374   -4.14147
   1591.78     40000   -3.52643   -4.56736   -4.42815   -4.40590   -4.15381
   1615.18     45000   -3.51552   -4.68214   -4.61950   -4.59637   -4.20892
   1638.59     50000   -3.57298   -4.91969   -5.01431   -5.01356   -4.29042
   1662.01     55000   -3.65356   -4.78122   -4.63899   -4.61905   -4.31753
   1685.44     60000   -3.68030   -4.75760   -4.63686   -4.61383   -4.34036
   1708.85     65000   -3.70067   -4.96187   -4.98920   -4.96991   -4.41550
   1732.29     70000   -3.77855   -5.05819   -4.98761   -4.97458   -4.48014
   1755.74     75000   -3.86178   -4.91475   -4.77121   -4.74947   -4.49303
   1779.18     80000   -3.85503   -4.98612   -4.89920   -4.87588   -4.53730
   1802.59     85000   -3.89977   -5.23947   -5.37473   -5.37220   -4.62077
   1826.01     90000   -3.98092   -5.15331   -5.02001   -5.00135   -4.65905
   1849.45     95000   -4.02706   -5.08729   -4.95666   -4.93394   -4.67522
   1872.89    100000   -4.03553   -5.25213   -5.23073   -5.20885   -4.74210
   1896.33      5000   -4.10627   -5.42807   -5.42237   -5.41455   -4.81635
   1919.77     10000   -4.18680   -5.27030   -5.12510   -5.10405   -4.83370
   1943.18     15000   -4.19463   -5.29815   -5.19318   -5.16988   -4.86745
   1966.60     20000   -4.22801   -5.53909   -5.63796   -5.62572   -4.94910
   1990.02     25000   -4.30924   -5.53091   -5.41639   -5.39961   -4.99971
   2013.44     30000   -4.38113   -5.42510   -5.28713   -5.26480   -5.01221
   2036.88     35000   -4.37358   -5.54760   -5.49060   -5.46769   -5.06915
   2060.32     40000   -4.43349   -5.77846   -5.85782   -5.85664   -5.14984
   2083.76     45000   -4.51346   -5.63385   -5.49065   -5.47049   -5.17522
   2107.20     50000   -4.53726   -5.61832   -5.49966   -5.47656   -5.19966
   2130.62     55000   -4.56067   -5.82931   -5.86717   -5.84839   -5.27613
   2154.05     60000   -4.63856   -5.90973   -5.83038   -5.81656   -5.33869
   2177.46     65000   -4.72275   -5.77100   -5.62812   -5.60629   -5.35112
   2200.87     70000   -4.71344   -5.85026   -5.76740   -5.74414   -5.39732
   2224.29     75000   -4.76051   -6.10302   -6.23690   -6.23613   -5.48071
   2247.69     80000   -4.84059   -6.00483   -5.86918   -5.85025   -5.51684
   2271.11     85000   -4.88352   -5.94658   -5.81751   -5.79470   -5.53408
   2294.56     90000   -4.89403   -6.11905   -6.10550   -6.08384   -5.60268
   2318.00     95000   -4.96670   -6.28186   -6.26231   -6.25326   -5.67535
   2341.43    100000   -5.04757   -6.12501   -5.97989   -5.95870   -5.69157
   2364.84      5000   -5.05274   -6.16082   -6.05884   -6.03555   -5.72715
   2388.26     10000   -5.08777   -6.40564   -6.51486   -6.50457   -5.80941
   2411.68     15000   -5.17001   -6.38170   -6.26262   -6.24545   -5.85774
   2435.11     20000   -5.23605   -6.28291   -6.14608   -6.12366   -5.87068
   2458.55     25000   -5.23152   -6.41337   -6.36204   -6.33921   -5.92956
   2481.98     30000   -5.29418   -6.63653   -6.70039   -6.69796   -6.00933
   2505.39     35000   -5.37383   -6.48705   -6.34315   -6.32281   -6.03297
   2528.79     40000   -5.39407   -6.47947   -6.36308   -6.33995   -6.05899
   2552.21     45000   -5.41971   -6.69684   -6.74567   -6.72783   -6.13663
   2575.64     50000   -5.49888   -6.76079   -6.67326   -6.65881   -6.19709
   2599.06     55000   -5.58412   -6.62733   -6.48514   -6.46321   -6.20926
   2622.49     60000   -5.57127   -6.71462   -6.63592   -6.61267   -6.25747
   2645.92     65000   -5.62067   -6.96585   -7.09550   -7.09553   -6.34065
   2669.35     70000   -5.70069   -6.85670   -6.71913   -6.69994   -6.37463
   2692.78     75000   -5.73989   -6.80623   -6.67888   -6.65602   -6.39301
   2716.19     80000   -5.75289   -6.98617   -6.98104   -6.95977   -6.46321
   2739.62     85000   -5.82750   -7.13496   -7.10219   -7.09211   -6.53422
   2763.06     90000   -5.90874   -6.97985   -6.83490   -6.81359   -6.54946
   2786.49     95000   -5.91035   -7.02369   -6.92483   -6.90152   -6.58696
   2809.91    100000   -5.94795   -7.27179   -7.39025   -7.38179   -6.66969
   2833.33      5000   -6.03012   -7.23266   -7.10963   -7.09208   -6.71573
   2856.75     10000   -6.09141   -7.14106   -7.00548   -6.98299   -6.72921
   2880.16     15000   -6.08984   -7.27940   -7.23416   -7.21148   -6.78998
   2903.56     20000   -6.15428   -7.49366   -7.54137   -7.53774   -6.86871
   2926.97     25000   -6.23459   -7.34044   -7.19599   -7.17547   -6.89074
   2950.38     30000   -6.25127   -7.34085   -7.22683   -7.20366   -6.91840
   2973.79     35000   -6.27866   -7.56427   -7.62438   -7.60754   -6.99713
   2997.20     40000   -6.35900   -7.61175   -7.51693   -7.50187   -7.05543
   3020.61     45000   -6.44437   -7.48397   -7.34260   -7.32057   -7.06745
   3044.02     50000   -6.42893   -7.57926   -7.50500   -7.48180   -7.11766
   3067.41     55000   -6.48121   -7.82785   -7.95016   -7.95064   -7.20050
   3090.80     60000   -6.56118   -7.70875   -7.56951   -7.55007   -7.23241
   3114.21     65000   -6.59645   -7.66612   -7.54057   -7.51765   -7.25201
   3137.62     70000   -6.61214   -7.85341   -7.85717   -7.83632   -7.32376
   3161.03     75000   -6.68802   -7.98754   -7.94260   -7.93155   -7.39301
   3184.43     80000   -6.77031   -7.83500   -7.69035   -7.66891   -7.40738
   3207.81     85000   -6.76816   -7.88686   -7.79129   -7.76798   -7.44682
   3231.19     90000   -6.80852   -8.13750   -8.26359   -8.25709   -7.52992
   3254.57     95000   -6.88994   -8.08372   -7.95717   -7.93926   -7.57367
   3277.95    100000   -6.94681   -7.99947   -7.86522   -7.84264   -7.58782
   3301.35      5000   -6.94855   -8.14564   -8.10686   -8.08435   -7.65044
   3324.75     10000   -7.01477   -8.34993   -8.38153   -8.37662   -7.72800
   3348.14     15000   -7.09575   -8.19410   -8.04927   -8.02859   -7.74851
   3371.55     20000   -7.10888   -8.20252   -8.09100   -8.06779   -7.77788
   3394.96     25000   -7.13800   -8.43162   -8.50320   -8.48755   -7.85759
   3418.35     30000   -7.21845   -8.46260   -8.36119   -8.34559   -7.91369
   3441.73     35000   -7.30346   -8.34089   -8.20040   -8.17827   -7.92570
   3465.11     40000   -7.28699   -8.44417   -8.37459   -8.35145   -7.97790
   3488.51     45000   -7.34211   -8.68898   -8.80123   -8.80166   -8.06027
   3511.92     50000   -7.42207   -8.56104   -8.42038   -8.40072   -8.09017
   3535.31     55000   -7.45342   -8.52629   -8.40264   -8.37967   -8.11108
   3558.70     60000   -7.47109   -8.72077   -8.73392   -8.71358   -8.18431
   3582.11     65000   -7.54807   -8.83967   -8.78351   -8.77156   -8.25170
   3605.51     70000   -7.63060   -8.69041   -8.54616   -8.52460   -8.26535
   3628.91     75000   -7.62637   -8.75030   -8.65820   -8.63490   -8.30675
   3652.30     80000   -7.66863   -9.00267   -9.13432   -9.12972   -8.39009
   3675.69     85000   -7.75015   -8.93492   -8.80528   -8.78704   -8.43157
   3699.08     90000   -7.80227   -8.85815   -8.72532   -8.70267   -8.44649
   3722.47     95000   -7.80765   -9.01211   -8.98019   -8.95788   -8.51092
   3745.86    100000   -7.87565   -9.20538   -9.22119   -9.21500   -8.58719
   3769.25      5000   -7.95589   -9.04804   -8.90296   -8.88212   -8.60630
   3792.64     10000   -7.96688   -9.06447   -8.95556   -8.93232   -8.63744
   3816.03     15000   -7.99773   -9.29880   -9.38187   -9.36756   -8.71803
MyID= 0: Time=  0.1,has convergenced
     1686396 iterations for the convertgence of psi
 MyID=           0 has finish
