 START-UP FOR CHUNK...
     23.42      5000   -0.59773   -2.03018   -2.04704   -1.99589   -1.28706
     46.76     10000   -0.75650   -2.14498   -1.93076   -1.99973   -1.50238
     70.10     15000   -0.75228   -2.25662   -1.82108   -1.85895   -1.54182
     93.44     20000   -0.67030   -2.33164   -1.67153   -1.67173   -1.46996
    116.78     25000   -0.55373   -1.86522   -1.52167   -1.51252   -1.34454
    140.12     30000   -0.47404   -1.61033   -1.45628   -1.45909   -1.22726
    163.47     35000   -0.43086   -1.74506   -1.67574   -1.64054   -1.20708
    186.81     40000   -0.50829   -1.91093   -1.89343   -2.08816   -1.31793
    210.15     45000   -0.66777   -1.85114   -1.73549   -1.72307   -1.39696
    233.49     50000   -0.83465   -1.94639   -1.82775   -1.80009   -1.50602
    256.83     55000   -0.92230   -2.22045   -2.25739   -2.20861   -1.63648
    280.17     60000   -1.00027   -2.29608   -2.20864   -2.21838   -1.71115
    303.51     65000   -1.03615   -2.09922   -1.94655   -1.93381   -1.68635
    326.85     70000   -1.00725   -2.07814   -1.98382   -1.95512   -1.67195
    350.19     75000   -1.01324   -2.29381   -2.37965   -2.31420   -1.73020
    373.53     80000   -1.09986   -2.32680   -2.28593   -2.25778   -1.79865
    396.87     85000   -1.20994   -2.23950   -2.11469   -2.09552   -1.83293
    420.21     90000   -1.23314   -2.38105   -2.29227   -2.26355   -1.90375
    443.55     95000   -1.29274   -2.63675   -2.82599   -2.77069   -2.00259
    466.89    100000   -1.37326   -2.51998   -2.39310   -2.38412   -2.04197
 ITERATION...
    490.23      5000   -1.40544   -2.44124   -2.31229   -2.29073   -2.03832
    513.57     10000   -1.39390   -2.59101   -2.54960   -2.50962   -2.08516
    536.91     15000   -1.45554   -2.78619   -2.87439   -2.84888   -2.16823
    560.25     20000   -1.55305   -2.63724   -2.51581   -2.49605   -2.20530
    583.59     25000   -1.58295   -2.66760   -2.54843   -2.52447   -2.24076
    606.93     30000   -1.61868   -2.91296   -2.94840   -2.90134   -2.32534
    630.27     35000   -1.70413   -2.95342   -2.90148   -2.88966   -2.39772
    653.61     40000   -1.77910   -2.81573   -2.68206   -2.66468   -2.40807
    676.95     45000   -1.76597   -2.89357   -2.79882   -2.77017   -2.44055
    700.29     50000   -1.80623   -3.15574   -3.30417   -3.24904   -2.52401
    723.63     55000   -1.90022   -3.06691   -2.96674   -2.95122   -2.57950
    746.97     60000   -1.96823   -3.00289   -2.87507   -2.85321   -2.59851
    770.31     65000   -1.97164   -3.16923   -3.10976   -3.07601   -2.66070
    793.65     70000   -2.03656   -3.38281   -3.47648   -3.44807   -2.74814
    816.98     75000   -2.12262   -3.21596   -3.09057   -3.07436   -2.77890
    840.32     80000   -2.14079   -3.21459   -3.09731   -3.07344   -2.79788
    863.66     85000   -2.16336   -3.43832   -3.45504   -3.41280   -2.87051
    887.00     90000   -2.24716   -3.51724   -3.48239   -3.46845   -2.94637
    910.34     95000   -2.33396   -3.37630   -3.24543   -3.22656   -2.96642
    933.68    100000   -2.33352   -3.45401   -3.35460   -3.32694   -3.00552
    957.02      5000   -2.37588   -3.72148   -3.85770   -3.80165   -3.09210
    980.36     10000   -2.46744   -3.64775   -3.54755   -3.53350   -3.14823
   1003.70     15000   -2.53515   -3.56485   -3.43580   -3.41461   -3.16113
   1027.04     20000   -2.52881   -3.71081   -3.64741   -3.61473   -3.21534
   1050.38     25000   -2.58854   -3.93954   -4.05586   -4.02640   -3.30230
   1073.72     30000   -2.67842   -3.78279   -3.65885   -3.64256   -3.33855
   1097.06     35000   -2.70608   -3.77492   -3.65409   -3.63037   -3.35989
   1120.40     40000   -2.72918   -3.99195   -3.99496   -3.95317   -3.43303
   1143.74     45000   -2.80992   -4.09385   -4.07234   -4.05824   -3.51089
   1167.07     50000   -2.89428   -3.94456   -3.81248   -3.79416   -3.53035
   1190.41     55000   -2.89443   -4.00780   -3.90477   -3.87759   -3.56444
   1213.75     60000   -2.93349   -4.26971   -4.38883   -4.33533   -3.64875
   1237.09     65000   -3.02487   -4.21742   -4.12401   -4.11022   -3.70866
   1260.43     70000   -3.10236   -4.12722   -3.99629   -3.97553   -3.72308
   1283.80     75000   -3.09165   -4.26468   -4.19284   -4.16086   -3.77601
   1307.17     80000   -3.14865   -4.50409   -4.64187   -4.60493   -3.86376
   1330.54     85000   -3.23946   -4.35341   -4.23169   -4.21598   -3.90222
   1353.91     90000   -3.27022   -4.33391   -4.21114   -4.18788   -3.92096
   1377.28     95000   -3.28918   -4.54074   -4.53026   -4.49039   -3.99105
   1400.65    100000   -3.36728   -4.66360   -4.65928   -4.64457   -4.07099
   1424.02      5000   -3.45399   -4.50948   -4.37815   -4.36013   -4.09281
   1447.39     10000   -3.45755   -4.56338   -4.45636   -4.42982   -4.12513
   1470.76     15000   -3.49498   -4.82218   -4.92235   -4.86917   -4.20848
   1494.13     20000   -3.58455   -4.79009   -4.70463   -4.69099   -4.27124
   1517.50     25000   -3.66898   -4.68966   -4.55859   -4.53829   -4.28539
   1540.87     30000   -3.65336   -4.81612   -4.73847   -4.70751   -4.33517
   1564.24     35000   -3.70709   -5.06503   -5.21650   -5.17516   -4.42305
   1587.61     40000   -3.79844   -4.92235   -4.80363   -4.78821   -4.46475
   1610.98     45000   -3.83532   -4.89252   -4.76827   -4.74540   -4.48243
   1634.35     50000   -3.85068   -5.08999   -5.06744   -5.02895   -4.55029
   1657.72     55000   -3.92668   -5.23483   -5.24984   -5.23348   -4.63205
   1681.09     60000   -4.01246   -5.07593   -4.94571   -4.92802   -4.65570
   1704.46     65000   -4.01984   -5.11872   -5.00914   -4.98320   -4.68548
   1727.83     70000   -4.05432   -5.37230   -5.45346   -5.40281   -4.76726
   1751.20     75000   -4.14422   -5.36241   -5.28491   -5.27150   -4.83306
   1774.57     80000   -4.22820   -5.25231   -5.12085   -5.10087   -4.84773
   1797.94     85000   -4.21522   -5.36803   -5.28492   -5.25469   -4.89486
   1821.31     90000   -4.26593   -5.62458   -5.78545   -5.73826   -4.98272
   1844.68     95000   -4.35799   -5.49289   -5.37744   -5.36230   -5.02749
   1868.05    100000   -4.40116   -5.45208   -5.32657   -5.30411   -5.04395
   1891.43      5000   -4.41251   -5.63925   -5.60627   -5.56929   -5.10923
   1914.80     10000   -4.48478   -5.80468   -5.83967   -5.82186   -5.19261
   1938.17     15000   -4.57156   -5.64277   -5.51336   -5.49601   -5.21852
   1961.54     20000   -4.58239   -5.67472   -5.56234   -5.53688   -5.24611
   1984.91     25000   -4.61463   -5.92200   -5.98448   -5.93564   -5.32624
   2008.28     30000   -4.70367   -5.93538   -5.86733   -5.85395   -5.39487
   2031.65     35000   -4.78740   -5.81593   -5.68418   -5.66456   -5.41017
   2055.02     40000   -4.77712   -5.92073   -5.83266   -5.80320   -5.45454
   2078.39     45000   -4.82486   -6.18229   -6.34486   -6.29387   -5.54213
   2101.76     50000   -4.91770   -6.06362   -5.95169   -5.93687   -5.59009
   2125.13     55000   -4.96685   -6.01211   -5.88522   -5.86314   -5.60564
   2148.50     60000   -4.97456   -6.18893   -6.14616   -6.11039   -5.66833
   2171.87     65000   -5.04354   -6.37360   -6.43068   -6.41033   -5.75307
   2195.24     70000   -5.13139   -6.21033   -6.08210   -6.06509   -5.78138
   2218.61     75000   -5.14505   -6.23141   -6.11652   -6.09157   -5.80685
   2241.98     80000   -5.17470   -6.47143   -6.51612   -6.46946   -5.88513
   2265.35     85000   -5.26253   -6.50816   -6.45062   -6.43727   -5.95649
   2288.72     90000   -5.34734   -6.37990   -6.24795   -6.22866   -5.97271
   2312.09     95000   -5.33842   -6.47387   -6.38114   -6.35236   -6.01438
   2335.46    100000   -5.38453   -6.73836   -6.89605   -6.84211   -6.10146
   2358.84      5000   -5.47633   -6.63488   -6.52721   -6.51268   -6.15261
   2382.21     10000   -5.53319   -6.57272   -6.44470   -6.42301   -6.16745
   2405.58     15000   -5.53585   -6.73903   -6.68751   -6.65292   -6.22748
   2428.95     20000   -5.60205   -6.94114   -7.02077   -6.99737   -6.31335
   2452.32     25000   -5.69058   -6.77828   -6.65145   -6.63477   -6.34424
   2475.69     30000   -5.70842   -6.78852   -6.67129   -6.64681   -6.36773
   2499.06     35000   -5.73540   -7.02050   -7.04854   -7.00383   -6.44403
   2522.43     40000   -5.82090   -7.08090   -7.03554   -7.02202   -6.51795
   2545.79     45000   -5.90558   -6.94444   -6.81251   -6.79357   -6.53532
   2569.16     50000   -5.90043   -7.02756   -6.93064   -6.90253   -6.57434
   2592.53     55000   -5.94375   -7.29289   -7.43970   -7.38467   -6.66068
   2615.90     60000   -6.03568   -7.20648   -7.10364   -7.08941   -6.71503
   2639.27     65000   -6.10000   -7.13379   -7.00475   -6.98343   -6.72938
   2662.64     70000   -6.09785   -7.28946   -7.22997   -7.19644   -6.78671
   2686.01     75000   -6.16056   -7.50717   -7.60954   -7.58205   -6.87346
   2709.37     80000   -6.24943   -7.34680   -7.22169   -7.20535   -6.90708
   2732.74     85000   -6.27251   -7.34618   -7.22686   -7.20283   -6.92876
   2756.11     90000   -6.29681   -7.56947   -7.58222   -7.53940   -7.00293
   2779.48     95000   -6.38000   -7.65335   -7.62170   -7.60787   -7.07924
   2802.85    100000   -6.46436   -7.50946   -7.37770   -7.35910   -7.09800
   2826.22      5000   -6.46305   -7.58172   -7.48095   -7.45346   -7.13443
   2849.59     10000   -6.50361   -7.84602   -7.97772   -7.92274   -7.21982
   2872.96     15000   -6.59574   -7.77848   -7.68125   -7.66727   -7.27733
   2896.33     20000   -6.66687   -7.69539   -7.56550   -7.54455   -7.29144
   2919.70     25000   -6.66016   -7.84036   -7.77367   -7.74113   -7.34603
   2943.07     30000   -6.71933   -8.07155   -8.19513   -8.16282   -7.43341
   2966.44     35000   -6.80900   -7.91579   -7.79272   -7.77670   -7.46990
   2989.81     40000   -6.83691   -7.90434   -7.78309   -7.75950   -7.48993
   3013.18     45000   -6.85883   -8.11840   -8.11716   -8.07608   -7.56185
   3036.55     50000   -6.93842   -8.22540   -8.20927   -8.19486   -7.64035
   3059.92     55000   -7.02386   -8.07501   -7.94362   -7.92536   -7.66073
   3083.29     60000   -7.02529   -8.13643   -8.03215   -8.00525   -7.69465
   3106.66     65000   -7.06418   -8.39800   -8.51191   -8.45803   -7.77888
   3130.03     70000   -7.15486   -8.35077   -8.25996   -8.24623   -7.83951
   3153.39     75000   -7.23434   -8.25748   -8.12688   -8.10629   -7.85361
   3176.76     80000   -7.22172   -8.39169   -8.31846   -8.28683   -7.90544
   3200.13     85000   -7.27774   -8.63417   -8.77593   -8.73815   -7.99321
   3223.50     90000   -7.36913   -8.48529   -8.36464   -8.34895   -8.03268
   3246.87     95000   -7.40146   -8.46301   -8.34003   -8.31686   -8.05124
   3270.24    100000   -7.41953   -8.66745   -8.65349   -8.61402   -8.12080
   3293.61      5000   -7.49703   -8.79685   -8.79805   -8.78275   -8.20128
   3316.98     10000   -7.58337   -8.64107   -8.51023   -8.49230   -8.22352
   3340.34     15000   -7.58801   -8.69163   -8.58414   -8.55780   -8.25501
   3363.71     20000   -7.62446   -8.94901   -9.04393   -8.99170   -8.33788
   3387.08     25000   -7.71415   -8.92332   -8.83991   -8.82636   -8.40156
   3410.45     30000   -7.79903   -8.82009   -8.68893   -8.66870   -8.41588
   3433.82     35000   -7.78394   -8.94349   -8.86434   -8.83355   -8.46496
   3457.19     40000   -7.83686   -9.19497   -9.35000   -9.30671   -8.55287
   3480.56     45000   -7.92811   -9.05528   -8.93743   -8.92207   -8.59541
   3503.93     50000   -7.96675   -9.02220   -8.89764   -8.87488   -8.61269
   3527.30     55000   -7.98094   -9.21666   -9.19118   -9.15318   -8.67979
MyID= 0: Time=  0.1,has convergenced
     1686493 iterations for the convertgence of psi
 MyID=           0 has finish
