 START-UP FOR CHUNK...
     23.50      5000   -0.60744   -2.03398   -2.08910   -2.05143   -1.28819
     46.88     10000   -0.78066   -2.13836   -1.98464   -2.05400   -1.51143
     70.26     15000   -0.78779   -2.24434   -1.87521   -1.91163   -1.56649
     93.64     20000   -0.71185   -2.39116   -1.72124   -1.72056   -1.50621
    117.02     25000   -0.59518   -1.93077   -1.55412   -1.54836   -1.37854
    140.41     30000   -0.50143   -1.64729   -1.45658   -1.45784   -1.24866
    163.79     35000   -0.43266   -1.67573   -1.58976   -1.56331   -1.19219
    187.17     40000   -0.48446   -1.88503   -1.89885   -2.12411   -1.28371
    210.55     45000   -0.63273   -1.85759   -1.75224   -1.73297   -1.36976
    233.94     50000   -0.81847   -1.88950   -1.76758   -1.75108   -1.46933
    257.32     55000   -0.89712   -2.14113   -2.12496   -2.08386   -1.59999
    280.70     60000   -0.97441   -2.30267   -2.28001   -2.31210   -1.68922
    304.08     65000   -1.01556   -2.11326   -1.94808   -1.93815   -1.67278
    327.46     70000   -0.99424   -2.04244   -1.93859   -1.90884   -1.64709
    350.85     75000   -0.98432   -2.22486   -2.26366   -2.21037   -1.69293
    374.23     80000   -1.05683   -2.32866   -2.31907   -2.28804   -1.76394
    397.61     85000   -1.16513   -2.21191   -2.08868   -2.06660   -1.79942
    420.99     90000   -1.19888   -2.32169   -2.22199   -2.19947   -1.86616
    444.37     95000   -1.25440   -2.57812   -2.75326   -2.70784   -1.96508
    467.75    100000   -1.33366   -2.51073   -2.39086   -2.38427   -2.00978
 ITERATION...
    491.13      5000   -1.37717   -2.40961   -2.27424   -2.25480   -2.00372
    514.51     10000   -1.35515   -2.52764   -2.47776   -2.44184   -2.04399
    537.89     15000   -1.40935   -2.75149   -2.86438   -2.84888   -2.12554
    561.28     20000   -1.50422   -2.61178   -2.48705   -2.46593   -2.16449
    584.66     25000   -1.54292   -2.62164   -2.50003   -2.47515   -2.19908
    608.04     30000   -1.57539   -2.85258   -2.87210   -2.83467   -2.28251
    631.42     35000   -1.65738   -2.92233   -2.87957   -2.86621   -2.35438
    654.80     40000   -1.73077   -2.77796   -2.64115   -2.62308   -2.36371
    678.18     45000   -1.71946   -2.84258   -2.74695   -2.72074   -2.39464
    701.57     50000   -1.75752   -3.09538   -3.23979   -3.20165   -2.47651
    724.95     55000   -1.84818   -3.02399   -2.91895   -2.90366   -2.52984
    748.33     60000   -1.91582   -2.95638   -2.82607   -2.80389   -2.54910
    771.71     65000   -1.92077   -3.11819   -3.06366   -3.03171   -2.61289
    795.09     70000   -1.98646   -3.32820   -3.40771   -3.38887   -2.69795
    818.47     75000   -2.06929   -3.16451   -3.03397   -3.01595   -2.72440
    841.85     80000   -2.08418   -3.16470   -3.04897   -3.02462   -2.74476
    865.23     85000   -2.10767   -3.38853   -3.42289   -3.38767   -2.81911
    888.61     90000   -2.19252   -3.45006   -3.39667   -3.38303   -2.88959
    912.00     95000   -2.27876   -3.31798   -3.18401   -3.16401   -2.90701
    935.38    100000   -2.27442   -3.40575   -3.31370   -3.28662   -2.95092
    958.76      5000   -2.31948   -3.66723   -3.82211   -3.78280   -3.03779
    982.14     10000   -2.40820   -3.57289   -3.45872   -3.44342   -3.08490
   1005.53     15000   -2.46019   -3.50588   -3.37746   -3.35496   -3.09822
   1028.91     20000   -2.46350   -3.66783   -3.62547   -3.59391   -3.15875
   1052.29     25000   -2.53021   -3.86341   -3.92150   -3.90770   -3.24159
   1075.67     30000   -2.61608   -3.70386   -3.57176   -3.55325   -3.26882
   1099.05     35000   -2.63326   -3.71980   -3.60503   -3.58032   -3.29580
   1122.43     40000   -2.66246   -3.95403   -4.00607   -3.96747   -3.37486
   1145.82     45000   -2.74785   -3.99405   -3.92721   -3.91405   -3.44214
   1169.20     50000   -2.83036   -3.86722   -3.73221   -3.71197   -3.45612
   1192.58     55000   -2.82073   -3.96107   -3.87438   -3.84653   -3.49985
   1215.96     60000   -2.86765   -4.21805   -4.37573   -4.34293   -3.58598
   1239.34     65000   -2.95662   -4.10983   -3.99200   -3.97606   -3.63098
   1262.72     70000   -3.00499   -4.05613   -3.92785   -3.90510   -3.64710
   1286.10     75000   -3.01342   -4.23046   -4.19562   -4.16295   -3.71174
   1309.48     80000   -3.08442   -4.40765   -4.44676   -4.43261   -3.79334
   1332.86     85000   -3.16807   -4.24841   -4.11507   -4.09667   -3.81735
   1356.24     90000   -3.18082   -4.27366   -4.16156   -4.13656   -3.84518
   1379.62     95000   -3.21145   -4.51391   -4.58282   -4.54405   -3.92515
   1402.99    100000   -3.29739   -4.53048   -4.45374   -4.44038   -3.98990
   1426.37      5000   -3.38177   -4.41303   -4.27846   -4.25781   -4.00401
   1449.75     10000   -3.37010   -4.51899   -4.43645   -4.40802   -4.05118
   1473.13     15000   -3.42006   -4.77251   -4.92951   -4.89756   -4.13771
   1496.51     20000   -3.50812   -4.65015   -4.52975   -4.51345   -4.17935
   1519.88     25000   -3.54977   -4.60646   -4.48014   -4.45725   -4.19599
   1543.26     30000   -3.56179   -4.79039   -4.76590   -4.73284   -4.26264
   1566.64     35000   -3.63510   -4.94865   -4.96654   -4.95371   -4.34265
   1590.01     40000   -3.71968   -4.79096   -4.65704   -4.63833   -4.36488
   1613.39     45000   -3.72827   -4.82730   -4.71814   -4.69270   -4.39528
   1636.76     50000   -3.76245   -5.07429   -5.16068   -5.12049   -4.47692
   1660.13     55000   -3.84853   -5.06922   -4.98428   -4.97035   -4.53872
   1683.51     60000   -3.93328   -4.96020   -4.82663   -4.80568   -4.55224
   1706.90     65000   -3.91842   -5.07634   -4.99978   -4.97098   -4.60186
   1730.27     70000   -3.97120   -5.32391   -5.47190   -5.44495   -4.68826
   1753.65     75000   -4.05915   -5.19011   -5.06669   -5.05005   -4.72704
   1777.03     80000   -4.09522   -5.15691   -5.03229   -5.00908   -4.74509
   1800.42     85000   -4.11147   -5.35065   -5.33719   -5.30312   -4.81419
   1823.80     90000   -4.18691   -5.48984   -5.48932   -5.47653   -4.89238
   1847.17     95000   -4.27092   -5.33514   -5.20077   -5.18174   -4.91267
   1870.54    100000   -4.27584   -5.38174   -5.27600   -5.25018   -4.94530
   1893.92      5000   -4.31180   -5.63372   -5.73802   -5.69782   -5.02819
   1917.30     10000   -4.39999   -5.60747   -5.51462   -5.50037   -5.08709
   1940.67     15000   -4.47957   -5.50769   -5.37473   -5.35348   -5.10053
   1964.05     20000   -4.46731   -5.63428   -5.56367   -5.53426   -5.15287
   1987.43     25000   -4.52330   -5.87401   -6.00877   -5.98495   -5.23895
   2010.81     30000   -4.60951   -5.73117   -5.60528   -5.58830   -5.27483
   2034.19     35000   -4.64140   -5.70829   -5.58555   -5.56203   -5.29427
   2057.57     40000   -4.66011   -5.91138   -5.91009   -5.87523   -5.36559
   2080.95     45000   -4.73871   -6.02984   -6.01177   -5.99925   -5.44178
   2104.32     50000   -4.82179   -5.87951   -5.74466   -5.72533   -5.46046
   2127.70     55000   -4.82415   -5.93664   -5.83425   -5.80801   -5.49552
   2151.08     60000   -4.86195   -6.19254   -6.31392   -6.27341   -5.57954
   2174.46     65000   -4.95020   -6.14613   -6.04672   -6.03208   -5.63540
   2197.84     70000   -5.02290   -6.05588   -5.92379   -5.90225   -5.64892
   2221.22     75000   -5.01519   -6.19284   -6.12883   -6.09888   -5.70390
   2244.59     80000   -5.07453   -6.42248   -6.53896   -6.51868   -5.78944
   2267.97     85000   -5.16053   -6.27240   -6.14432   -6.12703   -5.82255
   2291.35     90000   -5.18742   -6.25999   -6.13920   -6.11535   -5.84360
   2314.73     95000   -5.20894   -6.47218   -6.48397   -6.44813   -5.91708
   2338.11    100000   -5.28987   -6.56931   -6.53588   -6.52323   -5.99106
   2361.49      5000   -5.37333   -6.42447   -6.28947   -6.26985   -6.00829
   2384.87     10000   -5.37204   -6.49208   -6.39345   -6.36681   -6.04584
   2408.25     15000   -5.41274   -6.75051   -6.88718   -6.84736   -6.13077
   2431.63     20000   -5.50093   -6.68487   -6.57962   -6.56462   -6.18359
   2455.01     25000   -5.56685   -6.60441   -6.47329   -6.45147   -6.19743
   2478.39     30000   -5.56359   -6.75172   -6.69488   -6.66428   -6.25504
   2501.76     35000   -5.62645   -6.96934   -7.06527   -7.04754   -6.33979
   2525.14     40000   -5.71222   -6.81418   -6.68435   -6.66673   -6.37025
   2548.52     45000   -5.73401   -6.81223   -6.69363   -6.66946   -6.39306
   2571.90     50000   -5.75842   -7.03307   -7.05918   -7.02243   -6.46855
   2595.27     55000   -5.84172   -7.10821   -7.06090   -7.04811   -6.54017
   2618.65     60000   -5.92556   -6.96983   -6.83482   -6.81491   -6.55620
   2642.03     65000   -5.92054   -7.04795   -6.95336   -6.92628   -6.59630
   2665.41     70000   -5.96348   -7.30737   -7.45626   -7.41769   -6.68194
   2688.78     75000   -6.05232   -7.22396   -7.11370   -7.09833   -6.73168
   2712.16     80000   -6.11067   -7.15347   -7.02350   -7.00138   -6.74605
   2735.54     85000   -6.11266   -7.31104   -7.26209   -7.23085   -6.80624
   2758.91     90000   -6.17795   -7.51465   -7.58861   -7.57294   -6.88999
   2782.29     95000   -6.26348   -7.35638   -7.22507   -7.20714   -6.91794
   2805.68    100000   -6.28127   -7.36491   -7.24867   -7.22416   -6.94266
   2829.06      5000   -6.30857   -7.59387   -7.63540   -7.59768   -7.02003
   2852.43     10000   -6.39329   -7.64681   -7.58729   -7.57423   -7.08912
   2875.81     15000   -6.47670   -7.51571   -7.38087   -7.36067   -7.10417
   2899.19     20000   -6.46930   -7.60432   -7.51415   -7.48662   -7.14686
   2922.57     25000   -6.51444   -7.86300   -8.01957   -7.98324   -7.23301
   2945.94     30000   -6.60384   -7.76334   -7.64871   -7.63299   -7.27968
   2969.32     35000   -6.65522   -7.70299   -7.57429   -7.55188   -7.29479
   2992.70     40000   -6.66108   -7.87071   -7.83040   -7.79844   -7.35752
   3016.07     45000   -6.72960   -8.05854   -8.11057   -8.09628   -7.44002
   3039.45     50000   -6.81415   -7.89907   -7.76658   -7.74834   -7.46563
   3062.81     55000   -6.82922   -7.91809   -7.80442   -7.77956   -7.49239
   3086.16     60000   -6.85847   -8.15453   -8.21253   -8.17391   -7.57150
   3109.50     65000   -6.94443   -8.18519   -8.11487   -8.10151   -7.63792
   3132.88     70000   -7.02775   -8.06206   -7.92754   -7.90705   -7.65222
   3156.26     75000   -7.01764   -8.16114   -8.07577   -8.04776   -7.69755
   3179.62     80000   -7.06607   -8.41725   -8.57581   -8.54248   -7.78397
   3202.97     85000   -7.15434   -8.30311   -8.18472   -8.16865   -7.82759
   3226.32     90000   -7.19998   -8.25299   -8.12572   -8.10301   -7.84365
   3249.66     95000   -7.20952   -8.43074   -8.39990   -8.36720   -7.90886
   3273.01    100000   -7.28148   -8.60115   -8.63198   -8.61861   -7.98990
   3296.36      5000   -7.36550   -8.44223   -8.30880   -8.29025   -8.01334
   3319.70     10000   -7.37708   -8.47174   -8.36086   -8.33564   -8.04225
   3343.05     15000   -7.40903   -8.71488   -8.79019   -8.75073   -8.12294
   3366.39     20000   -7.49485   -8.72350   -8.64370   -8.63001   -8.18658
   3389.74     25000   -7.57948   -8.60889   -8.47485   -8.45407   -8.20035
   3413.09     30000   -7.56652   -8.71845   -8.63829   -8.60979   -8.24834
   3436.44     35000   -7.61729   -8.96999   -9.12422   -9.09450   -8.33482
   3459.78     40000   -7.70552   -8.84326   -8.72163   -8.70521   -8.37544
   3483.13     45000   -7.74499   -8.80346   -8.67777   -8.65475   -8.39264
   3506.47     50000   -7.75864   -8.99105   -8.97060   -8.93710   -8.46025
   3529.82     55000   -7.83273   -9.14265   -9.15360   -9.14075   -8.53961
   3553.17     60000   -7.91752   -8.98587   -8.85174   -8.83289   -8.56107
   3576.52     65000   -7.92426   -9.02588   -8.91802   -8.89243   -8.59224
   3599.86     70000   -7.95908   -9.27478   -9.36788   -9.32777   -8.67434
MyID= 0: Time=  0.1,has convergenced
     1686629 iterations for the convertgence of psi
 MyID=           0 has finish
