 START-UP FOR CHUNK...
     23.48      5000   -0.65459   -2.04487   -2.30217   -2.47519   -1.29179
     46.88     10000   -0.89773   -2.11703   -2.36890   -2.47731   -1.54161
     70.29     15000   -0.98994   -2.19725   -2.27883   -2.33276   -1.67126
     93.69     20000   -1.00008   -2.59211   -2.12528   -2.13043   -1.72906
    117.09     25000   -0.92648   -2.40571   -1.92697   -1.92130   -1.67712
    140.49     30000   -0.79491   -2.13916   -1.69801   -1.70933   -1.52541
    163.89     35000   -0.64711   -1.87408   -1.51259   -1.51866   -1.33944
    187.29     40000   -0.51892   -1.63071   -1.44467   -1.43285   -1.18766
    210.69     45000   -0.46566   -1.66534   -1.63952   -1.63310   -1.15475
    234.09     50000   -0.50952   -1.93155   -1.80505   -1.80590   -1.23949
    257.49     55000   -0.65726   -1.77895   -1.63514   -1.60555   -1.33053
    280.88     60000   -0.78380   -1.94513   -1.80818   -1.78104   -1.46587
    304.28     65000   -0.86075   -2.21535   -2.27903   -2.28704   -1.58191
    327.68     70000   -0.90675   -2.12110   -1.93916   -1.92641   -1.58670
    351.08     75000   -0.90038   -1.95456   -1.79722   -1.77703   -1.53577
    374.47     80000   -0.84054   -1.99922   -1.95939   -1.94569   -1.54368
    397.87     85000   -0.88121   -2.24337   -2.24943   -2.25653   -1.60907
    421.26     90000   -0.98824   -2.10457   -1.96427   -1.93979   -1.65336
    444.66     95000   -1.05348   -2.14966   -2.03262   -2.01405   -1.72526
    468.06    100000   -1.10612   -2.40376   -2.45773   -2.45630   -1.82723
 ITERATION...
    491.46      5000   -1.17467   -2.43674   -2.29157   -2.27878   -1.86716
    514.85     10000   -1.22348   -2.27511   -2.12454   -2.10238   -1.85194
    538.25     15000   -1.18463   -2.33336   -2.27925   -2.26393   -1.88293
    561.65     20000   -1.23045   -2.59108   -2.62901   -2.65042   -1.95550
    585.05     25000   -1.32043   -2.46138   -2.31138   -2.28563   -1.99002
    608.45     30000   -1.36868   -2.45095   -2.33045   -2.30992   -2.03565
    631.84     35000   -1.40328   -2.67081   -2.70196   -2.69789   -2.12450
    655.24     40000   -1.47611   -2.76214   -2.64557   -2.63158   -2.17642
    678.64     45000   -1.54723   -2.60443   -2.45137   -2.43005   -2.17555
    702.04     50000   -1.52090   -2.65965   -2.59036   -2.57351   -2.21449
    725.43     55000   -1.56642   -2.91655   -2.99043   -3.01486   -2.29077
    748.83     60000   -1.64836   -2.81216   -2.65737   -2.63388   -2.32262
    772.23     65000   -1.69226   -2.76612   -2.63957   -2.61753   -2.35355
    795.63     70000   -1.71525   -2.95904   -2.96506   -2.95632   -2.43338
    819.02     75000   -1.78757   -3.09727   -3.00771   -2.99361   -2.49312
    842.42     80000   -1.86478   -2.93379   -2.77932   -2.75730   -2.49910
    865.82     85000   -1.85120   -2.97679   -2.89247   -2.87490   -2.53879
    889.22     90000   -1.89269   -3.23018   -3.32347   -3.34619   -2.61745
    912.62     95000   -1.96985   -3.15942   -3.00675   -2.98475   -2.65162
    936.01    100000   -2.02052   -3.08496   -2.95277   -2.93082   -2.67374
    959.41      5000   -2.03138   -3.25062   -3.23493   -3.22349   -2.74647
    982.81     10000   -2.10212   -3.43310   -3.37604   -3.36537   -2.81252
   1006.21     15000   -2.18121   -3.26563   -3.10975   -3.08728   -2.82286
   1029.61     20000   -2.17786   -3.28927   -3.19356   -3.17462   -2.85984
   1053.00     25000   -2.21416   -3.53547   -3.62557   -3.64322   -2.93951
   1076.40     30000   -2.29081   -3.50766   -3.36032   -3.33907   -2.97856
   1099.80     35000   -2.34971   -3.40742   -3.26992   -3.24770   -2.99518
   1123.20     40000   -2.35159   -3.54631   -3.51108   -3.49787   -3.06156
   1146.59     45000   -2.41781   -3.76406   -3.74773   -3.74275   -3.13282
   1169.99     50000   -2.49517   -3.60113   -3.44358   -3.42110   -3.14710
   1193.39     55000   -2.50344   -3.60205   -3.49638   -3.47653   -3.17984
   1216.79     60000   -2.53389   -3.83401   -3.90610   -3.91590   -3.25910
   1240.18     65000   -2.61023   -3.85636   -3.71801   -3.69815   -3.30425
   1263.58     70000   -2.68160   -3.73320   -3.59046   -3.56793   -3.31750
   1286.98     75000   -2.67428   -3.84602   -3.79339   -3.77825   -3.37779
   1310.37     80000   -2.73485   -4.08822   -4.11646   -4.11943   -3.45316
   1333.77     85000   -2.81212   -3.93976   -3.78132   -3.75886   -3.47178
   1357.17     90000   -2.82980   -3.91693   -3.80222   -3.78166   -3.49980
   1380.57     95000   -2.85384   -4.13011   -4.17657   -4.17882   -3.57738
   1403.96    100000   -2.92836   -4.20382   -4.08036   -4.06238   -3.62903
   1427.36      5000   -3.01540   -4.06159   -3.91412   -3.89148   -3.64053
   1450.76     10000   -2.99729   -4.14886   -4.08093   -4.06421   -3.69474
   1474.16     15000   -3.05215   -4.40415   -4.47259   -4.48403   -3.77312
   1497.55     20000   -3.12774   -4.28092   -4.12304   -4.10081   -3.79675
   1520.95     25000   -3.15607   -4.23399   -4.11141   -4.09025   -3.82014
   1544.35     30000   -3.17438   -4.42588   -4.44541   -4.44162   -3.89492
   1567.75     35000   -3.24811   -4.54914   -4.44754   -4.43207   -3.95301
   1591.15     40000   -3.33441   -4.39234   -4.24098   -4.21826   -3.96416
   1614.54     45000   -3.32141   -4.45441   -4.37317   -4.35522   -4.01227
   1637.94     50000   -3.36936   -4.71230   -4.80538   -4.82202   -4.09249
   1661.34     55000   -3.44441   -4.62432   -4.46894   -4.44714   -4.12184
   1684.74     60000   -3.48496   -4.55340   -4.42393   -4.40231   -4.14104
   1708.13     65000   -3.49548   -4.72226   -4.71697   -4.70868   -4.21207
   1731.53     70000   -3.56674   -4.89073   -4.81904   -4.80724   -4.27620
   1754.93     75000   -3.64924   -4.72558   -4.57110   -4.54833   -4.28829
   1778.33     80000   -3.64644   -4.76257   -4.66975   -4.65079   -4.33036
   1801.72     85000   -3.68671   -5.01429   -5.11016   -5.12598   -4.41124
   1825.12     90000   -3.76153   -4.96968   -4.81927   -4.79812   -4.44688
   1848.52     95000   -3.81452   -4.87533   -4.73975   -4.71777   -4.46257
   1871.91    100000   -3.81726   -5.02015   -4.99300   -4.98140   -4.52909
   1895.31      5000   -3.88529   -5.22649   -5.19313   -5.18666   -4.59857
   1918.71     10000   -3.96437   -5.06139   -4.90458   -4.88184   -4.61284
   1942.11     15000   -3.97015   -5.07336   -4.97037   -4.95057   -4.64902
   1965.51     20000   -4.00427   -5.31211   -5.39268   -5.40301   -4.72939
   1988.90     25000   -4.07997   -5.31633   -5.17428   -5.15411   -4.77170
   2012.30     30000   -4.14530   -5.19986   -5.05882   -5.03655   -4.78475
   2035.70     35000   -4.14068   -5.32012   -5.27402   -5.25995   -4.84615
   2059.10     40000   -4.20262   -5.55459   -5.56564   -5.56645   -4.92009
   2082.49     45000   -4.28053   -5.39973   -5.24158   -5.21896   -4.93772
   2105.89     50000   -4.29682   -5.38676   -5.27475   -5.25428   -4.96829
   2129.29     55000   -4.32252   -5.60777   -5.66361   -5.66719   -5.04705
   2152.68     60000   -4.39812   -5.66326   -5.53423   -5.51553   -5.09615
   2176.08     65000   -4.47836   -5.52696   -5.38111   -5.35862   -5.10756
   2199.48     70000   -4.46345   -5.62243   -5.56000   -5.54404   -5.16341
   2222.88     75000   -4.52017   -5.87406   -5.92866   -5.93794   -5.24077
   2246.28     80000   -4.59667   -5.74048   -5.58230   -5.55991   -5.26282
   2269.67     85000   -4.62164   -5.70274   -5.58272   -5.56168   -5.28821
   2293.07     90000   -4.64237   -5.90289   -5.93166   -5.92927   -5.36434
   2316.47     95000   -4.71628   -6.00909   -5.89924   -5.88270   -5.42010
   2339.87    100000   -4.80371   -5.85664   -5.70665   -5.68400   -5.43097
   2363.26      5000   -4.78804   -5.92721   -5.85067   -5.83326   -5.48099
   2386.66     10000   -4.83779   -6.18515   -6.27144   -6.28742   -5.56064
   2410.06     15000   -4.91427   -6.08348   -5.92698   -5.90496   -5.58801
   2433.46     20000   -4.95006   -6.02128   -5.89412   -5.87261   -5.60880
   2456.85     25000   -4.96393   -6.19866   -6.20174   -6.19465   -5.68138
   2480.25     30000   -5.03531   -6.35202   -6.26900   -6.25567   -5.74341
   2503.65     35000   -5.11877   -6.18891   -6.03547   -6.01273   -5.75491
   2527.04     40000   -5.11291   -6.23454   -6.14575   -6.12719   -5.79898
   2550.44     45000   -5.15531   -6.48924   -6.58640   -6.60359   -5.87973
   2573.83     50000   -5.23015   -6.42844   -6.27587   -6.25444   -5.91314
   2597.23     55000   -5.27917   -6.34237   -6.20884   -6.18695   -5.93007
   2620.63     60000   -5.28449   -6.49588   -6.47604   -6.46540   -5.99833
   2644.02     65000   -5.35389   -6.68994   -6.64230   -6.63366   -6.06600
   2667.42     70000   -5.43473   -6.52375   -6.36765   -6.34491   -6.07931
   2690.81     75000   -5.43670   -6.54445   -6.44495   -6.42546   -6.11749
   2714.21     80000   -5.47287   -6.78837   -6.87584   -6.88863   -6.19815
   2737.61     85000   -5.54890   -6.77482   -6.62930   -6.60873   -6.23810
   2761.00     90000   -5.60915   -6.66602   -6.52680   -6.50461   -6.25201
   2784.40     95000   -5.60720   -6.79506   -6.75529   -6.74197   -6.31531
   2807.79    100000   -5.67129   -7.02085   -7.01594   -7.01391   -6.38779
   2831.19      5000   -5.74958   -6.86114   -6.70334   -6.68067   -6.40408
   2854.58     10000   -5.76220   -6.85693   -6.74800   -6.72777   -6.43656
   2877.98     15000   -5.79095   -7.08461   -7.14975   -7.15580   -6.51601
   2901.38     20000   -5.86764   -7.12183   -6.98754   -6.96826   -6.56271
   2924.77     25000   -5.94160   -6.99223   -6.84799   -6.82556   -6.57460
   2948.17     30000   -5.93038   -7.09651   -7.03955   -7.02418   -6.63247
   2971.56     35000   -5.98910   -7.34337   -7.38339   -7.38962   -6.70875
   2994.96     40000   -6.06631   -7.20101   -7.04269   -7.02020   -6.72911
   3018.36     45000   -6.08763   -7.17199   -7.05471   -7.03386   -6.75626
   3041.75     50000   -6.11050   -7.37977   -7.41809   -7.41771   -6.83342
   3065.15     55000   -6.18461   -7.46826   -7.35080   -7.33340   -6.88686
   3088.54     60000   -6.27227   -7.32101   -7.17239   -7.14979   -6.89780
   3111.94     65000   -6.25489   -7.40040   -7.32861   -7.31166   -6.94991
   3135.33     70000   -6.30689   -7.65730   -7.73449   -7.74853   -7.02889
   3158.73     75000   -6.38301   -7.54323   -7.38591   -7.36375   -7.05428
   3182.13     80000   -6.41480   -7.48962   -7.36489   -7.34355   -7.07662
   3205.52     85000   -6.43156   -7.67520   -7.68709   -7.68154   -7.15054
   3228.92     90000   -6.50420   -7.81246   -7.71898   -7.70437   -7.21042
   3252.31     95000   -6.58874   -7.65236   -7.50005   -7.47734   -7.22156
   3275.71    100000   -6.57894   -7.70682   -7.62217   -7.60398   -7.26775
   3299.11      5000   -6.62447   -7.96365   -8.05957   -8.07705   -7.34824
   3322.50     10000   -6.69929   -7.88753   -7.73327   -7.71161   -7.37945
   3345.90     15000   -6.74402   -7.80980   -7.67844   -7.65668   -7.39765
   3369.30     20000   -6.75198   -7.97184   -7.95977   -7.95027   -7.46751
   3392.69     25000   -6.82259   -8.15240   -8.09128   -8.08078   -7.53327
   3416.09     30000   -6.90465   -7.98630   -7.83105   -7.80830   -7.54581
   3439.49     35000   -6.90373   -8.01582   -7.91995   -7.90076   -7.58606
   3462.91     40000   -6.94196   -8.26428   -8.35711   -8.37191   -7.66689
   3486.33     45000   -7.01753   -8.23348   -8.08506   -8.06415   -7.70448
   3509.75     50000   -7.07348   -8.13254   -7.99526   -7.97317   -7.71935
   3533.17     55000   -7.07414   -8.27028   -8.23723   -8.22478   -7.78447
   3556.60     60000   -7.14039   -8.48600   -8.46535   -8.46075   -7.85535
   3580.01     65000   -7.21909   -8.32280   -8.16548   -8.14278   -7.87046
   3603.43     70000   -7.22794   -8.32739   -8.22166   -8.20167   -7.90492
   3626.85     75000   -7.25986   -8.56132   -8.63524   -8.64372   -7.98492
   3650.27     80000   -7.33577   -8.58038   -8.44156   -8.42177   -8.02923
   3673.69     85000   -7.40533   -8.45784   -8.31531   -8.29296   -8.04171
   3697.12     90000   -7.39776   -8.57090   -8.51973   -8.50503   -8.10155
   3720.54     95000   -7.45848   -8.81158   -8.83599   -8.83920   -8.17661
   3743.97    100000   -7.53631   -8.66181   -8.50351   -8.48095   -8.19541
   3767.39      5000   -7.55407   -8.64155   -8.52710   -8.50646   -8.22440
   3790.81     10000   -7.57875   -8.85669   -8.90462   -8.90639   -8.30248
   3814.23     15000   -7.65339   -8.92718   -8.80303   -8.78488   -8.35356
   3837.28     20000   -7.73897   -8.78571   -8.63857   -8.61602   -8.36471
   3859.84     25000   -7.72098   -8.87391   -8.80712   -8.79069   -8.41888
   3882.40     30000   -7.77605   -9.12849   -9.19416   -9.20573   -8.49703
   3905.00     35000   -7.85196   -9.00322   -8.84534   -8.82305   -8.52054
   3927.74     40000   -7.87994   -8.95827   -8.83608   -8.81489   -8.54452
   3950.34     45000   -7.89887   -9.15190   -9.17291   -9.16904   -8.61969
   3972.81     50000   -7.97263   -9.27238   -9.16951   -9.15379   -8.67734
MyID= 0: Time=  0.1,has convergenced
     1685859 iterations for the convertgence of psi
 MyID=           0 has finish
