 START-UP FOR CHUNK...
     23.45      5000   -0.56155   -2.00920   -1.90588   -1.82289   -1.28288
     46.79     10000   -0.67367   -2.16866   -1.76461   -1.83438   -1.46191
     70.13     15000   -0.63126   -2.27896   -1.65589   -1.70548   -1.45184
     93.47     20000   -0.53662   -2.09826   -1.53985   -1.53891   -1.36284
    116.80     25000   -0.45498   -1.68530   -1.46623   -1.44923   -1.25994
    140.14     30000   -0.40998   -1.64561   -1.56207   -1.55213   -1.20005
    163.48     35000   -0.44520   -1.95024   -1.84483   -1.96223   -1.30750
    186.82     40000   -0.62580   -1.90536   -1.82606   -1.80886   -1.41920
    210.16     45000   -0.82009   -1.91238   -1.78102   -1.80193   -1.50886
    233.50     50000   -0.91204   -2.16837   -2.07498   -2.04234   -1.63121
    256.84     55000   -0.99569   -2.38245   -2.42181   -2.42146   -1.75609
    280.18     60000   -1.08637   -2.31039   -2.09407   -2.10922   -1.78923
    303.52     65000   -1.12154   -2.14622   -2.02007   -1.99127   -1.76342
    326.85     70000   -1.09061   -2.25946   -2.19672   -2.14730   -1.78828
    350.19     75000   -1.13755   -2.52505   -2.61360   -2.51469   -1.87664
    373.53     80000   -1.25736   -2.37283   -2.30597   -2.26388   -1.93664
    396.87     85000   -1.35847   -2.36069   -2.24748   -2.23769   -1.97178
    420.21     90000   -1.37106   -2.58272   -2.50934   -2.48668   -2.04862
    443.54     95000   -1.44095   -2.77066   -2.87756   -2.82106   -2.15136
    466.88    100000   -1.54149   -2.62756   -2.48646   -2.49355   -2.19259
 ITERATION...
    490.22      5000   -1.56158   -2.59658   -2.46716   -2.44981   -2.19649
    513.56     10000   -1.56715   -2.79649   -2.74951   -2.68561   -2.25203
    536.90     15000   -1.63353   -2.99827   -3.03380   -2.98015   -2.34532
    560.23     20000   -1.74679   -2.80811   -2.69598   -2.67172   -2.39080
    583.57     25000   -1.77226   -2.83130   -2.71605   -2.69139   -2.41945
    606.91     30000   -1.80815   -3.09141   -3.06112   -3.01210   -2.49704
    630.25     35000   -1.88967   -3.17656   -3.17609   -3.13889   -2.58935
    653.59     40000   -1.98737   -3.01365   -2.88877   -2.88215   -2.61916
    676.92     45000   -1.98185   -3.06397   -2.94368   -2.92579   -2.64017
    700.26     50000   -2.01676   -3.33401   -3.34661   -3.26923   -2.71638
    723.60     55000   -2.10874   -3.36900   -3.31740   -3.30192   -2.80305
    746.93     60000   -2.20805   -3.22705   -3.10077   -3.08557   -2.83154
    770.27     65000   -2.20147   -3.31264   -3.20365   -3.17365   -2.86642
    793.61     70000   -2.24827   -3.61992   -3.67757   -3.58528   -2.95345
    816.94     75000   -2.34968   -3.55457   -3.47644   -3.45645   -3.03260
    840.28     80000   -2.43837   -3.43573   -3.31162   -3.29698   -3.05213
    863.62     85000   -2.41860   -3.55295   -3.44931   -3.42321   -3.08986
    886.96     90000   -2.46800   -3.85543   -3.97038   -3.85978   -3.17932
    910.30     95000   -2.57759   -3.73527   -3.64212   -3.63133   -3.25046
    933.64    100000   -2.66049   -3.65815   -3.53139   -3.51696   -3.26937
    956.97      5000   -2.64313   -3.81030   -3.71949   -3.68442   -3.31776
    980.31     10000   -2.70062   -4.10658   -4.23077   -4.12461   -3.41188
   1003.65     15000   -2.81008   -3.93058   -3.81971   -3.80719   -3.47284
   1026.99     20000   -2.86142   -3.87949   -3.75573   -3.73729   -3.48924
   1050.32     25000   -2.86487   -4.06393   -3.98739   -3.94852   -3.54454
   1073.66     30000   -2.92738   -4.31538   -4.41010   -4.32646   -3.63926
   1097.00     35000   -3.03791   -4.12122   -4.00705   -3.99524   -3.69065
   1120.34     40000   -3.06746   -4.10882   -3.98638   -3.96851   -3.70936
   1143.67     45000   -3.08768   -4.32805   -4.27351   -4.22673   -3.77391
   1167.01     50000   -3.16052   -4.51509   -4.54235   -4.49612   -3.86815
   1190.35     55000   -3.26752   -4.32328   -4.19995   -4.18859   -3.90960
   1213.68     60000   -3.27856   -4.34156   -4.22224   -4.20066   -3.93094
   1237.02     65000   -3.30988   -4.59291   -4.56715   -4.50811   -4.00309
   1260.36     70000   -3.39296   -4.70191   -4.67955   -4.64811   -4.09402
   1283.70     75000   -3.49559   -4.52693   -4.40272   -4.38956   -4.12701
   1307.03     80000   -3.49464   -4.57981   -4.46536   -4.44229   -4.15375
   1330.37     85000   -3.53287   -4.86034   -4.87633   -4.80342   -4.23350
   1353.71     90000   -3.62675   -4.88156   -4.82148   -4.80219   -4.31920
   1377.05     95000   -3.72277   -4.73674   -4.60923   -4.59622   -4.34498
   1400.39    100000   -3.71096   -4.82263   -4.71365   -4.68734   -4.37786
   1423.73      5000   -3.75646   -5.12375   -5.19189   -5.09703   -4.46373
   1447.07     10000   -3.85971   -5.06492   -4.97990   -4.96493   -4.54213
   1470.41     15000   -3.95010   -4.95148   -4.82414   -4.80922   -4.56287
   1493.74     20000   -3.93165   -5.07109   -4.97095   -4.94096   -4.60334
   1517.08     25000   -3.98291   -5.37780   -5.49540   -5.38449   -4.69414
   1540.42     30000   -4.09250   -5.24895   -5.14772   -5.13513   -4.76380
   1563.76     35000   -4.16951   -5.17030   -5.04302   -5.02726   -4.78157
   1587.10     40000   -4.15421   -5.32404   -5.23462   -5.20028   -4.83005
   1610.44     45000   -4.21212   -5.61272   -5.74106   -5.63439   -4.92388
   1633.77     50000   -4.32210   -5.43909   -5.32708   -5.31558   -4.98380
   1657.11     55000   -4.37126   -5.39472   -5.26904   -5.25154   -5.00097
   1680.45     60000   -4.37815   -5.58283   -5.50944   -5.46876   -5.05794
   1703.79     65000   -4.44162   -5.82782   -5.90984   -5.83502   -5.15289
   1727.13     70000   -4.55155   -5.63347   -5.51420   -5.50261   -5.20284
   1750.46     75000   -4.57784   -5.62313   -5.49976   -5.48053   -5.22152
   1773.80     80000   -4.59975   -5.84548   -5.79349   -5.74474   -5.28683
   1797.14     85000   -4.67376   -6.02328   -6.04536   -5.99899   -5.38060
   1820.48     90000   -4.78032   -5.83342   -5.70986   -5.69799   -5.42097
   1843.81     95000   -4.78972   -5.85698   -5.73721   -5.71596   -5.44318
   1867.15    100000   -4.82251   -6.11212   -6.09129   -6.03086   -5.51651
   1890.49      5000   -4.90681   -6.20855   -6.17892   -6.15099   -5.60690
   1913.83     10000   -5.00882   -6.03832   -5.91176   -5.89913   -5.63880
   1937.16     15000   -5.00567   -6.09527   -5.98024   -5.95644   -5.66619
   1960.50     20000   -5.04517   -6.37899   -6.40045   -6.32370   -5.74672
   1983.84     25000   -5.14022   -6.38965   -6.32555   -6.30639   -5.83149
   2007.17     30000   -5.23574   -6.24836   -6.12069   -6.10710   -5.85654
   2030.51     35000   -5.22301   -6.33893   -6.23053   -6.20384   -5.89047
   2053.84     40000   -5.26897   -6.64191   -6.71711   -6.61996   -5.97712
   2077.18     45000   -5.37371   -6.57158   -6.48364   -6.46933   -6.05444
   2100.52     50000   -5.46318   -6.46320   -6.33508   -6.32036   -6.07465
   2123.86     55000   -5.44392   -6.58747   -6.48772   -6.45724   -6.11611
   2147.19     60000   -5.49608   -6.89330   -7.01533   -6.90213   -6.20738
   2170.53     65000   -5.60567   -6.75721   -6.65412   -6.64174   -6.27575
   2193.87     70000   -5.67863   -6.68301   -6.55577   -6.53966   -6.29334
   2217.20     75000   -5.66636   -6.84144   -6.75370   -6.71852   -6.34298
   2240.54     80000   -5.72499   -7.12609   -7.24980   -7.14695   -6.43710
   2263.88     85000   -5.83550   -6.94727   -6.83385   -6.82233   -6.49570
   2287.22     90000   -5.88128   -6.90747   -6.78175   -6.76411   -6.51295
   2310.56     95000   -5.89065   -7.10026   -7.02879   -6.98726   -6.57101
   2333.89    100000   -5.95508   -7.33751   -7.41218   -7.34100   -6.66591
   2357.23      5000   -6.06480   -7.14266   -7.02271   -7.01116   -6.71453
   2380.57     10000   -6.08848   -7.13689   -7.01388   -6.99440   -6.73358
   2403.91     15000   -6.11227   -7.36382   -7.31537   -7.26524   -6.80001
   2427.25     20000   -6.18722   -7.53146   -7.54482   -7.50197   -6.89347
   2450.58     25000   -6.29363   -7.34307   -7.21879   -7.20682   -6.93265
   2473.92     30000   -6.30084   -7.37100   -7.25163   -7.23005   -6.95546
   2497.26     35000   -6.33505   -7.63031   -7.61403   -7.55173   -7.02978
   2520.59     40000   -6.42043   -7.71553   -7.68082   -7.65416   -7.11953
   2543.93     45000   -6.52194   -7.54876   -7.42204   -7.40930   -7.15041
   2567.26     50000   -6.51690   -7.61019   -7.49595   -7.47184   -7.17860
   2590.60     55000   -6.55770   -7.89717   -7.92535   -7.84615   -7.26003
   2613.94     60000   -6.65409   -7.89649   -7.82821   -7.81008   -7.34393
   2637.28     65000   -6.74899   -7.75934   -7.63138   -7.61766   -7.36821
   2660.61     70000   -6.73505   -7.85431   -7.74681   -7.71963   -7.40309
   2683.95     75000   -6.78149   -8.15885   -8.24116   -8.14107   -7.49044
   2707.29     80000   -6.88753   -8.07886   -7.98862   -7.97456   -7.56663
   2730.63     85000   -6.97628   -7.97493   -7.84691   -7.83200   -7.58636
   2753.97     90000   -6.95636   -8.10371   -8.00538   -7.97438   -7.62888
   2777.30     95000   -7.00928   -8.40819   -8.53378   -8.42032   -7.72064
   2800.64    100000   -7.11910   -8.26488   -8.15998   -8.14784   -7.78776
   2823.98      5000   -7.18783   -8.19526   -8.06805   -8.05177   -7.80518
   2847.31     10000   -7.17856   -8.35821   -8.27224   -8.23629   -7.85592
   2870.65     15000   -7.23792   -8.63812   -8.75776   -8.65813   -7.95026
   2893.99     20000   -7.34891   -8.45574   -8.34132   -8.32980   -8.00752
   2917.33     25000   -7.39116   -8.42046   -8.29506   -8.27718   -8.02489
   2940.66     30000   -7.40245   -8.61782   -8.54901   -8.50651   -8.08409
   2964.00     35000   -7.46835   -8.84686   -8.91296   -8.84639   -8.17892
   2987.34     40000   -7.57824   -8.65168   -8.53094   -8.51938   -8.22625
   3010.68     45000   -7.59920   -8.65040   -8.52773   -8.50801   -8.24570
   3034.02     50000   -7.62488   -8.88176   -8.83689   -8.78535   -8.31321
   3057.35     55000   -7.70076   -9.03906   -9.04529   -9.00508   -8.40630
   3080.69     60000   -7.80700   -8.85288   -8.72820   -8.71614   -8.44429
   3104.03     65000   -7.81209   -8.88526   -8.76650   -8.74461   -8.46773
   3127.36     70000   -7.84768   -9.14861   -9.13754   -9.07330   -8.54305
   3150.70     75000   -7.93421   -9.22233   -9.18222   -9.15713   -8.63214
MyID= 0: Time=  0.1,has convergenced
     1684270 iterations for the convertgence of psi
 MyID=           0 has finish
