 START-UP FOR CHUNK...
     23.46      5000   -0.63857   -2.04165   -2.23141   -2.27964   -1.29176
     46.83     10000   -0.85461   -2.12107   -2.20372   -2.28022   -1.53458
     70.18     15000   -0.91168   -2.21303   -2.09583   -2.13615   -1.64034
     93.53     20000   -0.87994   -2.55414   -1.93746   -1.93635   -1.64447
    116.87     25000   -0.77384   -2.19794   -1.73704   -1.73492   -1.53845
    140.21     30000   -0.63980   -1.90480   -1.54608   -1.55142   -1.37705
    163.56     35000   -0.52912   -1.65922   -1.45171   -1.45093   -1.22840
    186.91     40000   -0.46006   -1.67056   -1.60366   -1.57360   -1.17393
    210.27     45000   -0.51301   -1.91217   -1.90629   -2.04280   -1.25533
    233.62     50000   -0.63245   -1.80854   -1.68079   -1.65478   -1.33719
    256.97     55000   -0.79421   -1.90008   -1.76277   -1.73509   -1.45429
    280.32     60000   -0.87356   -2.18186   -2.18404   -2.17066   -1.58533
    303.68     65000   -0.94322   -2.21188   -2.10448   -2.09931   -1.63590
    327.04     70000   -0.95455   -2.01723   -1.85316   -1.83741   -1.59424
    350.39     75000   -0.90162   -2.00042   -1.91437   -1.88892   -1.57928
    373.75     80000   -0.90937   -2.21487   -2.32862   -2.33805   -1.63685
    397.11     85000   -0.99905   -2.20208   -2.08695   -2.06273   -1.69091
    420.47     90000   -1.09936   -2.14680   -2.01724   -1.99631   -1.73787
    443.83     95000   -1.13167   -2.33560   -2.29291   -2.27174   -1.83103
    467.20    100000   -1.20341   -2.53772   -2.54367   -2.54503   -1.91061
 ITERATION...
    490.57      5000   -1.25871   -2.36409   -2.20549   -2.18643   -1.91084
    513.93     10000   -1.24661   -2.33339   -2.22796   -2.20370   -1.91564
    537.28     15000   -1.25939   -2.54026   -2.60843   -2.60897   -1.98162
    560.62     20000   -1.34030   -2.59288   -2.48824   -2.46854   -2.04039
    583.97     25000   -1.44266   -2.48166   -2.34217   -2.31954   -2.06717
    607.31     30000   -1.44342   -2.60631   -2.53658   -2.51597   -2.13611
    630.65     35000   -1.50458   -2.84784   -2.94495   -2.94691   -2.22077
    654.00     40000   -1.57530   -2.71530   -2.56291   -2.54491   -2.24040
    677.35     45000   -1.59183   -2.66804   -2.54652   -2.52371   -2.25154
    700.70     50000   -1.60232   -2.85365   -2.87934   -2.86621   -2.31881
    724.05     55000   -1.67835   -2.96831   -2.89212   -2.87881   -2.38348
    747.40     60000   -1.77068   -2.82552   -2.68015   -2.65728   -2.40226
    770.76     65000   -1.77100   -2.90331   -2.81399   -2.79178   -2.45436
    794.12     70000   -1.81917   -3.15823   -3.28734   -3.28644   -2.53962
    817.47     75000   -1.89468   -3.07140   -2.93057   -2.91194   -2.57286
    840.81     80000   -1.93461   -2.99823   -2.86685   -2.84475   -2.58446
    864.16     85000   -1.93876   -3.15665   -3.14095   -3.12369   -2.64849
    887.51     90000   -2.00946   -3.33138   -3.30745   -3.30012   -2.72024
    910.87     95000   -2.09329   -3.17430   -3.02642   -3.00458   -2.73850
    934.22    100000   -2.10168   -3.20935   -3.10591   -3.08340   -2.77772
    957.58      5000   -2.13872   -3.45523   -3.55884   -3.55187   -2.86106
    980.93     10000   -2.21832   -3.43563   -3.30974   -3.29187   -2.90636
   1004.27     15000   -2.28056   -3.33083   -3.19284   -3.17053   -2.91698
   1027.61     20000   -2.27408   -3.45643   -3.40862   -3.38891   -2.97475
   1050.95     25000   -2.33622   -3.68039   -3.72584   -3.72634   -3.05252
   1074.31     30000   -2.41695   -3.52955   -3.38156   -3.36030   -3.07514
   1097.67     35000   -2.43633   -3.52414   -3.40874   -3.38621   -3.10412
   1121.03     40000   -2.46348   -3.74461   -3.79939   -3.78655   -3.18326
   1144.38     45000   -2.54171   -3.80300   -3.70200   -3.68636   -3.23974
   1167.73     50000   -2.62638   -3.66930   -3.52566   -3.50354   -3.25031
   1191.08     55000   -2.60930   -3.75877   -3.68634   -3.66510   -3.30006
   1214.43     60000   -2.66182   -4.00868   -4.11729   -4.12499   -3.38155
   1237.78     65000   -2.74084   -3.89077   -3.74580   -3.72542   -3.41178
   1261.15     70000   -2.77557   -3.84660   -3.72088   -3.69819   -3.43279
   1284.51     75000   -2.79167   -4.03430   -4.04213   -4.02511   -3.50578
   1307.88     80000   -2.86694   -4.16773   -4.10814   -4.09616   -3.57212
   1331.24     85000   -2.94870   -4.01383   -3.86625   -3.84442   -3.58476
   1354.60     90000   -2.94439   -4.06635   -3.97437   -3.95241   -3.62573
   1377.95     95000   -2.98569   -4.31764   -4.44025   -4.44425   -3.70816
   1401.30    100000   -3.06586   -4.25630   -4.12014   -4.10113   -3.74802
   1424.65      5000   -3.11753   -4.17544   -4.04122   -4.01862   -3.76335
   1448.00     10000   -3.12260   -4.32717   -4.29727   -4.27768   -3.82866
   1471.36     15000   -3.19059   -4.52293   -4.52490   -4.51900   -3.90293
   1494.71     20000   -3.27001   -4.36423   -4.21508   -4.19369   -3.92016
   1518.06     25000   -3.28013   -4.37953   -4.27220   -4.24984   -3.95245
   1541.42     30000   -3.31102   -4.61435   -4.70060   -4.69451   -4.03303
   1564.77     35000   -3.39054   -4.62463   -4.50606   -4.48890   -4.08339
   1588.13     40000   -3.46497   -4.51021   -4.36942   -4.34703   -4.09558
   1611.49     45000   -3.45537   -4.62473   -4.56581   -4.54483   -4.15213
   1634.84     50000   -3.51465   -4.86167   -4.93655   -4.93866   -4.23187
   1658.20     55000   -3.59297   -4.72048   -4.57275   -4.55202   -4.25616
   1681.55     60000   -3.61684   -4.69845   -4.57905   -4.55652   -4.28057
   1704.90     65000   -3.63959   -4.90566   -4.94198   -4.92842   -4.35680
   1728.25     70000   -3.71656   -4.99288   -4.90486   -4.89056   -4.41743
   1751.60     75000   -3.80147   -4.85097   -4.70542   -4.68330   -4.42927
   1774.95     80000   -3.78994   -4.92783   -4.84666   -4.82487   -4.47653
   1798.29     85000   -3.83779   -5.18101   -5.30382   -5.30956   -4.55894
   1821.64     90000   -3.91617   -5.08231   -4.94012   -4.92033   -4.59229
   1845.00     95000   -3.95715   -5.02335   -4.89429   -4.87174   -4.61027
   1868.35    100000   -3.96868   -5.19697   -5.18958   -5.17185   -4.68008
   1891.71      5000   -4.04215   -5.35563   -5.31652   -5.30683   -4.74975
   1915.05     10000   -4.12309   -5.19781   -5.04938   -5.02765   -4.76416
   1938.40     15000   -4.12376   -5.23689   -5.13836   -5.11611   -4.80216
   1961.75     20000   -4.16197   -5.48402   -5.59693   -5.59598   -4.88435
   1985.10     25000   -4.24158   -5.44868   -5.31835   -5.29994   -4.92802
   2008.44     30000   -4.30138   -5.35430   -5.21754   -5.19508   -4.94158
   2031.79     35000   -4.30091   -5.49164   -5.45000   -5.43001   -5.00343
   2055.14     40000   -4.36564   -5.70571   -5.73485   -5.73228   -5.08010
   2078.50     45000   -4.44570   -5.55069   -5.40171   -5.38052   -5.09989
   2101.85     50000   -4.45953   -5.55205   -5.43974   -5.41724   -5.12922
   2125.20     55000   -4.48766   -5.77755   -5.84474   -5.83488   -5.20851
   2148.57     60000   -4.56620   -5.81732   -5.70879   -5.69251   -5.26281
   2171.93     65000   -4.65036   -5.69131   -5.54861   -5.52633   -5.27442
   2195.30     70000   -4.63450   -5.79132   -5.72342   -5.70217   -5.32736
   2218.65     75000   -4.68927   -6.03732   -6.13568   -6.14068   -5.40844
   2242.00     80000   -4.76889   -5.90936   -5.76311   -5.74269   -5.43604
   2265.35     85000   -4.79875   -5.87327   -5.74990   -5.72732   -5.45788
   2288.71     90000   -4.81658   -6.06824   -6.08675   -6.07112   -5.53193
   2312.06     95000   -4.89240   -6.18412   -6.11249   -6.09963   -5.59617
   2335.41    100000   -4.97539   -6.03437   -5.88752   -5.86554   -5.60860
   2358.77      5000   -4.96957   -6.09673   -6.00853   -5.98657   -5.65225
   2382.11     10000   -5.01309   -6.34985   -6.47551   -6.48000   -5.73489
   2405.45     15000   -5.09205   -6.27321   -6.13456   -6.11523   -5.77210
   2428.79     20000   -5.13949   -6.20053   -6.06828   -6.04573   -5.78817
   2452.14     25000   -5.14664   -6.36056   -6.33899   -6.32017   -5.85513
   2475.50     30000   -5.21677   -6.54282   -6.52795   -6.52060   -5.92773
   2498.85     35000   -5.29683   -6.38349   -6.23455   -6.21301   -5.94385
   2522.21     40000   -5.30406   -6.40813   -6.30401   -6.28166   -5.97842
   2545.57     45000   -5.33721   -6.64842   -6.74588   -6.74144   -6.05980
   2568.91     50000   -5.41783   -6.64084   -6.51733   -6.49964   -6.10755
   2592.26     55000   -5.48556   -6.53381   -6.39455   -6.37214   -6.12007
   2615.60     60000   -5.47929   -6.65701   -6.60450   -6.58391   -6.17862
   2638.95     65000   -5.54079   -6.88629   -6.94383   -6.94436   -6.25730
   2662.30     70000   -5.61969   -6.73858   -6.59021   -6.56928   -6.27979
   2685.65     75000   -5.63973   -6.72560   -6.60880   -6.58626   -6.30609
   2709.00     80000   -5.66460   -6.94021   -6.98817   -6.97578   -6.38363
   2732.35     85000   -5.74291   -7.00941   -6.91280   -6.89765   -6.44186
   2755.68     90000   -5.82879   -6.87313   -6.72861   -6.70643   -6.45345
   2779.01     95000   -5.81353   -6.95882   -6.88256   -6.86098   -6.50286
   2802.33    100000   -5.86461   -7.21032   -7.32629   -7.33245   -6.58488
   2825.68      5000   -5.94298   -7.09931   -6.95528   -6.93522   -6.61597
   2849.03     10000   -5.97961   -7.04911   -6.92213   -6.89956   -6.63537
   2872.35     15000   -5.99370   -7.23110   -7.23319   -7.21614   -6.70691
   2895.70     20000   -6.06825   -7.37398   -7.32148   -7.31044   -6.77457
   2919.05     25000   -6.15057   -7.21851   -7.07059   -7.04876   -6.78807
   2942.39     30000   -6.14784   -7.26650   -7.17178   -7.14964   -6.82821
   2965.74     35000   -6.18817   -7.51671   -7.63672   -7.63817   -6.91069
   2989.09     40000   -6.26797   -7.46481   -7.33087   -7.31208   -6.95186
   3012.42     45000   -6.32248   -7.37866   -7.24354   -7.22103   -6.96629
   3035.74     50000   -6.32581   -7.52478   -7.49044   -7.47084   -7.03017
   3059.06     55000   -6.39244   -7.72766   -7.73941   -7.73487   -7.10539
   3082.41     60000   -6.47183   -7.56993   -7.42084   -7.39951   -7.12364
   3105.76     65000   -6.48369   -7.58021   -7.47092   -7.44848   -7.15493
   3129.11     70000   -6.51375   -7.81187   -7.89105   -7.88316   -7.23513
   3152.45     75000   -6.59252   -7.83323   -7.71832   -7.70146   -7.28693
   3175.78     80000   -6.67079   -7.71423   -7.57277   -7.55043   -7.29877
   3199.10     85000   -6.65891   -7.82318   -7.76088   -7.73985   -7.35390
   3222.42     90000   -6.71604   -8.06393   -8.14796   -8.15146   -7.43418
   3245.74     95000   -6.79490   -7.92723   -7.77998   -7.75935   -7.45973
   3269.06    100000   -6.82121   -7.89999   -7.77904   -7.75648   -7.48321
   3292.38      5000   -6.84265   -8.10274   -8.13220   -8.11770   -7.55868
   3315.71     10000   -6.91855   -8.20098   -8.11888   -8.10506   -7.62068
   3339.03     15000   -7.00268   -8.05586   -7.90982   -7.88775   -7.63266
   3362.36     20000   -6.99380   -8.12719   -8.04336   -8.02152   -7.67852
   3385.68     25000   -7.03967   -8.38069   -8.50555   -8.51121   -7.76105
   3409.00     30000   -7.11810   -8.28993   -8.14892   -8.12929   -7.79586
   3432.33     35000   -7.16176   -8.22580   -8.09550   -8.07294   -7.81311
   3455.65     40000   -7.17144   -8.39438   -8.38146   -8.36325   -7.88189
   3478.98     45000   -7.24376   -8.56227   -8.53202   -8.52314   -7.95270
   3502.30     50000   -7.32424   -8.40355   -8.25489   -8.23323   -7.96769
   3525.62     55000   -7.32737   -8.43716   -8.33649   -8.31421   -8.00437
   3548.95     60000   -7.36366   -8.68193   -8.78949   -8.78732   -8.08629
   3572.27     65000   -7.44378   -8.65684   -8.52887   -8.51072   -8.13150
   3595.59     70000   -7.50665   -8.55765   -8.41990   -8.39745   -8.14464
   3618.92     75000   -7.50381   -8.68970   -8.64381   -8.62356   -8.20528
   3642.24     80000   -7.56733   -8.90993   -8.94986   -8.94843   -8.28275
   3665.56     85000   -7.64698   -8.75724   -8.60844   -8.58735   -8.30350
   3688.88     90000   -7.66311   -8.75318   -8.63915   -8.61664   -8.33166
   3712.21     95000   -7.69001   -8.97471   -9.03463   -9.02380   -8.41033
   3735.53    100000   -7.76846   -9.02554   -8.92120   -8.90533   -8.46612
   3758.85      5000   -7.85461   -8.89553   -8.75210   -8.72986   -8.47768
   3782.18     10000   -7.83765   -8.99017   -8.91901   -8.89762   -8.52930
   3805.50     15000   -7.89129   -9.23867   -9.34459   -9.35018   -8.61079
   3828.82     20000   -7.97032   -9.11668   -8.97119   -8.95090   -8.63967
MyID= 0: Time=  0.1,has convergenced
     1686145 iterations for the convertgence of psi
 MyID=           0 has finish
