 START-UP FOR CHUNK...
     23.52      5000   -0.54041   -1.99352   -1.83411   -1.74333   -1.27869
     46.95     10000   -0.62699   -2.18206   -1.68718   -1.76112   -1.43494
     70.36     15000   -0.57206   -2.23675   -1.58562   -1.64138   -1.40672
     93.77     20000   -0.48160   -1.99647   -1.50141   -1.49171   -1.32094
    117.19     25000   -0.42571   -1.63219   -1.46637   -1.45360   -1.23351
    140.61     30000   -0.40198   -1.75016   -1.67003   -1.65344   -1.21850
    164.02     35000   -0.47290   -1.95935   -1.81723   -1.94426   -1.35932
    187.43     40000   -0.68900   -1.90923   -1.80862   -1.79402   -1.46707
    210.84     45000   -0.89995   -1.98297   -1.84198   -1.86633   -1.57018
    234.26     50000   -0.95667   -2.29974   -2.19478   -2.17649   -1.69520
    257.67     55000   -1.03353   -2.41712   -2.35594   -2.36386   -1.81506
    281.09     60000   -1.13592   -2.33030   -2.10527   -2.12995   -1.84089
    304.51     65000   -1.18186   -2.21210   -2.08244   -2.05970   -1.82545
    327.93     70000   -1.15359   -2.37088   -2.29888   -2.25121   -1.86443
    351.35     75000   -1.21005   -2.64436   -2.63935   -2.54422   -1.96457
    374.77     80000   -1.34465   -2.45986   -2.37520   -2.32904   -2.02806
    398.19     85000   -1.45631   -2.44051   -2.33324   -2.32130   -2.06384
    421.61     90000   -1.45555   -2.67548   -2.58014   -2.56911   -2.13731
    445.02     95000   -1.52577   -2.89737   -2.97482   -2.88004   -2.24595
    468.43    100000   -1.64596   -2.74482   -2.60072   -2.61106   -2.30435
 ITERATION...
    491.85      5000   -1.69824   -2.70328   -2.56074   -2.55557   -2.31270
    515.26     10000   -1.67947   -2.87994   -2.79217   -2.74475   -2.36084
    538.68     15000   -1.74209   -3.18076   -3.21841   -3.11529   -2.46021
    562.09     20000   -1.87038   -2.98165   -2.86103   -2.83729   -2.52767
    585.51     25000   -1.93340   -2.93793   -2.81822   -2.79550   -2.55245
    608.93     30000   -1.93824   -3.13708   -3.04740   -3.01753   -2.61250
    632.35     35000   -2.00327   -3.41660   -3.48899   -3.37348   -2.71463
    655.77     40000   -2.12896   -3.21369   -3.09373   -3.08567   -2.77985
    679.19     45000   -2.17330   -3.18133   -3.04503   -3.04023   -2.79637
    702.61     50000   -2.17141   -3.37102   -3.27254   -3.23879   -2.84833
    726.03     55000   -2.23510   -3.66374   -3.72179   -3.61331   -2.94744
    749.45     60000   -2.36260   -3.46850   -3.33927   -3.32996   -3.01520
    772.86     65000   -2.41264   -3.42779   -3.29774   -3.27966   -3.03679
    796.28     70000   -2.41867   -3.61826   -3.52811   -3.48889   -3.09307
    819.70     75000   -2.48281   -3.92328   -3.97156   -3.86022   -3.19341
    843.12     80000   -2.60959   -3.70197   -3.57987   -3.56523   -3.26019
    866.54     85000   -2.65356   -3.66222   -3.53150   -3.52070   -3.27922
    889.96     90000   -2.65706   -3.85434   -3.75635   -3.72571   -3.33280
    913.37     95000   -2.72068   -4.14966   -4.21191   -4.09780   -3.43188
    936.78    100000   -2.84774   -3.94738   -3.82136   -3.81381   -3.49940
    960.18      5000   -2.89443   -3.91012   -3.77760   -3.76470   -3.52003
    983.57     10000   -2.90011   -4.10033   -4.00854   -3.97003   -3.57513
   1006.97     15000   -2.96424   -4.40977   -4.45055   -4.34435   -3.67495
   1030.36     20000   -3.09122   -4.19011   -4.06182   -4.04900   -3.74220
   1053.76     25000   -3.13558   -4.14649   -4.01638   -4.00233   -3.76201
   1077.16     30000   -3.14072   -4.33659   -4.24218   -4.20871   -3.81622
   1100.55     35000   -3.20445   -4.64073   -4.69666   -4.58138   -3.91539
   1123.95     40000   -3.33133   -4.42928   -4.30514   -4.29488   -3.98269
   1147.35     45000   -3.37694   -4.39069   -4.25966   -4.24795   -4.00302
   1170.75     50000   -3.38245   -4.58125   -4.48948   -4.45378   -4.05776
   1194.14     55000   -3.44656   -4.88853   -4.93181   -4.82662   -4.15736
   1217.54     60000   -3.57372   -4.67387   -4.54335   -4.53309   -4.22475
   1240.95     65000   -3.61809   -4.63064   -4.49956   -4.48554   -4.24481
   1264.35     70000   -3.62370   -4.81933   -4.72728   -4.69144   -4.29927
   1287.74     75000   -3.68768   -5.12866   -5.17876   -5.06534   -4.39854
   1311.14     80000   -3.81447   -4.91366   -4.78830   -4.77650   -4.46573
   1334.55     85000   -3.85961   -4.87239   -4.74283   -4.73024   -4.48595
   1357.94     90000   -3.86524   -5.06242   -4.97189   -4.93721   -4.54061
   1381.34     95000   -3.92930   -5.36875   -5.41467   -5.30863   -4.64011
   1404.73    100000   -4.05654   -5.15580   -5.02579   -5.01618   -4.70750
   1428.14      5000   -4.10077   -5.11368   -4.98229   -4.96911   -4.72764
   1451.53     10000   -4.10658   -5.30217   -5.21117   -5.17489   -4.78220
   1474.92     15000   -4.17073   -5.61201   -5.66031   -5.54891   -4.88153
   1498.32     20000   -4.29750   -5.39774   -5.27066   -5.25901   -4.94868
   1521.72     25000   -4.34231   -5.35518   -5.22600   -5.21263   -4.96885
   1545.11     30000   -4.34813   -5.54446   -5.45522   -5.42011   -5.02353
   1568.50     35000   -4.41221   -5.85131   -5.89772   -5.79112   -5.12301
   1591.90     40000   -4.53946   -5.63799   -5.50878   -5.49871   -5.19032
   1615.30     45000   -4.58351   -5.59624   -5.46525   -5.45238   -5.21050
   1638.69     50000   -4.58948   -5.78497   -5.69456   -5.65864   -5.26512
   1662.10     55000   -4.65372   -6.09351   -6.14225   -6.03193   -5.36449
   1685.52     60000   -4.78053   -5.88069   -5.75282   -5.74175   -5.43160
   1708.94     65000   -4.82503   -5.83821   -5.70888   -5.69538   -5.45174
   1732.36     70000   -4.83103   -6.02718   -5.93866   -5.90297   -5.50646
   1755.77     75000   -4.89519   -6.33438   -6.38048   -6.27393   -5.60596
   1779.18     80000   -5.02240   -6.12069   -5.99176   -5.98126   -5.67319
   1802.60     85000   -5.06625   -6.07890   -5.94841   -5.93541   -5.69336
   1826.01     90000   -5.07241   -6.26787   -6.17797   -6.14228   -5.74805
   1849.41     95000   -5.13670   -6.57530   -6.62455   -6.51471   -5.84744
   1872.83    100000   -5.26355   -6.36304   -6.23516   -6.22435   -5.91450
   1896.25      5000   -5.30775   -6.32108   -6.19165   -6.17828   -5.93463
   1919.67     10000   -5.31393   -6.51019   -6.42193   -6.38602   -5.98941
   1943.08     15000   -5.37818   -6.81709   -6.86308   -6.75677   -6.08892
   1966.50     20000   -5.50535   -6.60348   -6.47456   -6.46398   -6.15606
   1989.92     25000   -5.54900   -6.56176   -6.43157   -6.41838   -6.17623
   2013.33     30000   -5.55534   -6.75094   -6.66149   -6.62573   -6.23099
   2036.75     35000   -5.61969   -7.05779   -7.10692   -6.99749   -6.33041
   2060.17     40000   -5.74656   -6.84536   -6.71765   -6.70684   -6.39739
   2083.59     45000   -5.79048   -6.80385   -6.67446   -6.66118   -6.41752
   2107.01     50000   -5.79684   -6.99328   -6.90510   -6.86919   -6.47236
   2130.43     55000   -5.86117   -7.29956   -7.34568   -7.23952   -6.57188
   2153.85     60000   -5.98832   -7.08613   -6.95728   -6.94675   -6.63894
   2177.26     65000   -6.03174   -7.04470   -6.91466   -6.90140   -6.65910
   2200.68     70000   -6.03827   -7.23415   -7.14501   -7.10912   -6.71393
   2224.09     75000   -6.10269   -7.54059   -7.58926   -7.48029   -6.81338
   2247.51     80000   -6.22956   -7.32782   -7.20018   -7.18933   -6.88029
   2270.93     85000   -6.27321   -7.28663   -7.15732   -7.14404   -6.90041
   2294.34     90000   -6.27976   -7.47640   -7.38828   -7.35239   -6.95531
   2317.75     95000   -6.34416   -7.78211   -7.82830   -7.72221   -7.05485
   2341.17    100000   -6.47128   -7.56870   -7.43998   -7.42949   -7.12182
   2364.59      5000   -6.51448   -7.52764   -7.39769   -7.38443   -7.14197
   2388.00     10000   -6.52120   -7.71741   -7.62848   -7.59250   -7.19687
   2411.42     15000   -6.58568   -8.02340   -8.07156   -7.96310   -7.29634
   2434.84     20000   -6.71256   -7.81038   -7.68270   -7.67186   -7.36318
   2458.26     25000   -6.75594   -7.76947   -7.64021   -7.62689   -7.38330
   2481.68     30000   -6.76269   -7.95956   -7.87150   -7.83557   -7.43826
   2505.10     35000   -6.82715   -8.26482   -8.31092   -8.20489   -7.53782
   2528.51     40000   -6.95425   -8.05127   -7.92270   -7.91219   -7.60470
   2551.90     45000   -6.99723   -8.01056   -7.88071   -7.86746   -7.62484
   2575.29     50000   -7.00413   -8.20067   -8.11191   -8.07589   -7.67981
   2598.68     55000   -7.06866   -8.50618   -8.55388   -8.44587   -7.77931
   2622.07     60000   -7.19556   -8.29296   -8.16522   -8.15441   -7.84607
   2645.47     65000   -7.23866   -8.25235   -8.12310   -8.10976   -7.86618
   2668.86     70000   -7.24561   -8.44275   -8.35475   -8.31875   -7.92122
   2692.28     75000   -7.31014   -8.74763   -8.79351   -8.68758   -8.02078
   2715.70     80000   -7.43722   -8.53389   -8.40540   -8.39487   -8.08758
   2739.12     85000   -7.47996   -8.49349   -8.36373   -8.35046   -8.10771
   2762.52     90000   -7.48705   -8.68393   -8.59532   -8.55926   -8.16275
   2785.90     95000   -7.55165   -8.98897   -9.03623   -8.92862   -8.26228
   2809.28    100000   -7.67855   -8.77554   -8.64775   -8.63698   -8.32896
   2832.67      5000   -7.72139   -8.73526   -8.60599   -8.59265   -8.34907
   2856.05     10000   -7.72854   -8.92595   -8.83801   -8.80195   -8.40417
   2879.47     15000   -7.79313   -9.23045   -9.27607   -9.17028   -8.50375
   2902.88     20000   -7.92019   -9.01654   -8.88809   -8.87755   -8.57046
   2926.30     25000   -7.96271   -8.97644   -8.84674   -8.83346   -8.59058
   2949.72     30000   -7.96998   -9.16719   -9.07873   -9.04262   -8.64570
MyID= 0: Time=  0.1,has convergenced
     1681925 iterations for the convertgence of psi
 MyID=           0 has finish
