 START-UP FOR CHUNK...
     23.47      5000   -0.66591   -2.04461   -2.34153   -2.64608   -1.29364
     46.88     10000   -0.92628   -2.11283   -2.51343   -2.65342   -1.54623
     70.29     15000   -1.04319   -2.19974   -2.42064   -2.51387   -1.68652
     93.70     20000   -1.08324   -2.68956   -2.28462   -2.31051   -1.77671
    117.11     25000   -1.04428   -2.59425   -2.10253   -2.09602   -1.77812
    140.52     30000   -0.93324   -2.32568   -1.86019   -1.87266   -1.66297
    163.93     35000   -0.77908   -2.08965   -1.63487   -1.64776   -1.47248
    187.33     40000   -0.62444   -1.78826   -1.46874   -1.46477   -1.27354
    210.74     45000   -0.48131   -1.57600   -1.45512   -1.43535   -1.14031
    234.15     50000   -0.43157   -1.73006   -1.71676   -1.76908   -1.15179
    257.56     55000   -0.51312   -1.83697   -1.66584   -1.62648   -1.24350
    280.97     60000   -0.71897   -1.79972   -1.64245   -1.61280   -1.35860
    304.38     65000   -0.78759   -2.03204   -1.94352   -1.92374   -1.50364
    327.78     70000   -0.86649   -2.20259   -2.13959   -2.14413   -1.57669
    351.19     75000   -0.87772   -2.02366   -1.81043   -1.79685   -1.53546
    374.60     80000   -0.82672   -1.91447   -1.79353   -1.77288   -1.49560
    398.01     85000   -0.80572   -2.07400   -2.10065   -2.12654   -1.53601
    421.42     90000   -0.88212   -2.17835   -2.03777   -2.01027   -1.59618
    444.83     95000   -1.01875   -2.06570   -1.92345   -1.90027   -1.64876
    468.25    100000   -1.04365   -2.22611   -2.14646   -2.13371   -1.74703
 ITERATION...
    491.66      5000   -1.11421   -2.46862   -2.48150   -2.48616   -1.82958
    515.07     10000   -1.16426   -2.31453   -2.13246   -2.11370   -1.82662
    538.48     15000   -1.15505   -2.23773   -2.11988   -2.10071   -1.82269
    561.88     20000   -1.15516   -2.41745   -2.44472   -2.46293   -1.88174
    585.29     25000   -1.22919   -2.52779   -2.39312   -2.37093   -1.93836
    608.70     30000   -1.34255   -2.38672   -2.24080   -2.21696   -1.96854
    632.11     35000   -1.34216   -2.49930   -2.42351   -2.40902   -2.04281
    655.52     40000   -1.40413   -2.75986   -2.80608   -2.81498   -2.12421
    678.93     45000   -1.46833   -2.62996   -2.45718   -2.43615   -2.13611
    702.34     50000   -1.48027   -2.55947   -2.43784   -2.41807   -2.14593
    725.76     55000   -1.48782   -2.73800   -2.75838   -2.76694   -2.21208
    749.20     60000   -1.55957   -2.87020   -2.74607   -2.72801   -2.26875
    772.64     65000   -1.66061   -2.71298   -2.56092   -2.53728   -2.28801
    796.08     70000   -1.65225   -2.79179   -2.71114   -2.69514   -2.34808
    819.52     75000   -1.70627   -3.05593   -3.12624   -3.14081   -2.42906
    842.96     80000   -1.77622   -2.95514   -2.78602   -2.76431   -2.44985
    866.40     85000   -1.80318   -2.87741   -2.74927   -2.72885   -2.46412
    889.84     90000   -1.81157   -3.04548   -3.04972   -3.05073   -2.53223
    913.29     95000   -1.88223   -3.20698   -3.10143   -3.08685   -2.59184
    936.73    100000   -1.97225   -3.03969   -2.88269   -2.85929   -2.60636
    960.17      5000   -1.96614   -3.09160   -3.00285   -2.98588   -2.65691
    983.61     10000   -2.01332   -3.35197   -3.43407   -3.45203   -2.73784
   1007.04     15000   -2.08444   -3.28467   -3.11924   -3.09742   -2.76540
   1030.49     20000   -2.12489   -3.19335   -3.05926   -3.03835   -2.78011
   1053.92     25000   -2.12975   -3.34636   -3.33260   -3.32840   -2.84741
   1077.36     30000   -2.19834   -3.53846   -3.45857   -3.44779   -2.91104
   1100.80     35000   -2.28297   -3.36668   -3.20624   -3.18294   -2.92421
   1124.24     40000   -2.28232   -3.39487   -3.29796   -3.28018   -2.96759
   1147.67     45000   -2.32224   -3.64662   -3.72736   -3.74524   -3.04828
   1171.11     50000   -2.39442   -3.61733   -3.45652   -3.43488   -3.08186
   1194.55     55000   -2.44752   -3.50950   -3.37027   -3.34888   -3.09548
   1217.99     60000   -2.44638   -3.64472   -3.61422   -3.60642   -3.16033
   1241.44     65000   -2.51261   -3.86440   -3.81608   -3.81020   -3.22808
   1264.87     70000   -2.59292   -3.69482   -3.53173   -3.50848   -3.24192
   1288.32     75000   -2.59859   -3.70070   -3.59606   -3.57753   -3.27937
   1311.76     80000   -2.63263   -3.93974   -4.00925   -4.02394   -3.35938
   1335.20     85000   -2.70623   -3.95207   -3.79751   -3.77644   -3.39875
   1358.64     90000   -2.76943   -3.82712   -3.68312   -3.66128   -3.41089
   1382.08     95000   -2.76314   -3.94303   -3.89752   -3.88700   -3.47230
   1405.52    100000   -2.82493   -4.18421   -4.17152   -4.17207   -3.54379
   1428.95      5000   -2.90280   -4.02444   -3.85932   -3.83610   -3.55964
   1452.39     10000   -2.91631   -4.00882   -3.89682   -3.87759   -3.59192
   1475.83     15000   -2.94419   -4.23217   -4.28454   -4.29437   -3.67067
   1499.26     20000   -3.01826   -4.28757   -4.14203   -4.12199   -3.71572
   1522.70     25000   -3.09327   -4.14655   -3.99806   -3.97584   -3.72660
   1546.14     30000   -3.08011   -4.24242   -4.18346   -4.17080   -3.78394
   1569.58     35000   -3.13768   -4.49761   -4.52103   -4.52924   -3.85857
   1593.02     40000   -3.21407   -4.35552   -4.18917   -4.16604   -3.87742
   1616.47     45000   -3.23505   -4.31893   -4.20002   -4.18014   -3.90505
   1639.91     50000   -3.25693   -4.52468   -4.55739   -4.56206   -3.98196
   1663.35     55000   -3.32932   -4.62266   -4.48997   -4.47148   -4.03257
   1686.80     60000   -3.41732   -4.46776   -4.31514   -4.29263   -4.04269
   1710.24     65000   -3.39658   -4.54330   -4.47229   -4.45791   -4.09556
   1733.67     70000   -3.44954   -4.80497   -4.85944   -4.87516   -4.17262
   1757.11     75000   -3.52426   -4.68798   -4.52143   -4.49849   -4.19524
   1780.56     80000   -3.55338   -4.63083   -4.50550   -4.48506   -4.21870
   1804.00     85000   -3.57043   -4.81775   -4.83057   -4.83058   -4.29316
   1827.43     90000   -3.64195   -4.95618   -4.84113   -4.82484   -4.34913
   1850.88     95000   -3.72963   -4.79071   -4.63440   -4.61165   -4.35914
   1874.32    100000   -3.71422   -4.84579   -4.76399   -4.74821   -4.40732
   1897.76      5000   -3.76125   -5.10713   -5.18191   -5.20271   -4.48606
   1921.20     10000   -3.83583   -5.02174   -4.85629   -4.83364   -4.51307
   1944.63     15000   -3.87410   -4.94444   -4.81319   -4.79224   -4.53281
   1968.07     20000   -3.88578   -5.11174   -5.10570   -5.10178   -4.60428
   1991.51     25000   -3.95482   -5.28696   -5.19504   -5.18186   -4.66531
   2014.95     30000   -4.03812   -5.11541   -4.95586   -4.93293   -4.67593
   2038.39     35000   -4.03176   -5.14996   -5.05845   -5.04150   -4.71933
   2061.83     40000   -4.07304   -5.40520   -5.48659   -5.50827   -4.79895
   2085.27     45000   -4.14591   -5.35666   -5.19391   -5.17170   -4.83084
   2108.71     50000   -4.19541   -5.25975   -5.12304   -5.10165   -4.84739
   2132.14     55000   -4.19933   -5.40696   -5.38361   -5.37646   -4.91537
   2155.58     60000   -4.26719   -5.61375   -5.55072   -5.54183   -4.98104
   2179.02     65000   -4.34869   -5.44186   -5.27956   -5.25651   -4.99304
   2202.46     70000   -4.34916   -5.45583   -5.35555   -5.33762   -5.03165
   2225.91     75000   -4.38489   -5.70042   -5.77592   -5.79450   -5.11137
   2249.35     80000   -4.45839   -5.69241   -5.53445   -5.51289   -5.14849
   2272.78     85000   -4.51742   -5.57678   -5.43501   -5.41323   -5.16242
   2296.22     90000   -4.51494   -5.70361   -5.66463   -5.65484   -5.22648
   2319.66     95000   -4.57931   -5.93544   -5.90626   -5.90313   -5.29625
   2343.10    100000   -4.65711   -5.77005   -5.60557   -5.58245   -5.31040
   2366.54      5000   -4.66605   -5.76344   -5.65518   -5.63640   -5.34433
   2389.98     10000   -4.69690   -5.99395   -6.05503   -6.06834   -5.42339
   2413.42     15000   -4.77040   -6.02853   -5.87806   -5.85742   -5.46594
   2436.86     20000   -4.84053   -5.89552   -5.74910   -5.72697   -5.47788
   2460.30     25000   -4.83163   -6.00183   -5.94882   -5.93688   -5.53769
   2483.74     30000   -4.89102   -6.25133   -6.25837   -6.26245   -5.61093
   2507.17     35000   -4.96798   -6.09993   -5.93395   -5.91085   -5.62797
   2530.60     40000   -4.98537   -6.07278   -5.95721   -5.93771   -5.65740
   2554.04     45000   -5.00900   -6.28680   -6.32913   -6.33673   -5.73507
   2577.47     50000   -5.08270   -6.36435   -6.22482   -6.20551   -5.78312
   2600.90     55000   -5.16484   -6.21599   -6.06529   -6.04286   -5.79377
   2624.34     60000   -5.14745   -6.30171   -6.23613   -6.22241   -5.84904
   2647.77     65000   -5.20270   -6.56124   -6.60225   -6.61420   -5.92507
   2671.21     70000   -5.27808   -6.43142   -6.26482   -6.24182   -5.94567
   2694.64     75000   -5.30311   -6.38383   -6.26157   -6.24143   -5.97089
   2718.08     80000   -5.32254   -6.57972   -6.60206   -6.60445   -6.04649
   2741.51     85000   -5.39429   -6.69899   -6.57472   -6.55730   -6.09997
   2764.95     90000   -5.48253   -6.53818   -6.38360   -6.36093   -6.11005
   2788.38     95000   -5.46501   -6.60330   -6.52644   -6.51124   -6.16061
   2811.81    100000   -5.51477   -6.86565   -6.93251   -6.95109   -6.23867
   2835.25      5000   -5.58917   -6.76442   -6.59829   -6.57550   -6.26345
   2858.68     10000   -5.62276   -6.69660   -6.56817   -6.54748   -6.28482
   2882.12     15000   -5.63701   -6.87330   -6.87617   -6.87416   -6.35774
   2905.55     20000   -5.70812   -7.03137   -6.92755   -6.91276   -6.41641
   2928.98     25000   -5.79260   -6.86211   -6.70406   -6.68120   -6.42669
   2952.42     30000   -5.78195   -6.90661   -6.81959   -6.80315   -6.47244
   2975.85     35000   -5.82672   -7.16546   -7.24549   -7.26716   -6.55175
   2999.27     40000   -5.89967   -7.09874   -6.93449   -6.91205   -6.58122
   3022.67     45000   -5.94374   -7.01109   -6.87696   -6.85579   -6.59920
   3046.08     50000   -5.95135   -7.16792   -7.15270   -7.14707   -6.66888
   3069.49     55000   -6.02024   -7.36029   -7.28264   -7.27154   -6.73239
   3092.89     60000   -6.10236   -7.18777   -7.02672   -7.00371   -6.74366
   3116.30     65000   -6.09961   -7.21165   -7.11546   -7.09796   -6.78458
   3139.70     70000   -6.13811   -7.46187   -7.54156   -7.56194   -6.86436
   3163.11     75000   -6.21099   -7.43410   -7.27357   -7.25166   -6.89892
   3186.52     80000   -6.26609   -7.32728   -7.18790   -7.16630   -6.91402
   3209.93     85000   -6.26618   -7.46388   -7.43220   -7.42364   -6.97999
   3233.34     90000   -6.33259   -7.68457   -7.63861   -7.63255   -7.04787
   3256.74     95000   -6.41162   -7.51516   -7.35164   -7.32854   -7.06090
   3280.15    100000   -6.41652   -7.51843   -7.41390   -7.39550   -7.09707
   3303.56      5000   -6.44972   -7.75606   -7.82484   -7.84078   -7.17655
   3326.97     10000   -6.52355   -7.77009   -7.61566   -7.59453   -7.21647
   3350.38     15000   -6.58799   -7.64520   -7.50096   -7.47899   -7.22928
   3373.78     20000   -6.58218   -7.76134   -7.71487   -7.70393   -7.29115
   3397.19     25000   -6.64396   -8.00331   -7.99291   -7.99339   -7.36282
   3420.59     30000   -6.72133   -7.84424   -7.67888   -7.65576   -7.37838
   3444.00     35000   -6.73467   -7.82694   -7.71479   -7.69562   -7.40995
   3467.40     40000   -6.76187   -8.04912   -8.10075   -8.11105   -7.48837
   3490.81     45000   -6.83610   -8.10614   -7.96088   -7.94088   -7.53379
   3514.23     50000   -6.91190   -7.96483   -7.81613   -7.79385   -7.54496
   3537.66     55000   -6.89875   -8.06042   -8.00070   -7.98780   -7.60243
   3561.09     60000   -6.95622   -8.31608   -8.34143   -8.34963   -7.67722
   3584.52     65000   -7.03235   -8.17498   -8.00856   -7.98549   -7.69603
   3607.95     70000   -7.05342   -8.13718   -8.01805   -7.99820   -7.72324
   3631.37     75000   -7.07500   -8.34192   -8.37386   -8.37865   -7.79991
   3654.81     80000   -7.14730   -8.44146   -8.30929   -8.29088   -7.85080
   3678.23     85000   -7.23574   -8.28619   -8.13342   -8.11086   -7.86106
   3701.66     90000   -7.21515   -8.36119   -8.28959   -8.27507   -7.91389
   3725.09     95000   -7.26798   -8.62303   -8.67886   -8.69458   -7.99107
   3748.52    100000   -7.34256   -8.50728   -8.34077   -8.31786   -8.01378
   3771.95      5000   -7.37190   -8.44913   -8.32359   -8.30315   -8.03695
   3795.38     10000   -7.38864   -8.63513   -8.64720   -8.64719   -8.11123
   3818.81     15000   -7.46014   -8.77507   -8.66076   -8.64459   -8.16744
   3842.24     20000   -7.54765   -8.60929   -8.45285   -8.43007   -8.17753
   3865.67     25000   -7.53267   -8.66367   -8.58139   -8.56552   -8.22559
   3889.04     30000   -7.57955   -8.92491   -9.00037   -9.02111   -8.30440
   3912.22     35000   -7.65396   -8.84100   -8.67564   -8.65301   -8.33157
   3935.24     40000   -7.69265   -8.76279   -8.63134   -8.61038   -8.35111
   3958.35     45000   -7.70396   -8.92921   -8.92246   -8.91847   -8.42241
   3981.10     50000   -7.77299   -9.10580   -9.01488   -9.00186   -8.48365
   4003.95     55000   -7.85624   -8.93411   -8.77445   -8.75150   -8.49434
   4026.89     60000   -7.85028   -8.96788   -8.87597   -8.85896   -8.53758
   4048.97     65000   -7.89127   -9.22280   -9.30422   -9.32573   -8.61723
   4070.70     70000   -7.96412   -9.17590   -9.01332   -8.99113   -8.64931
MyID= 0: Time=  0.1,has convergenced
     1685042 iterations for the convertgence of psi
 MyID=           0 has finish
