 START-UP FOR CHUNK...
     23.60      5000   -0.59248   -2.02628   -2.02412   -1.96113   -1.28791
     47.00     10000   -0.74155   -2.14509   -1.90071   -1.96624   -1.49713
     70.40     15000   -0.72865   -2.27196   -1.78678   -1.82891   -1.52590
     93.80     20000   -0.64041   -2.28827   -1.64060   -1.64433   -1.44767
    117.19     25000   -0.53123   -1.82423   -1.50570   -1.49372   -1.32474
    140.59     30000   -0.45963   -1.60026   -1.46623   -1.46783   -1.21679
    163.99     35000   -0.43181   -1.80958   -1.74369   -1.71185   -1.22471
    187.38     40000   -0.53452   -1.92613   -1.88242   -1.99641   -1.34228
    210.78     45000   -0.69659   -1.85260   -1.73223   -1.72746   -1.41928
    234.17     50000   -0.84979   -1.99251   -1.87647   -1.84309   -1.53389
    257.57     55000   -0.94049   -2.27962   -2.35855   -2.30068   -1.66409
    280.96     60000   -1.02040   -2.29810   -2.16539   -2.16876   -1.72752
    304.35     65000   -1.05201   -2.09662   -1.95189   -1.93556   -1.69816
    327.74     70000   -1.02002   -2.10977   -2.02313   -1.99256   -1.69208
    351.14     75000   -1.03665   -2.34650   -2.46143   -2.38917   -1.75825
    374.53     80000   -1.13185   -2.32528   -2.26808   -2.23987   -1.82408
    397.92     85000   -1.24133   -2.26005   -2.13547   -2.11884   -1.85817
    421.31     90000   -1.25933   -2.42383   -2.34442   -2.31385   -1.93183
    444.71     95000   -1.32183   -2.66872   -2.84132   -2.79138   -2.03065
    468.11    100000   -1.40374   -2.53036   -2.39655   -2.38901   -2.06651
 ITERATION...
    491.51      5000   -1.42784   -2.46670   -2.34062   -2.31805   -2.06432
    514.91     10000   -1.42309   -2.63597   -2.60371   -2.55807   -2.11524
    538.31     15000   -1.48932   -2.81297   -2.87611   -2.84876   -2.19946
    561.70     20000   -1.58864   -2.65921   -2.53737   -2.51740   -2.23547
    585.10     25000   -1.61240   -2.70075   -2.58249   -2.55837   -2.27114
    608.49     30000   -1.65057   -2.95380   -2.99986   -2.94653   -2.35633
    631.89     35000   -1.73845   -2.97651   -2.92082   -2.90940   -2.42975
    655.29     40000   -1.81427   -2.84493   -2.71078   -2.69495   -2.44078
    678.70     45000   -1.79994   -2.92929   -2.83269   -2.80339   -2.47331
    702.10     50000   -1.84122   -3.19453   -3.34806   -3.27898   -2.55765
    725.50     55000   -1.93806   -3.10114   -3.00194   -2.98790   -2.61567
    748.91     60000   -2.00724   -3.03728   -2.90827   -2.88682   -2.63421
    772.31     65000   -2.00911   -3.20361   -3.13736   -3.10165   -2.69426
    795.71     70000   -2.07187   -3.42486   -3.53443   -3.49496   -2.78364
    819.11     75000   -2.16180   -3.25536   -3.13273   -3.11765   -2.81856
    842.52     80000   -2.18237   -3.24948   -3.12874   -3.10582   -2.83571
    865.93     85000   -2.20344   -3.46995   -3.46770   -3.42281   -2.90579
    889.32     90000   -2.28469   -3.56798   -3.55331   -3.53747   -2.98620
    912.73     95000   -2.37440   -3.41898   -3.28931   -3.27227   -3.00932
    936.12    100000   -2.37581   -3.48552   -3.37853   -3.35155   -3.04369
    959.51      5000   -2.41617   -3.75465   -3.86068   -3.79601   -3.12871
    982.91     10000   -2.50867   -3.70684   -3.61947   -3.60642   -3.19288
   1006.31     15000   -2.59156   -3.60693   -3.47693   -3.45720   -3.20628
   1029.71     20000   -2.57401   -3.73613   -3.65621   -3.62412   -3.25399
   1053.12     25000   -2.62670   -3.99132   -4.14645   -4.09259   -3.34261
   1076.53     30000   -2.72209   -3.84392   -3.72803   -3.71342   -3.38805
   1099.93     35000   -2.76217   -3.81241   -3.68725   -3.66524   -3.40544
   1123.32     40000   -2.77669   -4.00928   -3.97607   -3.93577   -3.47155
   1146.72     45000   -2.84981   -4.16961   -4.20057   -4.17963   -3.55654
   1170.11     50000   -2.93838   -4.00408   -3.87521   -3.85906   -3.58354
   1193.51     55000   -2.94637   -4.03751   -3.92403   -3.89858   -3.60958
   1216.90     60000   -2.97873   -4.28884   -4.34368   -4.28884   -3.68889
   1240.29     65000   -3.06941   -4.30511   -4.24073   -4.22744   -3.76110
   1263.69     70000   -3.15544   -4.18117   -4.04948   -4.03082   -3.77787
   1287.09     75000   -3.14428   -4.28268   -4.18888   -4.15917   -3.81968
   1310.50     80000   -3.19147   -4.55234   -4.71304   -4.64595   -3.90765
   1333.90     85000   -3.28622   -4.44050   -4.33330   -4.31971   -3.96109
   1357.31     90000   -3.34416   -4.37889   -4.25026   -4.22935   -3.97555
   1380.71     95000   -3.34541   -4.54636   -4.48917   -4.45289   -4.03382
   1404.12    100000   -3.41013   -4.75662   -4.84689   -4.81569   -4.12162
   1427.52      5000   -3.50145   -4.59001   -4.46441   -4.44906   -4.15613
   1450.93     10000   -3.52187   -4.59548   -4.47526   -4.45131   -4.17772
   1474.33     15000   -3.54821   -4.82537   -4.83557   -4.78754   -4.25185
   1497.73     20000   -3.63155   -4.90554   -4.87455   -4.85971   -4.33044
   1521.13     25000   -3.71777   -4.75950   -4.62794   -4.61041   -4.35052
   1544.52     30000   -3.71565   -4.83170   -4.72749   -4.69988   -4.38506
   1567.92     35000   -3.75684   -5.10053   -5.22262   -5.15757   -4.47020
   1591.31     40000   -3.84979   -5.03736   -4.94440   -4.93138   -4.53221
   1614.71     45000   -3.92838   -4.94817   -4.81721   -4.79737   -4.54658
   1638.12     50000   -3.91587   -5.08748   -5.01118   -4.97808   -4.59771
   1661.53     55000   -3.97202   -5.33398   -5.47965   -5.43004   -4.68668
   1684.95     60000   -4.06570   -5.18003   -5.06055   -5.04604   -4.72903
   1708.36     65000   -4.09975   -5.15652   -5.03186   -5.00931   -4.74658
   1731.77     70000   -4.11661   -5.36086   -5.33632   -5.29433   -4.81422
   1755.19     75000   -4.19270   -5.50235   -5.51644   -5.49780   -4.89790
   1778.60     80000   -4.28084   -5.34058   -5.21063   -5.19409   -4.92335
   1802.00     85000   -4.28702   -5.38409   -5.27172   -5.24586   -4.95171
   1825.39     90000   -4.32173   -5.64114   -5.71104   -5.65319   -5.03282
   1848.79     95000   -4.41389   -5.63697   -5.56502   -5.55192   -5.10266
   1872.20    100000   -4.49791   -5.52108   -5.38928   -5.37048   -5.11834
   1895.60      5000   -4.48523   -5.63146   -5.54108   -5.51067   -5.16210
   1919.00     10000   -4.53446   -5.89790   -6.06228   -5.99796   -5.25047
   1942.41     15000   -4.62913   -5.77315   -5.66245   -5.64870   -5.30135
   1965.83     20000   -4.68089   -5.72089   -5.59288   -5.57155   -5.31646
   1989.23     25000   -4.68637   -5.89771   -5.84671   -5.80918   -5.37716
   2012.63     30000   -4.75390   -6.09333   -6.16515   -6.13739   -5.46426
   2036.03     35000   -4.84474   -5.92565   -5.79901   -5.78337   -5.49635
   2059.42     40000   -4.86072   -5.94017   -5.82166   -5.79735   -5.51927
   2082.81     45000   -4.88896   -6.17736   -6.20016   -6.15023   -5.59515
   2106.20     50000   -4.97548   -6.23702   -6.19453   -6.18050   -5.67188
   2129.59     55000   -5.06066   -6.09751   -5.96574   -5.94794   -5.69071
   2152.98     60000   -5.05629   -6.17893   -6.07753   -6.04929   -5.72743
   2176.38     65000   -5.09875   -6.44951   -6.58618   -6.51927   -5.81360
   2199.78     70000   -5.19322   -6.36969   -6.27192   -6.25871   -5.87299
   2223.20     75000   -5.26476   -6.28904   -6.15878   -6.13859   -5.88722
   2246.62     80000   -5.25659   -6.43731   -6.36633   -6.33235   -5.94060
   2270.04     85000   -5.31523   -6.67410   -6.80477   -6.76139   -6.02940
   2293.46     90000   -5.40897   -6.51431   -6.39278   -6.37801   -6.06923
   2316.89     95000   -5.43784   -6.49987   -6.37649   -6.35355   -6.08787
   2340.29    100000   -5.45773   -6.71248   -6.69770   -6.65402   -6.15759
   2363.69      5000   -5.53695   -6.83545   -6.83431   -6.81721   -6.23986
   2387.09     10000   -5.62411   -6.67773   -6.54723   -6.53039   -6.26348
   2410.48     15000   -5.62745   -6.73019   -6.62021   -6.59384   -6.29369
   2433.87     20000   -5.66422   -6.99197   -7.07811   -7.01784   -6.37620
   2457.26     25000   -5.75698   -6.96860   -6.88933   -6.87632   -6.44370
   2480.66     30000   -5.84076   -6.86076   -6.72916   -6.71004   -6.45877
   2504.05     35000   -5.82687   -6.98014   -6.89378   -6.86260   -6.50480
   2527.45     40000   -5.87732   -7.24216   -7.40615   -7.34522   -6.59353
   2550.85     45000   -5.97275   -7.10660   -6.99289   -6.97891   -6.64173
   2574.25     50000   -6.01818   -7.06327   -6.93623   -6.91455   -6.65744
   2597.65     55000   -6.02759   -7.24878   -7.20528   -7.16651   -6.72035
   2621.04     60000   -6.09792   -7.42874   -7.48161   -7.45745   -6.80657
   2644.44     65000   -6.18842   -7.26159   -7.13374   -7.11783   -6.83646
   2667.84     70000   -6.20008   -7.28511   -7.16837   -7.14360   -6.86096
   2691.23     75000   -6.23034   -7.52910   -7.56556   -7.51330   -6.93858
   2714.63     80000   -6.31868   -7.56876   -7.51606   -7.50245   -7.01330
   2738.03     85000   -6.40406   -7.43615   -7.30428   -7.28617   -7.03096
   2761.43     90000   -6.39671   -7.52658   -7.42833   -7.39947   -7.06983
   2784.83     95000   -6.44105   -7.79741   -7.94666   -7.87919   -7.15685
   2808.23    100000   -6.53621   -7.70216   -7.59986   -7.58652   -7.21362
   2831.62      5000   -6.60118   -7.63026   -7.50060   -7.48006   -7.22794
   2855.02     10000   -6.59783   -7.78745   -7.72212   -7.68712   -7.28361
   2878.42     15000   -6.65896   -8.01307   -8.12668   -8.08878   -7.37207
   2901.82     20000   -6.75168   -7.84917   -7.72582   -7.71079   -7.40941
   2925.22     25000   -6.77645   -7.84372   -7.72173   -7.69838   -7.42924
   2948.61     30000   -6.79930   -8.06433   -8.06020   -8.01475   -7.50096
   2972.01     35000   -6.88023   -8.16802   -8.15264   -8.13682   -7.58167
   2995.41     40000   -6.96787   -8.01519   -7.88416   -7.86703   -7.60364
   3018.81     45000   -6.96799   -8.07666   -7.96912   -7.94220   -7.63579
   3042.20     50000   -7.00679   -8.34231   -8.44481   -8.38207   -7.71958
   3065.61     55000   -7.09977   -8.30046   -8.21472   -8.20171   -7.78463
   3089.01     60000   -7.18407   -8.20088   -8.06960   -8.05015   -7.79926
   3112.41     65000   -7.16809   -8.32926   -8.24726   -8.21528   -7.84756
   3135.81     70000   -7.22064   -8.58524   -8.74361   -8.68751   -7.93650
   3159.20     75000   -7.31568   -8.44035   -8.32387   -8.30966   -7.98206
   3182.60     80000   -7.35599   -8.40597   -8.27995   -8.25789   -7.99852
   3205.99     85000   -7.36930   -8.60008   -8.56467   -8.52451   -8.06360
   3229.39     90000   -7.44162   -8.76333   -8.79819   -8.77682   -8.14877
   3252.79     95000   -7.53088   -8.59793   -8.46909   -8.45290   -8.17658
   3276.18    100000   -7.53992   -8.63045   -8.51564   -8.49039   -8.20275
   3299.57      5000   -7.57218   -8.88070   -8.93178   -8.87712   -8.28200
   3322.97     10000   -7.66238   -8.90042   -8.83843   -8.82513   -8.35459
   3346.36     15000   -7.74794   -8.77513   -8.64323   -8.62481   -8.37127
   3369.75     20000   -7.73727   -8.87455   -8.77968   -8.75015   -8.41232
   3393.15     25000   -7.78384   -9.14430   -9.30298   -9.23600   -8.50004
   3416.55     30000   -7.87875   -9.03494   -8.92864   -8.91512   -8.55416
   3439.92     35000   -7.93814   -8.97185   -8.84290   -8.82202   -8.56874
   3463.29     40000   -7.93888   -9.13792   -9.07875   -9.04268   -8.62669
MyID= 0: Time=  0.1,has convergenced
     1685885 iterations for the convertgence of psi
 MyID=           0 has finish
