 START-UP FOR CHUNK...
     23.60      5000   -0.62111   -2.03833   -2.15103   -2.14125   -1.28960
     47.28     10000   -0.81325   -2.13022   -2.07092   -2.14249   -1.52267
     70.96     15000   -0.84055   -2.22729   -1.96280   -1.99849   -1.60070
     94.64     20000   -0.78103   -2.46501   -1.80514   -1.80294   -1.56369
    118.33     25000   -0.66242   -2.03760   -1.61843   -1.61587   -1.43867
    142.01     30000   -0.54772   -1.73517   -1.47728   -1.47813   -1.29205
    165.69     35000   -0.45724   -1.61697   -1.49558   -1.48572   -1.19017
    189.37     40000   -0.46680   -1.81324   -1.83000   -1.86855   -1.22989
    213.06     45000   -0.58316   -1.90353   -1.81371   -1.80503   -1.32830
    236.74     50000   -0.74479   -1.82799   -1.70291   -1.68997   -1.41244
    260.42     55000   -0.85419   -2.03319   -1.95355   -1.91092   -1.54166
    284.10     60000   -0.93406   -2.30609   -2.40383   -2.44198   -1.65149
    307.79     65000   -0.98663   -2.15380   -1.98221   -1.96842   -1.65676
    331.47     70000   -0.98606   -2.00991   -1.88553   -1.85764   -1.61755
    355.16     75000   -0.94429   -2.11652   -2.09380   -2.05879   -1.64020
    378.84     80000   -0.99260   -2.31009   -2.39354   -2.37308   -1.71156
    402.52     85000   -1.09559   -2.18710   -2.06442   -2.04282   -1.75202
    426.21     90000   -1.15089   -2.23871   -2.12323   -2.10594   -1.81081
    449.89     95000   -1.20069   -2.48041   -2.56672   -2.53507   -1.90930
    473.57    100000   -1.27775   -2.52060   -2.41952   -2.41817   -1.96646
 ITERATION...
    497.26      5000   -1.33188   -2.37649   -2.23004   -2.21049   -1.95887
    520.94     10000   -1.30284   -2.43821   -2.36698   -2.33520   -1.98604
    544.63     15000   -1.34273   -2.68891   -2.82796   -2.82534   -2.06414
    568.31     20000   -1.43378   -2.58812   -2.46485   -2.44127   -2.10910
    591.99     25000   -1.49193   -2.55543   -2.42707   -2.40343   -2.14053
    615.67     30000   -1.51553   -2.75179   -2.73368   -2.70882   -2.22009
    639.36     35000   -1.59092   -2.89066   -2.88556   -2.87429   -2.29544
    663.04     40000   -1.66209   -2.73612   -2.59238   -2.57501   -2.30579
    686.73     45000   -1.65816   -2.76469   -2.66194   -2.63815   -2.33058
    710.41     50000   -1.68819   -3.00308   -3.11313   -3.09180   -2.40860
    734.09     55000   -1.77378   -2.98504   -2.87898   -2.86333   -2.46364
    757.78     60000   -1.85329   -2.89285   -2.75800   -2.73496   -2.48250
    781.46     65000   -1.85215   -3.03200   -2.96987   -2.94256   -2.54450
    805.14     70000   -1.91379   -3.26076   -3.35403   -3.34210   -2.62834
    828.83     75000   -1.99326   -3.10764   -2.97153   -2.95212   -2.65364
    852.51     80000   -2.01251   -3.09082   -2.97263   -2.94946   -2.67265
    876.19     85000   -2.03196   -3.29946   -3.32984   -3.30624   -2.74560
    899.87     90000   -2.11287   -3.38189   -3.32151   -3.30856   -2.81303
    923.56     95000   -2.19900   -3.24586   -3.10700   -3.08614   -2.82934
    947.24    100000   -2.19497   -3.32665   -3.23755   -3.21235   -2.87521
    970.92      5000   -2.24122   -3.58384   -3.73034   -3.71195   -2.96083
    994.61     10000   -2.32430   -3.49367   -3.36847   -3.35119   -3.00191
   1018.29     15000   -2.37123   -3.42638   -3.29734   -3.27424   -3.01564
   1041.98     20000   -2.37700   -3.58930   -3.56067   -3.53473   -3.07926
   1065.66     25000   -2.44656   -3.77098   -3.79030   -3.78189   -3.15714
   1089.34     30000   -2.53026   -3.61356   -3.47404   -3.45369   -3.17866
   1113.02     35000   -2.54140   -3.63901   -3.52981   -3.50569   -3.21053
   1136.71     40000   -2.57396   -3.87792   -3.96350   -3.93806   -3.29214
   1160.39     45000   -2.65724   -3.88659   -3.78981   -3.77501   -3.34910
   1184.07     50000   -2.73920   -3.77349   -3.63638   -3.61467   -3.36098
   1207.76     55000   -2.72364   -3.88502   -3.81635   -3.79058   -3.41256
   1231.44     60000   -2.77876   -4.12683   -4.24817   -4.24192   -3.49628
   1255.12     65000   -2.86152   -3.99325   -3.85879   -3.84002   -3.52883
   1278.81     70000   -2.89357   -3.96489   -3.84152   -3.81794   -3.54978
   1302.49     75000   -2.91236   -4.16360   -4.17238   -4.14537   -3.62284
   1326.17     80000   -2.99081   -4.27977   -4.23993   -4.22801   -3.69363
   1349.86     85000   -3.07281   -4.13173   -3.99137   -3.97064   -3.70870
   1373.54     90000   -3.07101   -4.19132   -4.09542   -4.07068   -3.74744
   1397.22     95000   -3.11083   -4.44384   -4.57833   -4.56032   -3.83132
   1420.90    100000   -3.19615   -4.38243   -4.26440   -4.24779   -3.87831
   1444.59      5000   -3.25467   -4.30271   -4.16981   -4.14729   -3.89260
   1468.27     10000   -3.25570   -4.45168   -4.40719   -4.38064   -3.95398
   1491.96     15000   -3.32188   -4.65703   -4.71251   -4.70437   -4.03443
   1515.64     20000   -3.40309   -4.50187   -4.36319   -4.34357   -4.05807
   1539.32     25000   -3.42018   -4.50886   -4.39486   -4.37091   -4.08497
   1563.01     30000   -3.44851   -4.73603   -4.79495   -4.76962   -4.16367
   1586.69     35000   -3.52973   -4.77792   -4.69539   -4.68135   -4.22559
   1610.37     40000   -3.61484   -4.65257   -4.51408   -4.49257   -4.23855
   1634.06     45000   -3.60260   -4.74900   -4.66977   -4.64426   -4.28672
   1657.74     50000   -3.65268   -4.99952   -5.14183   -5.13045   -4.37129
   1681.42     55000   -3.73539   -4.88387   -4.75383   -4.73576   -4.40789
   1705.11     60000   -3.77477   -4.83838   -4.71196   -4.68887   -4.42570
   1728.79     65000   -3.78806   -5.02138   -5.01114   -4.98460   -4.49495
   1752.47     70000   -3.86257   -5.16921   -5.15490   -5.14469   -4.56941
   1776.16     75000   -3.94430   -5.01479   -4.87450   -4.85402   -4.58692
   1799.84     80000   -3.94899   -5.05811   -4.95564   -4.93104   -4.62199
   1823.52     85000   -3.98534   -5.30613   -5.42007   -5.39768   -4.70490
   1847.21     90000   -4.06898   -5.27573   -5.16677   -5.15074   -4.75664
   1870.89     95000   -4.13907   -5.18013   -5.04534   -5.02316   -4.76967
   1894.57    100000   -4.13328   -5.31215   -5.25535   -5.22933   -4.82674
   1918.26      5000   -4.19387   -5.53730   -5.62647   -5.61941   -4.90913
   1941.94     10000   -4.27646   -5.38919   -5.25220   -5.23303   -4.93663
   1965.63     15000   -4.29970   -5.37948   -5.26096   -5.23724   -4.96039
   1989.31     20000   -4.32294   -5.59394   -5.62825   -5.60181   -5.03654
   2012.99     25000   -4.40392   -5.67139   -5.60651   -5.59346   -5.10282
   2036.68     30000   -4.48672   -5.53404   -5.39459   -5.37338   -5.11650
   2060.36     35000   -4.47951   -5.61335   -5.52586   -5.50069   -5.16031
   2084.04     40000   -4.52504   -5.86758   -6.01391   -5.99951   -5.24495
   2107.73     45000   -4.60922   -5.77487   -5.64965   -5.63216   -5.28631
   2131.41     50000   -4.65668   -5.71303   -5.58342   -5.56060   -5.30212
   2155.10     55000   -4.66522   -5.88017   -5.85278   -5.82622   -5.36775
   2178.78     60000   -4.73551   -6.05726   -6.07383   -6.06482   -5.44531
   2202.46     65000   -4.81765   -5.90013   -5.76023   -5.74015   -5.46543
   2226.15     70000   -4.82697   -5.92642   -5.81821   -5.79391   -5.49658
   2249.83     75000   -4.85927   -6.16608   -6.25469   -6.23045   -5.57782
   2273.51     80000   -4.94278   -6.16896   -6.07072   -6.05555   -5.63442
   2297.20     85000   -5.02409   -6.05868   -5.92192   -5.90003   -5.64706
   2320.88     90000   -5.01038   -6.17400   -6.10592   -6.08012   -5.69995
   2344.56     95000   -5.06658   -6.41402   -6.53376   -6.52568   -5.78370
   2368.25    100000   -5.14889   -6.27819   -6.14385   -6.12517   -5.81529
   2391.93      5000   -5.17928   -6.25165   -6.12914   -6.10572   -5.83605
   2415.62     10000   -5.19830   -6.45189   -6.46387   -6.43727   -5.90918
   2439.30     15000   -5.27733   -6.56342   -6.51982   -6.50803   -5.97953
   2462.98     20000   -5.35985   -6.41648   -6.27634   -6.25547   -5.99466
   2486.67     25000   -5.35723   -6.47889   -6.38389   -6.35897   -6.03430
   2510.35     30000   -5.39800   -6.73243   -6.86922   -6.85066   -6.11843
   2534.03     35000   -5.48297   -6.66700   -6.54832   -6.53147   -6.16463
   2557.71     40000   -5.54011   -6.58903   -6.45677   -6.43424   -6.17885
   2581.40     45000   -5.54168   -6.73988   -6.69760   -6.67128   -6.24057
   2605.09     50000   -5.60832   -6.94209   -6.99237   -6.98456   -6.32072
   2628.77     55000   -5.68986   -6.78645   -6.64752   -6.62785   -6.34403
   2652.45     60000   -5.70606   -6.79584   -6.68247   -6.65844   -6.37154
   2676.13     65000   -5.73496   -7.02473   -7.08715   -7.06153   -6.45064
   2699.81     70000   -5.81663   -7.06241   -6.97790   -6.96366   -6.51192
   2723.48     75000   -5.90190   -6.93854   -6.80030   -6.77872   -6.52471
   2747.16     80000   -5.88878   -7.03702   -6.95917   -6.93366   -6.57335
   2770.84     85000   -5.93947   -7.28657   -7.42674   -7.41640   -6.65785
   2794.52     90000   -6.02198   -7.16818   -7.03743   -7.01927   -6.69389
   2818.20     95000   -6.06051   -7.12497   -6.99889   -6.97575   -6.71208
   2841.87    100000   -6.07437   -7.31006   -7.30220   -7.27555   -6.78184
   2865.55      5000   -6.14941   -7.45395   -7.43613   -7.42564   -6.85584
   2889.23     10000   -6.23118   -7.30023   -7.15991   -7.13940   -6.87300
   2912.91     15000   -6.23508   -7.34571   -7.24409   -7.21947   -6.90856
   2936.59     20000   -6.27184   -7.59455   -7.71158   -7.68980   -6.99163
   2960.27     25000   -6.35576   -7.55978   -7.44941   -7.43329   -7.04274
   2983.95     30000   -6.42422   -7.46622   -7.33164   -7.30941   -7.05590
   3007.63     35000   -6.41969   -7.60051   -7.54521   -7.51912   -7.11354
   3031.31     40000   -6.48071   -7.82333   -7.90828   -7.90101   -7.19571
   3054.99     45000   -6.56309   -7.67403   -7.53679   -7.51756   -7.22267
   3078.67     50000   -6.58574   -7.66654   -7.54860   -7.52486   -7.24683
   3102.35     55000   -6.60947   -7.88278   -7.92027   -7.89398   -7.32335
   3126.03     60000   -6.69047   -7.95550   -7.88798   -7.87481   -7.38907
   3149.71     65000   -6.77356   -7.81962   -7.68025   -7.65899   -7.40262
   3173.39     70000   -6.76581   -7.90120   -7.81474   -7.78951   -7.44701
   3197.07     75000   -6.81180   -8.15524   -8.30190   -8.28787   -7.53166
   3220.75     80000   -6.89605   -8.05923   -7.93330   -7.91572   -7.57238
   3244.43     85000   -6.94217   -7.99954   -7.87034   -7.84748   -7.58843
   3268.11     90000   -6.95167   -8.16882   -8.14359   -8.11704   -7.65456
   3291.79     95000   -7.02246   -8.34220   -8.35439   -8.34525   -7.73174
   3315.47    100000   -7.10429   -8.18519   -8.04519   -8.02507   -7.75148
   3339.15      5000   -7.11308   -8.21375   -8.10626   -8.08191   -7.78314
   3362.82     10000   -7.14584   -8.45468   -8.54676   -8.52269   -7.86462
   3386.50     15000   -7.22935   -8.45305   -8.35325   -8.33796   -7.92058
   3410.18     20000   -7.30921   -8.34467   -8.20815   -8.18622   -7.93324
   3433.86     25000   -7.29652   -8.46222   -8.39556   -8.36973   -7.98670
   3457.54     30000   -7.35351   -8.70055   -8.81664   -8.80882   -8.07030
   3481.22     35000   -7.43580   -8.56277   -8.42802   -8.40927   -8.10133
   3504.90     40000   -7.46508   -8.53847   -8.41646   -8.39300   -8.12247
   3528.59     45000   -7.48481   -8.74066   -8.75546   -8.72886   -8.19601
   3552.29     50000   -7.56406   -8.84775   -8.80110   -8.78912   -8.26584
   3575.99     55000   -7.64699   -8.70194   -8.56187   -8.54096   -8.28075
   3599.67     60000   -7.64329   -8.76661   -8.67255   -8.64760   -8.32093
   3623.35     65000   -7.68481   -9.02047   -9.15923   -9.14121   -8.40517
   3647.03     70000   -7.76955   -8.95119   -8.83154   -8.81460   -8.45072
   3670.71     75000   -7.82557   -8.87534   -8.74341   -8.72084   -8.46512
   3694.39     80000   -7.82790   -9.02838   -8.98796   -8.96160   -8.52737
   3718.07     85000   -7.89503   -9.22750   -9.27319   -9.26524   -8.60721
   3741.75     90000   -7.97675   -9.07139   -8.93230   -8.91258   -8.63006
MyID= 0: Time=  0.1,has convergenced
     1686622 iterations for the convertgence of psi
 MyID=           0 has finish
