 START-UP FOR CHUNK...
     23.42      5000   -0.61108   -2.03379   -2.10393   -2.06590   -1.29001
     46.75     10000   -0.78764   -2.13338   -2.00277   -2.06838   -1.51488
     70.08     15000   -0.79677   -2.24781   -1.88868   -1.92761   -1.57341
     93.42     20000   -0.72434   -2.41164   -1.73327   -1.73538   -1.51599
    116.75     25000   -0.60542   -1.94805   -1.56375   -1.55865   -1.38760
    140.08     30000   -0.50665   -1.66173   -1.46022   -1.45997   -1.25488
    163.41     35000   -0.43536   -1.67023   -1.57715   -1.55284   -1.19168
    186.74     40000   -0.48412   -1.88590   -1.89813   -2.11171   -1.27801
    210.08     45000   -0.62751   -1.85830   -1.75554   -1.73554   -1.36590
    233.41     50000   -0.81713   -1.88198   -1.75702   -1.74368   -1.46405
    256.74     55000   -0.89428   -2.13368   -2.10335   -2.06540   -1.59512
    280.07     60000   -0.97147   -2.30556   -2.29262   -2.32964   -1.68644
    303.41     65000   -1.01313   -2.11593   -1.94769   -1.93944   -1.67095
    326.74     70000   -0.99177   -2.03777   -1.93086   -1.90103   -1.64275
    350.07     75000   -0.97906   -2.21669   -2.24569   -2.19414   -1.68610
    373.41     80000   -1.04896   -2.33087   -2.32064   -2.28985   -1.75735
    396.74     85000   -1.15745   -2.20514   -2.08256   -2.05915   -1.79309
    420.07     90000   -1.19267   -2.31097   -2.20977   -2.18846   -1.85944
    443.40     95000   -1.24765   -2.56949   -2.73608   -2.69709   -1.95843
    466.73    100000   -1.32639   -2.50706   -2.38764   -2.38110   -2.00346
 ITERATION...
    490.07      5000   -1.37043   -2.40181   -2.26543   -2.24702   -1.99643
    513.40     10000   -1.34674   -2.51411   -2.46494   -2.43051   -2.03534
    536.73     15000   -1.39995   -2.74233   -2.85524   -2.84597   -2.11657
    560.06     20000   -1.49443   -2.60591   -2.47749   -2.45678   -2.15561
    583.40     25000   -1.53366   -2.61159   -2.48950   -2.46395   -2.19004
    606.73     30000   -1.56621   -2.83965   -2.86036   -2.82366   -2.27343
    630.06     35000   -1.64763   -2.91589   -2.87029   -2.85715   -2.34494
    653.40     40000   -1.72041   -2.76966   -2.63045   -2.61180   -2.35354
    676.73     45000   -1.70852   -2.83143   -2.73561   -2.70980   -2.38395
    700.06     50000   -1.74615   -3.08034   -3.22867   -3.19486   -2.46547
    723.39     55000   -1.83652   -3.01270   -2.90451   -2.88978   -2.51822
    746.73     60000   -1.90294   -2.94600   -2.81295   -2.79119   -2.53732
    770.06     65000   -1.90880   -3.10665   -3.05346   -3.02151   -2.60137
    793.39     70000   -1.97437   -3.31376   -3.39025   -3.37424   -2.68591
    816.72     75000   -2.05608   -3.15243   -3.01839   -3.00050   -2.71122
    840.06     80000   -2.07012   -3.15329   -3.03623   -3.01158   -2.73151
    863.39     85000   -2.09412   -3.37720   -3.41593   -3.38135   -2.80602
    886.72     90000   -2.17838   -3.43315   -3.37494   -3.36122   -2.87539
    910.05     95000   -2.26450   -3.30334   -3.16732   -3.14722   -2.89215
    933.38    100000   -2.25899   -3.39381   -3.30170   -3.27501   -2.93673
    956.72      5000   -2.30506   -3.65281   -3.81173   -3.77492   -3.02347
    980.05     10000   -2.39270   -3.55388   -3.43641   -3.42125   -3.06880
   1003.38     15000   -2.44174   -3.49048   -3.36097   -3.33864   -3.08194
   1026.71     20000   -2.44609   -3.65565   -3.61704   -3.58573   -3.14329
   1050.05     25000   -2.51458   -3.84407   -3.89026   -3.87817   -3.22517
   1073.38     30000   -2.59935   -3.68397   -3.54945   -3.53070   -3.25077
   1096.74     35000   -2.61488   -3.70421   -3.58997   -3.56515   -3.27855
   1120.09     40000   -2.64499   -3.94163   -4.00329   -3.96571   -3.35830
   1143.44     45000   -2.72999   -3.97016   -3.89528   -3.88183   -3.42349
   1166.79     50000   -2.81271   -3.84700   -3.71083   -3.69042   -3.43655
   1190.15     55000   -2.80089   -3.94598   -3.86235   -3.83475   -3.48165
   1213.49     60000   -2.84954   -4.20045   -4.35750   -4.33005   -3.56759
   1236.86     65000   -2.93730   -4.08442   -3.96166   -3.94552   -3.61000
   1260.23     70000   -2.98073   -4.03645   -3.90810   -3.88520   -3.62649
   1283.59     75000   -2.99215   -4.21649   -4.18979   -4.15724   -3.69270
   1306.95     80000   -3.06456   -4.38192   -4.40252   -4.39003   -3.77268
   1330.30     85000   -3.14824   -4.22323   -4.08693   -4.06816   -3.79449
   1353.67     90000   -3.15685   -4.25522   -4.14493   -4.11975   -3.82381
   1377.02     95000   -3.19009   -4.49931   -4.58448   -4.54722   -3.90479
   1400.39    100000   -3.27572   -4.49959   -4.41201   -4.39844   -3.96654
   1423.75      5000   -3.36067   -4.38869   -4.25265   -4.23173   -3.97987
   1447.10     10000   -3.34566   -4.50251   -4.42505   -4.39653   -4.02927
   1470.45     15000   -3.39820   -4.75033   -4.89935   -4.87407   -4.11538
   1493.81     20000   -3.48513   -4.61869   -4.49229   -4.47568   -4.15354
   1517.18     25000   -3.52071   -4.58375   -4.45761   -4.43444   -4.17108
   1540.55     30000   -3.53695   -4.77589   -4.76365   -4.73054   -4.23993
   1563.92     35000   -3.61217   -4.91516   -4.91010   -4.89846   -4.31757
   1587.26     40000   -3.69552   -4.76054   -4.62339   -4.60428   -4.33727
   1610.62     45000   -3.69989   -4.80694   -4.70041   -4.67470   -4.37000
   1633.98     50000   -3.73581   -5.05821   -5.16632   -5.12769   -4.45285
   1657.33     55000   -3.82338   -5.03085   -4.93384   -4.91964   -4.51064
   1680.68     60000   -3.90083   -4.93171   -4.79689   -4.77562   -4.52357
   1704.05     65000   -3.88950   -5.05896   -4.98967   -4.96061   -4.57624
   1727.41     70000   -3.94606   -5.29616   -5.42507   -5.40530   -4.66185
   1750.78     75000   -4.03162   -5.15213   -5.02261   -5.00555   -4.69638
   1774.14     80000   -4.06155   -5.13109   -5.00737   -4.98381   -4.71601
   1797.49     85000   -4.08093   -5.33572   -5.33933   -5.30502   -4.78788
   1820.84     90000   -4.16000   -5.44823   -5.42170   -5.40966   -4.86280
   1844.20     95000   -4.24292   -5.29940   -5.16211   -5.14265   -4.88032
   1867.57    100000   -4.24332   -5.35936   -5.25774   -5.23158   -4.91614
   1890.94      5000   -4.28217   -5.61532   -5.74498   -5.70738   -5.00032
   1914.29     10000   -4.36972   -5.56166   -5.45622   -5.44154   -5.05419
   1937.66     15000   -4.43845   -5.47505   -5.34150   -5.31983   -5.06743
   1961.03     20000   -4.43296   -5.61592   -5.55558   -5.52574   -5.12360
   1984.39     25000   -4.49416   -5.83945   -5.94332   -5.92658   -5.20835
   2007.71     30000   -4.57940   -5.68700   -5.55513   -5.53762   -5.23931
   2031.03     35000   -4.60262   -5.67949   -5.55872   -5.53478   -5.26109
   2054.35     40000   -4.62581   -5.89566   -5.91747   -5.88225   -5.33564
   2077.67     45000   -4.70800   -5.97997   -5.93404   -5.92181   -5.40758
   2101.00     50000   -4.79145   -5.83882   -5.70147   -5.68162   -5.42344
   2124.32     55000   -4.78702   -5.91248   -5.81606   -5.78935   -5.46258
   2147.64     60000   -4.82914   -6.17077   -6.31801   -6.28172   -5.54779
   2170.97     65000   -4.91729   -6.09326   -5.98104   -5.96581   -5.59764
   2194.30     70000   -4.97628   -6.01948   -5.88749   -5.86546   -5.61147
   2217.64     75000   -4.97749   -6.17371   -6.12359   -6.09303   -5.67102
   2240.97     80000   -5.04210   -6.37997   -6.45496   -6.44087   -5.75453
   2264.30     85000   -5.12704   -6.22247   -6.08861   -6.07069   -5.78219
   2287.63     90000   -5.14486   -6.22863   -6.11095   -6.08658   -5.80643
   2310.97     95000   -5.17176   -6.45557   -6.49731   -6.46095   -5.88347
   2334.30    100000   -5.25585   -6.51121   -6.44900   -6.43629   -5.95213
   2357.63      5000   -5.33907   -6.37923   -6.24217   -6.22195   -5.96667
   2380.97     10000   -5.33112   -6.46654   -6.37597   -6.34872   -6.00920
   2404.32     15000   -5.37634   -6.72429   -6.88172   -6.84857   -6.09506
   2427.69     20000   -5.46477   -6.62525   -6.50728   -6.49157   -6.14091
   2451.06     25000   -5.51515   -6.56463   -6.43436   -6.41196   -6.15572
   2474.38     30000   -5.52120   -6.73210   -6.69336   -6.66194   -6.21859
   2497.70     35000   -5.59032   -6.91811   -6.96429   -6.95156   -6.30045
   2521.02     40000   -5.67398   -6.75884   -6.62354   -6.60521   -6.32506
   2544.34     45000   -5.68814   -6.77865   -6.66447   -6.63967   -6.35198
   2567.66     50000   -5.71775   -7.01530   -7.07876   -7.04149   -6.43127
   2591.02     55000   -5.80290   -7.04200   -6.96584   -6.95267   -6.49641
   2614.37     60000   -5.88661   -6.92038   -6.78384   -6.76325   -6.51004
   2637.73     65000   -5.87515   -7.02134   -6.93724   -6.90939   -6.55602
   2661.08     70000   -5.92421   -7.27546   -7.43331   -7.40425   -6.64217
   2684.44     75000   -6.01168   -7.15792   -7.03527   -7.01908   -6.68404
   2707.77     80000   -6.05415   -7.11063   -6.98238   -6.95960   -6.70018
   2731.12     85000   -6.06548   -7.29110   -7.26522   -7.23291   -6.76625
   2754.46     90000   -6.13804   -7.45408   -7.47283   -7.46083   -6.84609
   2777.79     95000   -6.22209   -7.29597   -7.15962   -7.14089   -6.86797
   2801.12    100000   -6.23055   -7.32945   -7.21911   -7.19386   -6.89777
   2824.45      5000   -6.26414   -7.57444   -7.66084   -7.62281   -6.97901
   2847.81     10000   -6.34988   -7.57271   -7.48488   -7.47118   -7.04045
   2871.16     15000   -6.43446   -7.46238   -7.32663   -7.30568   -7.05356
   2894.52     20000   -6.41921   -7.57696   -7.50010   -7.47164   -7.10301
   2917.87     25000   -6.47196   -7.82405   -7.97152   -7.94724   -7.18907
   2941.20     30000   -6.55885   -7.69123   -7.56475   -7.54810   -7.22708
   2964.53     35000   -6.59419   -7.65742   -7.53143   -7.50826   -7.24485
   2987.87     40000   -6.61075   -7.85055   -7.83913   -7.80585   -7.31398
   3011.20     45000   -6.68628   -7.98830   -7.98223   -7.97040   -7.39144
   3034.53     50000   -6.76941   -7.83394   -7.69693   -7.67782   -7.41092
   3057.87     55000   -6.77351   -7.88109   -7.77503   -7.74931   -7.44377
   3081.20     60000   -6.80954   -8.13272   -8.24224   -8.20397   -7.52668
   3104.53     65000   -6.89714   -8.10353   -8.00587   -7.99165   -7.58426
   3127.87     70000   -6.97407   -8.00517   -7.87046   -7.84914   -7.59725
   3151.20     75000   -6.96316   -8.13334   -8.06457   -8.03544   -7.65017
   3174.54     80000   -7.02002   -8.36989   -8.49775   -8.47786   -7.73574
   3197.88     85000   -7.10553   -8.22529   -8.09571   -8.07861   -7.77003
   3221.23     90000   -7.13503   -8.20503   -8.08158   -8.05802   -7.78974
   3244.57     95000   -7.15461   -8.41035   -8.41518   -8.38089   -7.86177
   3267.92    100000   -7.23388   -8.52111   -8.49312   -8.48116   -7.93652
   3291.26      5000   -7.31686   -8.37271   -8.23538   -8.21589   -7.95395
   3314.61     10000   -7.31696   -8.43353   -8.33221   -8.30600   -7.99000
   3337.95     15000   -7.35608   -8.68974   -8.82071   -8.78297   -8.07425
   3361.29     20000   -7.44361   -8.63463   -8.52879   -8.51405   -8.12786
   3384.64     25000   -7.51179   -8.54878   -8.41535   -8.39367   -8.14112
   3407.98     30000   -7.50664   -8.69046   -8.63078   -8.60092   -8.19749
   3431.32     35000   -7.56813   -8.91296   -9.01494   -8.99854   -8.28218
   3454.67     40000   -7.65336   -8.76009   -8.62805   -8.61052   -8.31293
   3478.01     45000   -7.67617   -8.75345   -8.63284   -8.60887   -8.33486
   3501.37     50000   -7.69961   -8.97032   -8.99330   -8.95795   -8.40958
   3524.74     55000   -7.78198   -9.05293   -9.00596   -8.99367   -8.48132
   3548.11     60000   -7.86546   -8.91230   -8.77497   -8.75510   -8.49708
   3571.48     65000   -7.86073   -8.98680   -8.89074   -8.86401   -8.53643
   3594.85     70000   -7.90299   -9.24513   -9.39322   -9.35718   -8.62168
   3618.22     75000   -7.99124   -9.16616   -9.05351   -9.03826   -8.67128
MyID= 0: Time=  0.1,has convergenced
     1686236 iterations for the convertgence of psi
 MyID=           0 has finish
