 START-UP FOR CHUNK...
     23.45      5000   -0.55495   -2.00630   -1.88248   -1.80220   -1.28013
     46.83     10000   -0.66214   -2.18032   -1.74110   -1.81465   -1.45421
     70.22     15000   -0.61667   -2.26070   -1.63753   -1.68537   -1.43958
     93.60     20000   -0.52098   -2.07398   -1.52859   -1.52286   -1.35093
    116.98     25000   -0.44755   -1.66941   -1.46171   -1.44610   -1.25182
    140.36     30000   -0.40500   -1.65992   -1.57837   -1.56924   -1.20041
    163.74     35000   -0.44527   -1.94374   -1.83798   -1.96507   -1.31718
    187.12     40000   -0.63486   -1.90420   -1.81960   -1.80518   -1.42757
    210.50     45000   -0.83434   -1.92902   -1.79185   -1.81463   -1.51969
    233.88     50000   -0.91959   -2.19659   -2.10194   -2.06332   -1.64222
    257.26     55000   -1.00139   -2.39866   -2.40886   -2.41274   -1.76650
    280.64     60000   -1.09449   -2.31750   -2.09947   -2.11067   -1.79882
    304.02     65000   -1.13317   -2.15770   -2.03495   -2.00277   -1.77576
    327.40     70000   -1.10336   -2.27865   -2.21408   -2.16773   -1.80355
    350.78     75000   -1.15125   -2.53986   -2.62396   -2.51795   -1.89391
    374.16     80000   -1.27394   -2.38342   -2.32341   -2.28263   -1.95507
    397.54     85000   -1.37961   -2.37790   -2.26365   -2.25851   -1.99024
    420.92     90000   -1.38875   -2.60341   -2.52193   -2.49862   -2.06576
    444.30     95000   -1.45683   -2.80234   -2.90190   -2.84049   -2.16990
    467.67    100000   -1.56300   -2.65666   -2.51374   -2.52168   -2.21586
 ITERATION...
    491.05      5000   -1.59096   -2.61711   -2.48905   -2.46931   -2.22074
    514.43     10000   -1.59020   -2.81292   -2.75334   -2.69139   -2.27438
    537.81     15000   -1.65534   -3.04381   -3.09237   -3.01501   -2.36914
    561.19     20000   -1.77205   -2.83649   -2.73543   -2.70879   -2.41959
    584.57     25000   -1.80473   -2.84702   -2.73441   -2.71406   -2.44652
    607.95     30000   -1.83540   -3.09838   -3.04517   -3.00520   -2.51997
    631.33     35000   -1.91174   -3.22896   -3.25159   -3.20509   -2.61611
    654.70     40000   -2.01710   -3.05348   -2.93045   -2.92741   -2.65377
    678.08     45000   -2.01967   -3.08282   -2.96166   -2.94482   -2.67212
    701.46     50000   -2.05029   -3.34081   -3.31510   -3.24592   -2.74326
    724.84     55000   -2.13376   -3.44822   -3.41458   -3.38594   -2.83534
    748.22     60000   -2.24166   -3.26946   -3.15029   -3.13331   -2.87104
    771.60     65000   -2.24263   -3.32410   -3.21537   -3.18885   -2.90041
    794.98     70000   -2.28434   -3.61745   -3.61860   -3.54901   -2.98173
    818.36     75000   -2.37736   -3.63446   -3.58067   -3.55279   -3.06997
    841.74     80000   -2.47557   -3.48080   -3.35963   -3.34848   -3.09715
    865.11     85000   -2.46261   -3.56224   -3.45240   -3.43121   -3.12719
    888.49     90000   -2.50716   -3.86338   -3.90587   -3.81591   -3.21102
    911.87     95000   -2.60827   -3.83139   -3.75363   -3.73938   -3.29411
    935.25    100000   -2.70456   -3.70599   -3.58154   -3.56778   -3.31861
    958.63      5000   -2.68827   -3.81207   -3.71153   -3.68144   -3.35667
    982.01     10000   -2.73773   -4.13182   -4.21142   -4.10644   -3.44640
   1005.39     15000   -2.84654   -4.02901   -3.93390   -3.91731   -3.52298
   1028.77     20000   -2.93551   -3.92495   -3.80181   -3.78654   -3.54295
   1052.14     25000   -2.91295   -4.05741   -3.96140   -3.93224   -3.58564
   1075.52     30000   -2.96650   -4.36832   -4.48343   -4.36646   -3.67790
   1098.90     35000   -3.07936   -4.22437   -4.12235   -4.11056   -3.74746
   1122.28     40000   -3.15262   -4.15345   -4.02887   -4.01419   -3.76628
   1145.66     45000   -3.14098   -4.31315   -4.22724   -4.19173   -3.81628
   1169.04     50000   -3.20031   -4.61023   -4.71911   -4.61383   -3.91141
   1192.41     55000   -3.31334   -4.42814   -4.31400   -4.30209   -3.97320
   1215.79     60000   -3.36273   -4.38066   -4.25723   -4.23960   -3.99099
   1239.17     65000   -3.36773   -4.56705   -4.49105   -4.45134   -4.04713
   1262.55     70000   -3.43140   -4.82780   -4.91194   -4.82321   -4.14299
   1285.93     75000   -3.54536   -4.63048   -4.51467   -4.50296   -4.19689
   1309.31     80000   -3.57641   -4.61308   -4.49106   -4.47356   -4.21583
   1332.69     85000   -3.59524   -4.82768   -4.76716   -4.72136   -4.27893
   1356.07     90000   -3.66578   -5.03689   -5.06952   -5.01227   -4.37474
   1379.45     95000   -3.77822   -4.83891   -4.71633   -4.70530   -4.42087
   1402.83    100000   -3.79299   -4.84711   -4.72659   -4.70655   -4.44171
   1426.20      5000   -3.82252   -5.08854   -5.04626   -4.99133   -4.51114
   1449.58     10000   -3.90062   -5.23729   -5.23025   -5.18801   -4.60511
   1472.96     15000   -4.00933   -5.04922   -4.92620   -4.91400   -4.64392
   1496.34     20000   -4.01257   -5.08487   -4.96789   -4.94669   -4.66814
   1519.72     25000   -4.04935   -5.35253   -5.33649   -5.27195   -4.74385
   1543.10     30000   -4.13659   -5.43037   -5.38761   -5.36018   -4.83485
   1566.48     35000   -4.24057   -5.26294   -5.13686   -5.12492   -4.86717
   1589.86     40000   -4.23506   -5.32505   -5.21100   -5.18752   -4.89555
   1613.24     45000   -4.27622   -5.61532   -5.63126   -5.55148   -4.97683
   1636.62     50000   -4.37225   -5.62472   -5.55785   -5.53672   -5.06331
   1660.00     55000   -4.47041   -5.48030   -5.35431   -5.34109   -5.09012
   1683.37     60000   -4.45740   -5.56900   -5.46044   -5.43460   -5.12364
   1706.75     65000   -4.50467   -5.87642   -5.93218   -5.83671   -5.20997
   1730.13     70000   -4.60814   -5.81740   -5.73185   -5.71576   -5.29087
   1753.51     75000   -4.70116   -5.69994   -5.57309   -5.55945   -5.31346
   1776.89     80000   -4.68222   -5.81545   -5.71224   -5.68365   -5.35268
   1800.27     85000   -4.73281   -6.12993   -6.22467   -6.11201   -5.44306
   1823.65     90000   -4.84335   -6.01398   -5.91604   -5.90231   -5.51726
   1847.03     95000   -4.93129   -5.92355   -5.79747   -5.78262   -5.53695
   1870.41    100000   -4.90930   -6.06598   -5.97100   -5.93884   -5.58243
   1893.78      5000   -4.96463   -6.37407   -6.48987   -6.37356   -5.67595
   1917.16     10000   -5.07764   -6.21218   -6.10447   -6.09225   -5.74283
   1940.54     15000   -5.14180   -6.14933   -6.02376   -6.00794   -5.76104
   1963.92     20000   -5.13590   -6.31902   -6.23329   -6.19698   -5.81303
   1987.30     25000   -5.19702   -6.60352   -6.70879   -6.60516   -5.90842
   2010.67     30000   -5.31019   -6.41437   -6.30050   -6.28892   -5.96744
   2034.05     35000   -5.35351   -6.37888   -6.25496   -6.23785   -5.98558
   2057.43     40000   -5.36429   -6.57607   -6.50342   -6.46169   -6.04425
   2080.81     45000   -5.42943   -6.81982   -6.88416   -6.80813   -6.14032
   2104.19     50000   -5.54261   -6.61933   -6.50026   -6.48892   -6.19148
   2127.57     55000   -5.56780   -6.61081   -6.48857   -6.47004   -6.21090
   2150.95     60000   -5.59040   -6.83537   -6.77874   -6.73011   -6.27617
   2174.33     65000   -5.66364   -7.02420   -7.04389   -6.99074   -6.37144
   2197.70     70000   -5.77456   -6.82800   -6.70601   -6.69447   -6.41493
   2221.08     75000   -5.78596   -6.84632   -6.72684   -6.70672   -6.43686
   2244.46     80000   -5.81771   -7.09767   -7.06302   -7.00544   -6.50855
   2267.84     85000   -5.89905   -7.22125   -7.19981   -7.16433   -6.60169
   2291.22     90000   -6.00658   -7.03962   -6.91505   -6.90317   -6.63816
   2314.60     95000   -6.00600   -7.08446   -6.96803   -6.94601   -6.66369
   2337.97    100000   -6.04533   -7.36063   -7.35378   -7.28425   -6.74137
   2361.35      5000   -6.13483   -7.41492   -7.36365   -7.33817   -6.83092
   2384.73     10000   -6.23714   -7.25473   -7.12907   -7.11655   -6.86118
   2408.11     15000   -6.22869   -7.32612   -7.21400   -7.18987   -6.89127
   2431.49     20000   -6.27204   -7.62328   -7.65232   -7.56785   -6.97441
   2454.86     25000   -6.37074   -7.60778   -7.53354   -7.51474   -7.05912
   2478.24     30000   -6.46758   -7.47271   -7.34614   -7.33293   -7.08433
   2501.62     35000   -6.45198   -7.57066   -7.46353   -7.43682   -7.11974
   2525.00     40000   -6.50011   -7.88174   -7.95124   -7.84918   -7.20756
   2548.37     45000   -6.60631   -7.80228   -7.71236   -7.69707   -7.28623
   2571.75     50000   -6.69759   -7.69401   -7.56758   -7.55346   -7.30765
   2595.12     55000   -6.67731   -7.81877   -7.71835   -7.68863   -7.34899
   2618.50     60000   -6.72957   -8.13269   -8.23779   -8.12247   -7.44060
   2641.87     65000   -6.84154   -7.99891   -7.89715   -7.88413   -7.51236
   2665.25     70000   -6.92274   -7.91812   -7.79202   -7.77692   -7.53139
   2688.63     75000   -6.90553   -8.06992   -7.97763   -7.94419   -7.57907
   2712.00     80000   -6.96185   -8.37168   -8.48830   -8.37368   -7.67336
   2735.38     85000   -7.07553   -8.19881   -8.08899   -8.07702   -7.73755
   2758.75     90000   -7.13153   -8.14546   -8.02051   -8.00424   -7.75558
   2782.13     95000   -7.13143   -8.32463   -8.24314   -8.20511   -7.80986
   2805.50    100000   -7.19393   -8.59675   -8.68969   -8.59558   -7.90566
   2828.88      5000   -7.30806   -8.40171   -8.28579   -8.27436   -7.96198
   2852.25     10000   -7.34434   -8.37561   -8.25210   -8.23453   -7.98042
   2875.63     15000   -7.35985   -8.58225   -8.51442   -8.47053   -8.04136
   2899.01     20000   -7.42756   -8.80840   -8.85797   -8.78999   -8.13730
   2922.38     25000   -7.53998   -8.60814   -8.48814   -8.47674   -8.18577
   2945.76     30000   -7.55979   -8.60895   -8.48767   -8.46862   -8.20591
   2969.14     35000   -7.58600   -8.84290   -8.79326   -8.74186   -8.27343
   2992.51     40000   -7.66221   -9.00988   -9.01411   -8.96821   -8.36815
   3015.89     45000   -7.77162   -8.81770   -8.69465   -8.68304   -8.40915
   3039.27     50000   -7.77858   -8.84519   -8.72660   -8.70586   -8.43220
   3062.64     55000   -7.81304   -9.10537   -9.07930   -9.01796   -8.50600
   3086.02     60000   -7.89777   -9.20541   -9.17312   -9.14144   -8.59805
MyID= 0: Time=  0.1,has convergenced
     1684287 iterations for the convertgence of psi
 MyID=           0 has finish
