 START-UP FOR CHUNK...
     23.44      5000   -0.63688   -2.04177   -2.22413   -2.26764   -1.29118
     46.79     10000   -0.85103   -2.12237   -2.19056   -2.26819   -1.53337
     70.14     15000   -0.90608   -2.21214   -2.08475   -2.12356   -1.63714
     93.48     20000   -0.87131   -2.53850   -1.92623   -1.92411   -1.63775
    116.82     25000   -0.76444   -2.18342   -1.72631   -1.72413   -1.52974
    140.15     30000   -0.63021   -1.88842   -1.53863   -1.54375   -1.36912
    163.49     35000   -0.52240   -1.64966   -1.45139   -1.45050   -1.22365
    186.84     40000   -0.45854   -1.67912   -1.61927   -1.58868   -1.17629
    210.18     45000   -0.51842   -1.91972   -1.90582   -2.03038   -1.26132
    233.53     50000   -0.64057   -1.80628   -1.67977   -1.65438   -1.34220
    256.89     55000   -0.79749   -1.90826   -1.77473   -1.74544   -1.46061
    280.25     60000   -0.87756   -2.19333   -2.20930   -2.19768   -1.59039
    303.60     65000   -0.94637   -2.20684   -2.09234   -2.08494   -1.63735
    326.96     70000   -0.95692   -2.01359   -1.85345   -1.83696   -1.59516
    350.32     75000   -0.90410   -2.00593   -1.92482   -1.89939   -1.58316
    373.68     80000   -0.91510   -2.22372   -2.34637   -2.35682   -1.64253
    397.04     85000   -1.00612   -2.19937   -2.08299   -2.05937   -1.69541
    420.39     90000   -1.10244   -2.15233   -2.02403   -2.00330   -1.74308
    443.73     95000   -1.13606   -2.34609   -2.31140   -2.28911   -1.83687
    467.06    100000   -1.20908   -2.53893   -2.53273   -2.53352   -1.91481
 ITERATION...
    490.41      5000   -1.26452   -2.36374   -2.20613   -2.18662   -1.91405
    513.76     10000   -1.25025   -2.34018   -2.23739   -2.21263   -1.92067
    537.11     15000   -1.26543   -2.55270   -2.62885   -2.63011   -1.98802
    560.45     20000   -1.34744   -2.59124   -2.48478   -2.46443   -2.04567
    583.80     25000   -1.44565   -2.48652   -2.34796   -2.32554   -2.07267
    607.15     30000   -1.44847   -2.61712   -2.55096   -2.53031   -2.14264
    630.49     35000   -1.51125   -2.85311   -2.94285   -2.94342   -2.22662
    653.84     40000   -1.58166   -2.71571   -2.56399   -2.54606   -2.24523
    677.18     45000   -1.59679   -2.67501   -2.55532   -2.53235   -2.25760
    700.53     50000   -1.60924   -2.86658   -2.89829   -2.88489   -2.32606
    723.87     55000   -1.68594   -2.96929   -2.88924   -2.87506   -2.38983
    747.21     60000   -1.77890   -2.82993   -2.68597   -2.66302   -2.40851
    770.56     65000   -1.77699   -2.91359   -2.82667   -2.80438   -2.46168
    793.91     70000   -1.82664   -3.16817   -3.29742   -3.29579   -2.54686
    817.26     75000   -1.90233   -3.07278   -2.93250   -2.91371   -2.57912
    840.61     80000   -1.94055   -3.00513   -2.87548   -2.85339   -2.59151
    863.96     85000   -1.94616   -3.16888   -3.15753   -3.14020   -2.65663
    887.31     90000   -2.01820   -3.33549   -3.30600   -3.29768   -2.72781
    910.65     95000   -2.10236   -3.17915   -3.03253   -3.01066   -2.74575
    934.00    100000   -2.10902   -3.21913   -3.11776   -3.09508   -2.78592
    957.36      5000   -2.14737   -3.46738   -3.57600   -3.56904   -2.86953
    980.72     10000   -2.22698   -3.43894   -3.31262   -3.29452   -2.91401
   1004.08     15000   -2.28743   -3.33827   -3.20176   -3.17936   -2.92508
   1027.44     20000   -2.28252   -3.46842   -3.42356   -3.40372   -2.98382
   1050.79     25000   -2.34568   -3.68793   -3.72796   -3.72722   -3.06134
   1074.14     30000   -2.42687   -3.53540   -3.38834   -3.36707   -3.08354
   1097.48     35000   -2.44491   -3.53417   -3.42024   -3.39761   -3.11327
   1120.82     40000   -2.47290   -3.75754   -3.81725   -3.80416   -3.19287
   1144.16     45000   -2.55147   -3.80831   -3.70609   -3.69029   -3.24875
   1167.50     50000   -2.63619   -3.67761   -3.53509   -3.51291   -3.25952
   1190.83     55000   -2.61881   -3.77089   -3.70032   -3.67885   -3.31008
   1214.17     60000   -2.67212   -4.01938   -4.12598   -4.13267   -3.39159
   1237.51     65000   -2.75170   -3.89775   -3.75357   -3.73316   -3.42141
   1260.84     70000   -2.78525   -3.85715   -3.73249   -3.70972   -3.44294
   1284.18     75000   -2.80215   -4.04777   -4.05865   -4.04128   -3.51645
   1307.50     80000   -2.87799   -4.17521   -4.11404   -4.10176   -3.58246
   1330.82     85000   -2.95982   -4.02300   -3.87645   -3.85463   -3.59513
   1354.14     90000   -2.95517   -4.07871   -3.98788   -3.96575   -3.63673
   1377.46     95000   -2.99709   -4.33051   -4.45510   -4.45842   -3.71934
   1400.78    100000   -3.07761   -4.26458   -4.12921   -4.11020   -3.75892
   1424.10      5000   -3.12831   -4.18657   -4.05329   -4.03064   -3.77458
   1447.42     10000   -3.13406   -4.34089   -4.31261   -4.29268   -3.84033
   1470.74     15000   -3.20261   -4.53299   -4.53349   -4.52704   -3.91453
   1494.06     20000   -3.28223   -4.37440   -4.22637   -4.20500   -3.93175
   1517.38     25000   -3.29198   -4.39223   -4.28573   -4.26325   -3.96446
   1540.72     30000   -3.32337   -4.62836   -4.71695   -4.71020   -4.04529
   1564.07     35000   -3.40325   -4.63454   -4.51685   -4.49967   -4.09555
   1587.42     40000   -3.47705   -4.52212   -4.38226   -4.35985   -4.10795
   1610.77     45000   -3.46801   -4.63862   -4.58054   -4.55927   -4.16481
   1634.12     50000   -3.52768   -4.87412   -4.94881   -4.95013   -4.24465
   1657.46     55000   -3.60624   -4.73196   -4.58544   -4.56474   -4.26900
   1680.81     60000   -3.62994   -4.71173   -4.59300   -4.57037   -4.29365
   1704.15     65000   -3.65304   -4.92018   -4.95761   -4.94343   -4.37008
   1727.50     70000   -3.73024   -5.00475   -4.91787   -4.90351   -4.43083
   1750.84     75000   -3.81520   -4.86395   -4.71935   -4.69723   -4.44283
   1774.20     80000   -3.80384   -4.94210   -4.86132   -4.83931   -4.49024
   1797.55     85000   -3.85181   -5.19511   -5.31914   -5.32387   -4.57280
   1820.89     90000   -3.93048   -5.09537   -4.95456   -4.93482   -4.60639
   1844.23     95000   -3.97155   -5.03748   -4.90901   -4.88639   -4.62449
   1867.58    100000   -3.98316   -5.21184   -5.20452   -5.18627   -4.69436
   1890.92      5000   -4.05691   -5.36946   -5.33231   -5.32254   -4.76432
   1914.27     10000   -4.13779   -5.21213   -5.06471   -5.04300   -4.77896
   1937.61     15000   -4.13887   -5.25180   -5.15341   -5.13098   -4.81693
   1960.96     20000   -4.17692   -5.49901   -5.61235   -5.61018   -4.89924
   1984.30     25000   -4.25699   -5.46351   -5.33497   -5.31664   -4.94336
   2007.64     30000   -4.31735   -5.36954   -5.23333   -5.21083   -4.95699
   2030.97     35000   -4.31654   -5.50697   -5.46481   -5.44441   -5.01873
   2054.29     40000   -4.38123   -5.72113   -5.75366   -5.75094   -5.09576
   2077.61     45000   -4.46142   -5.56656   -5.41877   -5.39764   -5.11596
   2100.93     50000   -4.47583   -5.56783   -5.45553   -5.43291   -5.14514
   2124.25     55000   -4.50385   -5.79303   -5.85901   -5.84805   -5.22440
   2147.57     60000   -4.58268   -5.83400   -5.72811   -5.71196   -5.27934
   2170.89     65000   -4.66792   -5.70787   -5.56578   -5.54350   -5.29109
   2194.21     70000   -4.65138   -5.80729   -5.73861   -5.71705   -5.34371
   2217.53     75000   -4.70599   -6.05364   -6.15585   -6.16028   -5.42511
   2240.85     80000   -4.78572   -5.92700   -5.78229   -5.76196   -5.45338
   2264.17     85000   -4.81635   -5.89014   -5.76678   -5.74412   -5.47499
   2287.49     90000   -4.83384   -6.08414   -6.10054   -6.08407   -5.54880
   2310.81     95000   -4.90999   -6.20249   -6.13509   -6.12242   -5.61381
   2334.13    100000   -4.99269   -6.05248   -5.90639   -5.88445   -5.62656
   2357.45      5000   -4.98747   -6.11355   -6.02452   -6.00233   -5.66972
   2380.77     10000   -5.03060   -6.36644   -6.49288   -6.49585   -5.75252
   2404.09     15000   -5.11033   -6.29278   -6.15631   -6.13712   -5.79068
   2427.40     20000   -5.15884   -6.21872   -6.08655   -6.06395   -5.80655
   2450.73     25000   -5.16549   -6.37703   -6.35311   -6.33368   -5.87302
   2474.05     30000   -5.23510   -6.56230   -6.55404   -6.54701   -5.94639
   2497.37     35000   -5.31514   -6.40338   -6.25546   -6.23399   -5.96313
   2520.72     40000   -5.32360   -6.42605   -6.32114   -6.29862   -5.99708
   2544.07     45000   -5.35610   -6.66505   -6.75942   -6.75320   -6.07836
   2567.43     50000   -5.43652   -6.66238   -6.54221   -6.52474   -6.12729
   2590.79     55000   -5.50689   -6.55355   -6.41450   -6.39208   -6.13976
   2614.14     60000   -5.49944   -6.67431   -6.61952   -6.59849   -6.19758
   2637.47     65000   -5.56033   -6.90597   -6.97180   -6.97255   -6.27689
   2660.80     70000   -5.63910   -6.76047   -6.61356   -6.59274   -6.30037
   2684.15     75000   -5.66091   -6.74484   -6.62736   -6.60472   -6.32600
   2707.49     80000   -5.68510   -6.95705   -7.00032   -6.98658   -6.40313
   2730.83     85000   -5.76331   -7.03269   -6.94144   -6.92664   -6.46266
   2754.18     90000   -5.84877   -6.89466   -6.75055   -6.72840   -6.47450
   2777.50     95000   -5.83511   -6.97719   -6.89886   -6.87696   -6.52296
   2800.82    100000   -5.88469   -7.22941   -7.35033   -7.35555   -6.60534
   2824.14      5000   -5.96338   -7.12337   -6.98154   -6.96165   -6.63780
   2847.46     10000   -6.00227   -7.06990   -6.94241   -6.91977   -6.65661
   2870.78     15000   -6.01538   -7.24850   -7.24585   -7.22787   -6.72738
   2894.10     20000   -6.08953   -7.39831   -7.35433   -7.34385   -6.79634
   2917.42     25000   -6.17140   -7.24207   -7.09486   -7.07311   -6.81050
   2940.75     30000   -6.17039   -7.28619   -7.18967   -7.16730   -6.84952
   2964.07     35000   -6.20976   -7.53503   -7.65233   -7.65146   -6.93200
   2987.39     40000   -6.28966   -7.49109   -7.36060   -7.34208   -6.97486
   3010.71     45000   -6.34736   -7.40124   -7.26581   -7.24328   -6.98891
   3034.03     50000   -6.34869   -7.54311   -7.50452   -7.48427   -7.05169
   3057.35     55000   -6.41439   -7.75184   -7.77562   -7.77189   -7.12802
   3080.68     60000   -6.49426   -7.59573   -7.44784   -7.42663   -7.14741
   3104.00     65000   -6.50738   -7.60146   -7.49065   -7.46806   -7.17755
   3127.34     70000   -6.53639   -7.82982   -7.90192   -7.89191   -7.25730
   3150.67     75000   -6.61530   -7.86150   -7.75222   -7.73577   -7.31099
   3174.01     80000   -6.69761   -7.73884   -7.59733   -7.57501   -7.32283
   3197.35     85000   -6.68329   -7.84276   -7.77681   -7.75533   -7.37656
   3220.70     90000   -6.73883   -8.08673   -8.18228   -8.18607   -7.45760
   3244.04     95000   -6.81853   -7.95546   -7.81017   -7.78973   -7.48480
   3267.39    100000   -6.84768   -7.92303   -7.80085   -7.77819   -7.50721
   3290.73      5000   -6.86632   -8.12098   -8.14279   -8.12685   -7.58177
   3314.08     10000   -6.94250   -8.23055   -8.15759   -8.14444   -7.64567
   3337.43     15000   -7.02578   -8.08272   -7.93698   -7.91499   -7.65815
   3360.77     20000   -7.01953   -8.14830   -8.06139   -8.03924   -7.70242
   3384.12     25000   -7.06372   -8.40163   -8.52864   -8.53234   -7.78521
   3407.47     30000   -7.14279   -8.32066   -8.18288   -8.16354   -7.82214
   3430.82     35000   -7.18949   -8.25087   -8.11963   -8.09703   -7.83857
   3454.17     40000   -7.19731   -8.41349   -8.39378   -8.37462   -7.90598
   3477.52     45000   -7.26802   -8.59179   -8.57550   -8.56768   -7.97849
   3500.87     50000   -7.34827   -8.43289   -8.28505   -8.26352   -7.99461
   3524.22     55000   -7.35506   -8.46006   -8.35682   -8.33433   -8.02961
   3547.56     60000   -7.38875   -8.70151   -8.80138   -8.79624   -8.11121
   3570.91     65000   -7.46974   -8.68993   -8.56730   -8.54959   -8.15886
   3594.26     70000   -7.53682   -8.58496   -8.44663   -8.42418   -8.17160
   3617.61     75000   -7.53111   -8.71017   -8.65858   -8.63770   -8.23048
   3640.96     80000   -7.59301   -8.93768   -8.99482   -8.99466   -8.30923
   3664.30     85000   -7.67214   -8.78927   -8.64205   -8.62115   -8.33179
   3687.65     90000   -7.69199   -8.77812   -8.66197   -8.63933   -8.35834
   3711.00     95000   -7.71719   -8.99392   -9.04315   -9.03009   -8.43607
   3734.35    100000   -7.79583   -9.06038   -8.96490   -8.94972   -8.49441
   3757.70      5000   -7.88165   -8.92533   -8.78172   -8.75954   -8.50617
   3781.05     10000   -7.86655   -9.01236   -8.93648   -8.91466   -8.55574
   3804.40     15000   -7.91777   -9.26350   -9.38061   -9.38583   -8.63792
   3827.75     20000   -7.99643   -9.15153   -9.00882   -8.98881   -8.66923
MyID= 0: Time=  0.1,has convergenced
     1686303 iterations for the convertgence of psi
 MyID=           0 has finish
