 START-UP FOR CHUNK...
     23.44      5000   -0.57587   -2.01920   -1.95878   -1.88763   -1.28417
     46.80     10000   -0.70579   -2.16149   -1.82547   -1.89533   -1.47917
     70.16     15000   -0.67898   -2.27619   -1.71673   -1.75985   -1.48717
     93.53     20000   -0.58348   -2.19076   -1.58358   -1.58367   -1.40096
    116.89     25000   -0.48868   -1.74592   -1.47788   -1.46191   -1.28736
    140.25     30000   -0.42903   -1.59895   -1.49723   -1.49751   -1.20084
    163.61     35000   -0.43522   -1.89745   -1.83264   -1.85194   -1.26306
    186.97     40000   -0.57620   -1.91792   -1.85317   -1.87377   -1.38147
    210.33     45000   -0.75289   -1.87756   -1.74710   -1.75775   -1.46096
    233.69     50000   -0.87769   -2.07776   -1.97605   -1.93032   -1.58050
    257.05     55000   -0.96740   -2.34967   -2.46719   -2.40927   -1.70877
    280.41     60000   -1.05138   -2.30755   -2.12093   -2.12015   -1.75591
    303.77     65000   -1.08335   -2.11184   -1.98193   -1.95416   -1.72651
    327.13     70000   -1.05123   -2.17720   -2.10396   -2.06766   -1.73653
    350.49     75000   -1.08460   -2.42513   -2.56523   -2.47443   -1.81446
    373.85     80000   -1.19281   -2.33480   -2.27749   -2.24626   -1.87687
    397.21     85000   -1.30100   -2.31032   -2.18677   -2.17793   -1.91138
    420.57     90000   -1.31159   -2.50396   -2.43171   -2.39943   -1.98708
    443.92     95000   -1.37822   -2.72129   -2.85462   -2.80833   -2.08715
    467.28    100000   -1.46760   -2.57443   -2.43504   -2.43300   -2.12405
 ITERATION...
    490.64      5000   -1.48838   -2.52790   -2.40428   -2.37905   -2.12556
    514.00     10000   -1.49102   -2.72173   -2.68345   -2.62593   -2.18033
    537.36     15000   -1.55878   -2.89318   -2.94641   -2.89912   -2.26821
    560.72     20000   -1.66278   -2.72015   -2.61030   -2.58772   -2.30710
    584.08     25000   -1.68631   -2.76445   -2.64750   -2.62592   -2.34005
    607.44     30000   -1.72378   -3.02742   -3.04196   -2.98735   -2.42293
    630.80     35000   -1.81204   -3.05851   -3.02419   -3.00973   -2.50477
    654.16     40000   -1.89450   -2.92003   -2.79052   -2.78024   -2.52254
    677.52     45000   -1.88266   -2.99505   -2.88925   -2.86158   -2.55066
    700.88     50000   -1.92188   -3.27775   -3.37527   -3.28590   -2.63363
    724.24     55000   -2.02238   -3.21644   -3.13444   -3.12016   -2.70423
    747.60     60000   -2.11146   -3.11863   -2.99516   -2.97431   -2.72408
    770.95     65000   -2.09819   -3.25708   -3.16863   -3.13510   -2.77364
    794.31     70000   -2.15233   -3.53785   -3.68767   -3.59976   -2.86588
    817.67     75000   -2.25318   -3.37680   -3.27240   -3.25843   -2.91955
    841.03     80000   -2.30093   -3.32925   -3.20628   -3.18807   -2.93343
    864.39     85000   -2.30471   -3.51253   -3.45247   -3.41382   -2.99088
    887.75     90000   -2.37029   -3.72498   -3.80960   -3.76268   -3.08147
    911.11     95000   -2.47101   -3.54916   -3.43001   -3.41722   -3.12199
    934.47    100000   -2.49324   -3.55648   -3.43842   -3.41505   -3.14411
    957.83      5000   -2.51982   -3.79368   -3.78106   -3.72694   -3.21709
    981.19     10000   -2.60204   -3.90021   -3.88257   -3.86027   -3.30276
   1004.55     15000   -2.69373   -3.73380   -3.60899   -3.59284   -3.32893
   1027.91     20000   -2.69285   -3.79049   -3.68158   -3.65560   -3.35756
   1051.27     25000   -2.73046   -4.06432   -4.12600   -4.05488   -3.43942
   1074.63     30000   -2.82694   -4.04668   -3.97860   -3.96388   -3.51452
   1097.99     35000   -2.91503   -3.92966   -3.80231   -3.78595   -3.53363
   1121.35     40000   -2.90313   -4.04099   -3.94541   -3.91498   -3.57529
   1144.71     45000   -2.95207   -4.32620   -4.47224   -4.38080   -3.66491
   1168.07     50000   -3.05251   -4.20670   -4.10442   -4.09215   -3.72564
   1191.43     55000   -3.11841   -4.13796   -4.01161   -3.99212   -3.74107
   1214.79     60000   -3.11394   -4.30077   -4.22806   -4.19051   -3.79497
   1238.15     65000   -3.17315   -4.54556   -4.66654   -4.60154   -3.88647
   1261.51     70000   -3.27470   -4.37168   -4.25571   -4.24210   -3.93201
   1284.87     75000   -3.30642   -4.35754   -4.23518   -4.21382   -3.95064
   1308.23     80000   -3.32512   -4.57298   -4.53787   -4.49093   -4.01797
   1331.59     85000   -3.40096   -4.72231   -4.74287   -4.71418   -4.10635
   1354.96     90000   -3.49660   -4.55106   -4.42619   -4.41204   -4.13771
   1378.31     95000   -3.50315   -4.58899   -4.47381   -4.44909   -4.16325
   1401.67    100000   -3.53778   -4.84968   -4.87793   -4.81331   -4.24181
   1425.03      5000   -3.62819   -4.87845   -4.82694   -4.81059   -4.32149
   1448.39     10000   -3.71777   -4.74185   -4.61437   -4.59804   -4.34278
   1471.75     15000   -3.70953   -4.83265   -4.72941   -4.70076   -4.37923
   1495.12     20000   -3.75447   -5.11830   -5.23554   -5.14839   -4.46642
   1518.48     25000   -3.85516   -5.03189   -4.94163   -4.92863   -4.53307
   1541.84     30000   -3.93773   -4.94479   -4.81736   -4.79937   -4.54923
   1565.20     35000   -3.92010   -5.08820   -5.00389   -4.96973   -4.59820
   1588.56     40000   -3.97533   -5.35470   -5.50302   -5.42170   -4.68954
   1611.92     45000   -4.07683   -5.19449   -5.08344   -5.07063   -4.74098
   1635.28     50000   -4.12045   -5.15972   -5.03539   -5.01488   -4.75776
   1658.64     55000   -4.13224   -5.35572   -5.30259   -5.25987   -4.82000
   1682.00     60000   -4.20122   -5.54689   -5.60605   -5.56599   -4.91031
   1705.36     65000   -4.29922   -5.36840   -5.24690   -5.23295   -4.94686
   1728.72     70000   -4.31477   -5.38627   -5.26799   -5.24473   -4.96918
   1752.08     75000   -4.34327   -5.63110   -5.63020   -5.57385   -5.04360
   1775.44     80000   -4.42895   -5.70746   -5.68013   -5.66052   -5.12728
   1798.80     85000   -4.52024   -5.55475   -5.42835   -5.41296   -5.15194
   1822.16     90000   -4.51751   -5.62504   -5.51668   -5.48981   -5.18381
   1845.52     95000   -4.55764   -5.90506   -5.98641   -5.90811   -5.26809
   1868.88    100000   -4.65605   -5.86049   -5.78274   -5.76904   -5.34025
   1892.24      5000   -4.74235   -5.75316   -5.62568   -5.60835   -5.35774
   1915.60     10000   -4.72682   -5.87592   -5.78337   -5.75162   -5.40164
   1938.96     15000   -4.77780   -6.15674   -6.30956   -6.21876   -5.49195
   1962.32     20000   -4.87997   -6.01890   -5.91471   -5.90196   -5.54945
   1985.68     25000   -4.93704   -5.96345   -5.83784   -5.81836   -5.56533
   2009.04     30000   -4.93849   -6.13893   -6.07192   -6.03310   -5.62241
   2032.40     35000   -5.00205   -6.36593   -6.46629   -6.41135   -5.71380
   2055.76     40000   -5.10185   -6.18831   -6.07015   -6.05674   -5.75597
   2079.12     45000   -5.12761   -6.18554   -6.06464   -6.04253   -5.77557
   2102.48     50000   -5.15062   -6.41200   -6.38759   -6.33743   -5.84542
   2125.84     55000   -5.22962   -6.53617   -6.53819   -6.51317   -5.93234
   2149.20     60000   -5.32345   -6.36984   -6.24491   -6.23010   -5.96118
   2172.56     65000   -5.32610   -6.41954   -6.30684   -6.28149   -5.98892
   2195.92     70000   -5.36275   -6.68841   -6.73438   -6.66557   -6.06972
   2219.28     75000   -5.45716   -6.68991   -6.62837   -6.61326   -6.14689
   2242.64     80000   -5.54475   -6.56356   -6.43617   -6.41964   -6.16655
   2266.00     85000   -5.53466   -6.66569   -6.56611   -6.53647   -6.20552
   2289.36     90000   -5.58155   -6.95182   -7.08613   -6.99558   -6.29399
   2312.72     95000   -5.68186   -6.84528   -6.74953   -6.73671   -6.35747
   2336.08    100000   -5.75542   -6.76924   -6.64259   -6.62399   -6.37332
   2359.44      5000   -5.74616   -6.92407   -6.84555   -6.80985   -6.42519
   2382.80     10000   -5.80298   -7.17907   -7.31467   -7.24224   -6.51681
   2406.16     15000   -5.90471   -7.01010   -6.89637   -6.88333   -6.56489
   2429.52     20000   -5.94111   -6.98670   -6.86360   -6.84258   -6.58245
   2452.88     25000   -5.95657   -7.19364   -7.14985   -7.10483   -6.64742
   2476.24     30000   -6.02976   -7.36234   -7.40004   -7.36648   -6.73677
   2499.60     35000   -6.12609   -7.18684   -7.06396   -7.04976   -6.77044
   2522.96     40000   -6.13715   -7.21601   -7.09963   -7.07564   -6.79454
   2546.32     45000   -6.16894   -7.47009   -7.48460   -7.42417   -6.87136
   2569.68     50000   -6.25747   -7.51984   -7.47885   -7.46127   -6.95292
   2593.03     55000   -6.34819   -7.37581   -7.24898   -7.23316   -6.97558
   2616.40     60000   -6.34150   -7.45736   -7.35192   -7.32412   -7.00987
   2639.75     65000   -6.38450   -7.74126   -7.84282   -7.75943   -7.09581
   2663.11     70000   -6.48436   -7.67315   -7.58830   -7.57503   -7.16500
   2686.47     75000   -6.56890   -7.57684   -7.44957   -7.43182   -7.18167
   2709.83     80000   -6.55152   -7.71098   -7.62298   -7.58995   -7.22838
   2733.19     85000   -6.60486   -7.98511   -8.13860   -8.05196   -7.31937
   2756.54     90000   -6.70679   -7.83378   -7.72575   -7.71296   -7.37353
   2779.90     95000   -6.75624   -7.78968   -7.66486   -7.64484   -7.38978
   2803.26    100000   -6.76349   -7.97642   -7.91685   -7.87602   -7.44969
   2826.62      5000   -6.83004   -8.18462   -8.26259   -8.21634   -7.54060
   2849.98     10000   -6.92948   -8.00574   -7.88569   -7.87201   -7.57963
   2873.34     15000   -6.94896   -8.01433   -7.89490   -7.87215   -7.60066
   2896.70     20000   -6.97498   -8.25107   -8.23917   -8.18574   -7.67308
   2920.06     25000   -7.05770   -8.34925   -8.33430   -8.31259   -7.75832
   2943.41     30000   -7.15006   -8.18993   -8.06416   -8.04901   -7.78476
   2966.77     35000   -7.14974   -8.25093   -8.14059   -8.11441   -7.81471
   2990.13     40000   -7.18830   -8.52646   -8.59162   -8.51767   -7.89749
   3013.49     45000   -7.28503   -8.50225   -8.43137   -8.41713   -7.97198
   3036.85     50000   -7.37241   -8.38626   -8.25880   -8.24184   -7.99034
   3060.21     55000   -7.35929   -8.49974   -8.40391   -8.37315   -8.03200
   3083.57     60000   -7.40835   -8.78396   -8.93099   -8.83917   -8.12158
   3106.93     65000   -7.50920   -8.65924   -8.55856   -8.54582   -8.18179
   3130.28     70000   -7.57395   -8.59449   -8.46836   -8.44928   -8.19755
   3153.64     75000   -7.57069   -8.76068   -8.68824   -8.65087   -8.25228
   3177.00     80000   -7.63083   -9.00136   -9.11897   -9.05617   -8.34388
   3200.36     85000   -7.73192   -8.82654   -8.71025   -8.69701   -8.38868
   3223.72     90000   -7.76231   -8.81450   -8.69257   -8.67096   -8.40728
   3247.07     95000   -7.78167   -9.03230   -8.99870   -8.95099   -8.47496
   3270.43    100000   -7.85805   -9.17700   -9.19430   -9.16591   -8.56308
   3293.79      5000   -7.95372   -9.00592   -8.88181   -8.86729   -8.59402
   3317.15     10000   -7.95943   -9.04639   -8.93195   -8.90722   -8.62006
   3340.51     15000   -7.99451   -9.30899   -9.34022   -9.27533   -8.69912
MyID= 0: Time=  0.1,has convergenced
     1685655 iterations for the convertgence of psi
 MyID=           0 has finish
