 START-UP FOR CHUNK...
     23.44      5000   -0.55180   -2.00237   -1.87196   -1.78493   -1.28106
     46.80     10000   -0.65367   -2.17543   -1.72758   -1.79911   -1.44968
     70.14     15000   -0.60379   -2.26492   -1.62163   -1.67409   -1.43034
     93.46     20000   -0.50890   -2.04775   -1.51922   -1.51480   -1.34201
    116.78     25000   -0.43929   -1.65663   -1.46374   -1.44829   -1.24626
    140.12     30000   -0.40492   -1.68896   -1.61031   -1.59532   -1.20578
    163.45     35000   -0.45518   -1.95716   -1.83123   -1.97152   -1.33223
    186.77     40000   -0.65495   -1.90320   -1.81493   -1.79517   -1.44082
    210.09     45000   -0.85712   -1.94230   -1.80799   -1.83118   -1.53725
    233.40     50000   -0.93268   -2.22796   -2.13212   -2.10779   -1.66084
    256.71     55000   -1.01294   -2.39589   -2.38464   -2.39524   -1.78327
    280.02     60000   -1.10808   -2.31541   -2.09386   -2.11512   -1.81157
    303.34     65000   -1.14837   -2.17428   -2.04738   -2.02094   -1.79014
    326.66     70000   -1.11813   -2.31172   -2.24719   -2.19539   -1.82238
    349.98     75000   -1.17029   -2.58144   -2.62563   -2.52708   -1.91623
    373.31     80000   -1.29678   -2.40834   -2.33472   -2.28937   -1.97686
    396.64     85000   -1.39943   -2.39562   -2.28675   -2.27567   -2.01224
    419.98     90000   -1.40939   -2.62818   -2.54612   -2.52850   -2.08823
    443.30     95000   -1.47801   -2.82104   -2.91545   -2.84271   -2.19352
    466.63    100000   -1.58901   -2.67419   -2.53299   -2.54271   -2.24117
 ITERATION...
    489.95      5000   -1.61842   -2.64277   -2.50816   -2.49654   -2.24667
    513.28     10000   -1.61656   -2.83713   -2.77270   -2.71371   -2.29994
    536.60     15000   -1.68277   -3.07881   -3.11604   -3.04458   -2.39665
    559.93     20000   -1.80288   -2.87820   -2.76393   -2.74000   -2.45032
    583.23     25000   -1.83734   -2.87571   -2.75984   -2.73545   -2.47614
    606.52     30000   -1.86688   -3.11665   -3.05510   -3.01413   -2.54714
    629.82     35000   -1.93945   -3.28053   -3.31315   -3.24761   -2.64578
    653.11     40000   -2.05123   -3.09182   -2.97007   -2.96415   -2.68912
    676.40     45000   -2.05728   -3.11084   -2.98308   -2.97154   -2.70595
    699.69     50000   -2.08488   -3.35473   -3.30631   -3.24931   -2.77306
    722.99     55000   -2.16301   -3.49968   -3.48983   -3.45311   -2.86875
    746.28     60000   -2.27726   -3.31900   -3.19205   -3.18059   -2.91110
    769.57     65000   -2.28319   -3.35420   -3.23515   -3.21044   -2.93671
    792.86     70000   -2.32256   -3.62687   -3.59638   -3.53144   -3.01287
    816.17     75000   -2.40736   -3.71566   -3.67554   -3.63711   -3.10710
    839.49     80000   -2.51537   -3.53301   -3.40968   -3.39686   -3.14209
    862.82     85000   -2.50752   -3.58722   -3.46831   -3.45006   -3.16677
    886.17     90000   -2.54887   -3.87215   -3.85927   -3.79037   -3.24442
    909.50     95000   -2.64001   -3.91197   -3.86135   -3.83645   -3.33564
    932.84    100000   -2.74629   -3.75930   -3.63141   -3.62206   -3.36787
    956.17      5000   -2.73636   -3.83399   -3.71841   -3.69481   -3.39804
    979.49     10000   -2.78167   -4.13770   -4.15371   -4.06703   -3.48131
   1002.82     15000   -2.88021   -4.12895   -4.04807   -4.02787   -3.56937
   1026.15     20000   -2.98006   -3.98201   -3.85447   -3.84077   -3.59660
   1049.51     25000   -2.96323   -4.07236   -3.96123   -3.93645   -3.62921
   1072.85     30000   -3.01161   -4.38744   -4.42759   -4.33256   -3.71520
   1096.18     35000   -3.11543   -4.32837   -4.24549   -4.22646   -3.79909
   1119.51     40000   -3.21270   -4.20760   -4.08036   -4.06885   -3.82369
   1142.83     45000   -3.19234   -4.31984   -4.21229   -4.18660   -3.86111
   1166.19     50000   -3.24362   -4.64099   -4.71407   -4.60437   -3.95090
   1189.52     55000   -3.35343   -4.53984   -4.43861   -4.42567   -4.03039
   1212.83     60000   -3.44507   -4.43551   -4.30641   -4.29287   -4.05198
   1236.15     65000   -3.42132   -4.56445   -4.46214   -4.43219   -4.09331
   1259.48     70000   -3.47514   -4.88866   -4.98230   -4.86182   -4.18554
   1282.82     75000   -3.58973   -4.74752   -4.64322   -4.62873   -4.25986
   1306.15     80000   -3.67366   -4.66380   -4.53690   -4.52294   -4.27980
   1329.47     85000   -3.65240   -4.81374   -4.71748   -4.68652   -4.32599
   1352.79     90000   -3.70939   -5.12762   -5.23334   -5.11422   -4.42062
   1376.08     95000   -3.82638   -4.95748   -4.84435   -4.83338   -4.48965
   1399.38    100000   -3.89029   -4.89440   -4.76617   -4.75178   -4.50832
   1422.67      5000   -3.88364   -5.06309   -4.97314   -4.93764   -4.55907
   1445.96     10000   -3.94408   -5.36253   -5.46006   -5.34768   -4.65519
   1469.25     15000   -4.06148   -5.17056   -5.05387   -5.04215   -4.71846
   1492.54     20000   -4.10873   -5.12647   -5.00050   -4.98460   -4.73681
   1515.84     25000   -4.11397   -5.31558   -5.23468   -5.19607   -4.79252
   1539.13     30000   -4.17885   -5.58699   -5.65931   -5.56725   -4.88967
   1562.42     35000   -4.29632   -5.38308   -5.26213   -5.25151   -4.94725
   1585.71     40000   -4.32929   -5.35954   -5.23365   -5.21739   -4.96588
   1609.00     45000   -4.34596   -5.56853   -5.49667   -5.45323   -5.02637
   1632.29     50000   -4.41355   -5.80568   -5.84772   -5.77375   -5.12369
   1655.58     55000   -4.53041   -5.59948   -5.47605   -5.46534   -5.17542
   1678.88     60000   -4.55088   -5.59509   -5.47137   -5.45360   -5.19510
   1702.17     65000   -4.57606   -5.82437   -5.76546   -5.71649   -5.26050
   1725.46     70000   -4.64974   -6.01848   -6.02545   -5.97047   -5.35740
   1748.75     75000   -4.76536   -5.81593   -5.69003   -5.67930   -5.40355
   1772.05     80000   -4.77440   -5.83116   -5.70872   -5.69003   -5.42490
   1795.34     85000   -4.80684   -6.08023   -6.03514   -5.97960   -5.49497
   1818.69     90000   -4.88639   -6.22681   -6.20688   -6.16434   -5.59056
   1842.05     95000   -4.99856   -6.03527   -5.90822   -5.89737   -5.63130
   1865.39    100000   -4.99955   -6.06986   -5.94997   -5.92988   -5.65494
   1888.71      5000   -5.03753   -6.33828   -6.31184   -6.24803   -5.72962
   1912.04     10000   -5.12332   -6.43321   -6.38713   -6.35553   -5.82330
   1935.37     15000   -5.23240   -6.25553   -6.12695   -6.11575   -5.85909
   1958.69     20000   -5.22576   -6.30929   -6.19162   -6.17007   -5.88556
   1982.02     25000   -5.26890   -6.59557   -6.58993   -6.51614   -5.96452
   2005.34     30000   -5.36059   -6.63832   -6.57444   -6.54905   -6.05542
   2028.66     35000   -5.46588   -6.47800   -6.34919   -6.33760   -6.08668
   2051.98     40000   -5.45411   -6.55114   -6.43682   -6.41370   -6.11648
   2075.30     45000   -5.49901   -6.85317   -6.87349   -6.78803   -6.19950
   2098.62     50000   -5.59831   -6.84336   -6.76309   -6.74326   -6.28705
   2121.94     55000   -5.69835   -6.70171   -6.57214   -6.56010   -6.31443
   2145.25     60000   -5.68156   -6.79405   -6.68300   -6.65796   -6.34795
   2168.57     65000   -5.73080   -7.10830   -7.15633   -7.05724   -6.43459
   2191.90     70000   -5.83532   -7.04940   -6.95810   -6.94119   -6.51805
   2215.22     75000   -5.93143   -6.92741   -6.79820   -6.78552   -6.54214
   2238.55     80000   -5.91057   -7.03924   -6.93269   -6.90562   -6.57977
   2261.88     85000   -5.96184   -7.36059   -7.43702   -7.32542   -6.66965
   2285.19     90000   -6.07228   -7.25620   -7.15503   -7.14080   -6.74855
   2308.54     95000   -6.16376   -7.15439   -7.02510   -7.01184   -6.77010
   2331.89    100000   -6.13991   -7.28572   -7.18385   -7.15432   -6.81210
   2355.22      5000   -6.19410   -7.60742   -7.70572   -7.58457   -6.90468
   2378.55     10000   -6.30911   -7.46495   -7.35704   -7.34415   -6.97845
   2401.88     15000   -6.39054   -7.38330   -7.25480   -7.24076   -6.99818
   2425.23     20000   -6.37098   -7.53441   -7.43871   -7.40642   -7.04479
   2448.55     25000   -6.42834   -7.84786   -7.95370   -7.83339   -7.13955
   2471.88     30000   -6.54523   -7.67492   -7.56103   -7.54934   -7.20791
   2495.20     35000   -6.60735   -7.61348   -7.48552   -7.47073   -7.22658
   2518.52     40000   -6.60211   -7.78449   -7.69556   -7.65998   -7.27795
   2541.84     45000   -6.66323   -8.08037   -8.17608   -8.06606   -7.37422
   2565.13     50000   -6.78052   -7.88703   -7.76906   -7.75790   -7.43687
   2588.43     55000   -6.82599   -7.84555   -7.71882   -7.70311   -7.45521
   2611.74     60000   -6.83255   -8.03671   -7.95646   -7.91702   -7.51143
   2635.06     65000   -6.89772   -8.30514   -8.37429   -8.28368   -7.60860
   2658.39     70000   -7.01533   -8.10059   -7.97898   -7.96824   -7.66549
   2681.71     75000   -7.04677   -8.07893   -7.95333   -7.93667   -7.68423
   2705.03     80000   -7.06460   -8.29028   -8.21999   -8.17589   -7.74532
   2728.35     85000   -7.13275   -8.52278   -8.55987   -8.48855   -7.84263
   2751.67     90000   -7.24946   -8.31621   -8.19222   -8.18154   -7.89372
   2774.99     95000   -7.26848   -8.31416   -8.19030   -8.17255   -7.91357
   2798.31    100000   -7.29451   -8.54574   -8.48802   -8.43834   -7.97949
   2821.62      5000   -7.36885   -8.73481   -8.73874   -8.68512   -8.07625
   2844.91     10000   -7.48406   -8.53338   -8.40724   -8.39654   -8.12175
   2868.20     15000   -7.49230   -8.55077   -8.42868   -8.40975   -8.14335
   2891.50     20000   -7.52554   -8.80220   -8.75933   -8.70278   -8.21397
   2914.80     25000   -7.60582   -8.94304   -8.91890   -8.87809   -8.30940
   2938.11     30000   -7.71763   -8.75248   -8.62507   -8.61414   -8.34955
   2961.42     35000   -7.71747   -8.78922   -8.66950   -8.64925   -8.37349
   2984.74     40000   -7.75606   -9.05982   -9.03543   -8.97057   -8.44867
   3008.06     45000   -7.84265   -9.14893   -9.10084   -9.06986   -8.54204
   3031.37     50000   -7.95115   -8.97314   -8.84459   -8.83338   -8.57727
   3054.66     55000   -7.94397   -9.02914   -8.91196   -8.89024   -8.60411
   3077.96     60000   -7.98757   -9.31745   -9.31488   -9.23980   -8.68356
MyID= 0: Time=  0.1,has convergenced
     1683334 iterations for the convertgence of psi
 MyID=           0 has finish
