 START-UP FOR CHUNK...
     23.50      5000   -0.68186   -2.04577   -2.36979   -3.15667   -1.29307
     46.90     10000   -0.97474   -2.11183   -2.71360   -3.29847   -1.54787
     70.30     15000   -1.13810   -2.19375   -2.69749   -3.32532   -1.69682
     93.71     20000   -1.26157   -2.71432   -2.65639   -3.14954   -1.81990
    117.11     25000   -1.33701   -3.36223   -2.92249   -2.94828   -1.91755
    140.52     30000   -1.35889   -2.75749   -2.63130   -2.71695   -1.98457
    163.92     35000   -1.32885   -2.52510   -2.44419   -2.46821   -2.01283
    187.33     40000   -1.23611   -2.51364   -2.17984   -2.20528   -1.94606
    210.73     45000   -1.07199   -2.36260   -1.90995   -1.93505   -1.74990
    234.14     50000   -0.85464   -2.05772   -1.65135   -1.66768   -1.49368
    257.55     55000   -0.56522   -1.75923   -1.44623   -1.43444   -1.24466
    280.95     60000   -0.33971   -1.51002   -1.36571   -1.35611   -1.07253
    304.35     65000   -0.26847   -1.66565   -1.51131   -1.54570   -1.06214
    327.76     70000   -0.38575   -1.72742   -1.52705   -1.47324   -1.15419
    351.16     75000   -0.63977   -1.74886   -1.60113   -1.54649   -1.30741
    374.55     80000   -0.72345   -2.01181   -1.94175   -1.90187   -1.46445
    397.95     85000   -0.79696   -2.13294   -1.92449   -1.91699   -1.50190
    421.35     90000   -0.79123   -1.90971   -1.68221   -1.67144   -1.42764
    444.75     95000   -0.71847   -1.82058   -1.71952   -1.72055   -1.39480
    468.14    100000   -0.71818   -2.08868   -2.01704   -2.06769   -1.45501
 ITERATION...
    491.54      5000   -0.81350   -2.04356   -1.87320   -1.83479   -1.51871
    514.94     10000   -0.93880   -2.01801   -1.88583   -1.86124   -1.60199
    538.33     15000   -0.98932   -2.24707   -2.22680   -2.22232   -1.71659
    561.72     20000   -1.05906   -2.38900   -2.23053   -2.21901   -1.76294
    585.12     25000   -1.10409   -2.18952   -2.01067   -1.99134   -1.73773
    608.52     30000   -1.05738   -2.18184   -2.10787   -2.10044   -1.75351
    631.92     35000   -1.08828   -2.45794   -2.44972   -2.48666   -1.82154
    655.32     40000   -1.17592   -2.36483   -2.19432   -2.16468   -1.86012
    678.72     45000   -1.24446   -2.32054   -2.19138   -2.17091   -1.91150
    702.12     50000   -1.27774   -2.52872   -2.51904   -2.52118   -2.00420
    725.52     55000   -1.34665   -2.67935   -2.53308   -2.51672   -2.05308
    748.92     60000   -1.41557   -2.49038   -2.32191   -2.30100   -2.04651
    772.32     65000   -1.38210   -2.51161   -2.43571   -2.42672   -2.08050
    795.72     70000   -1.42239   -2.78292   -2.79967   -2.83008   -2.15229
    819.12     75000   -1.50220   -2.69138   -2.51592   -2.48931   -2.18218
    842.52     80000   -1.55194   -2.62557   -2.49587   -2.47576   -2.21819
    865.92     85000   -1.57469   -2.81450   -2.80520   -2.80690   -2.30065
    889.32     90000   -1.64342   -2.98458   -2.84797   -2.83087   -2.35279
    912.73     95000   -1.72239   -2.79715   -2.63121   -2.60905   -2.35444
    936.13    100000   -1.69854   -2.82428   -2.74267   -2.73178   -2.39503
    959.54      5000   -1.74072   -3.09214   -3.12472   -3.15378   -2.46928
    982.94     10000   -1.81595   -3.01599   -2.83793   -2.81235   -2.49670
   1006.35     15000   -1.86074   -2.93169   -2.79934   -2.77927   -2.52401
   1029.75     20000   -1.87605   -3.10270   -3.08802   -3.08927   -2.60056
   1053.13     25000   -1.94452   -3.29467   -3.17021   -3.15429   -2.65614
   1076.54     30000   -2.02593   -3.10728   -2.94063   -2.91788   -2.66184
   1099.95     35000   -2.01028   -3.12963   -3.04191   -3.02943   -2.70404
   1123.36     40000   -2.05113   -3.39290   -3.43554   -3.46441   -2.78005
   1146.77     45000   -2.12439   -3.33934   -3.15993   -3.13498   -2.80797
   1170.18     50000   -2.17094   -3.23899   -3.10321   -3.08281   -2.82996
   1193.58     55000   -2.18060   -3.39407   -3.37162   -3.37159   -2.90253
   1216.97     60000   -2.24735   -3.60641   -3.49628   -3.48243   -2.96133
   1240.37     65000   -2.32901   -3.41955   -3.25113   -3.22790   -2.96929
   1263.77     70000   -2.31998   -3.43269   -3.33889   -3.32522   -3.01076
   1287.17     75000   -2.35917   -3.68925   -3.73660   -3.76462   -3.08792
   1310.57     80000   -2.42968   -3.66144   -3.48213   -3.45774   -3.11774
   1333.97     85000   -2.48130   -3.54704   -3.40765   -3.38695   -3.13619
   1357.38     90000   -2.48557   -3.68741   -3.65671   -3.65497   -3.20565
   1380.78     95000   -2.55108   -3.91767   -3.82406   -3.81316   -3.26744
   1404.18    100000   -2.63261   -3.73321   -3.56277   -3.53917   -3.27695
   1427.58      5000   -2.62892   -3.73517   -3.63574   -3.62102   -3.31657
   1450.97     10000   -2.66484   -3.98362   -4.03076   -4.05699   -3.39437
   1474.37     15000   -2.73496   -3.98282   -3.80487   -3.78092   -3.42680
   1497.78     20000   -2.79252   -3.85568   -3.71278   -3.69176   -3.44269
   1521.18     25000   -2.79110   -3.98208   -3.94316   -3.93972   -3.50940
   1544.59     30000   -2.85547   -4.22725   -4.15234   -4.14506   -3.57395
   1568.00     35000   -2.93530   -4.04795   -3.87548   -3.85162   -3.58482
   1591.41     40000   -2.93765   -4.03774   -3.93312   -3.91752   -3.62206
   1614.81     45000   -2.97065   -4.27683   -4.32019   -4.34382   -3.70006
   1638.22     50000   -3.04070   -4.30388   -4.12833   -4.10484   -3.73546
   1661.63     55000   -3.10464   -4.16491   -4.01863   -3.99725   -3.74940
   1685.04     60000   -3.09787   -4.27776   -4.23088   -4.22577   -3.81347
   1708.46     65000   -3.16054   -4.53478   -4.48008   -4.47709   -3.88056
   1731.87     70000   -3.23779   -4.36362   -4.18922   -4.16514   -3.89286
   1755.29     75000   -3.24618   -4.34076   -4.23127   -4.21489   -3.92749
   1778.69     80000   -3.27542   -4.56943   -4.60650   -4.62702   -4.00533
   1802.09     85000   -3.34611   -4.62466   -4.45266   -4.42974   -4.04390
   1825.50     90000   -3.41656   -4.47475   -4.32520   -4.30348   -4.05630
   1848.90     95000   -3.40538   -4.57426   -4.51978   -4.51310   -4.11773
   1872.30    100000   -3.46489   -4.84002   -4.80624   -4.80816   -4.18714
   1895.71      5000   -3.54124   -4.68013   -4.50393   -4.47969   -4.20103
   1919.11     10000   -3.55464   -4.64439   -4.53025   -4.51317   -4.23297
   1942.51     15000   -3.58084   -4.86185   -4.89090   -4.90808   -4.31032
   1965.91     20000   -3.65115   -4.94510   -4.77794   -4.75573   -4.35217
   1989.32     25000   -3.72895   -4.78525   -4.63252   -4.61046   -4.36337
   2012.73     30000   -3.71319   -4.87152   -4.80980   -4.80166   -4.42211
   2036.13     35000   -3.76965   -5.14288   -5.12973   -5.13701   -4.49358
   2059.54     40000   -3.84563   -4.99736   -4.81960   -4.79524   -4.50929
   2082.94     45000   -3.86398   -4.94867   -4.83009   -4.81236   -4.53857
   2106.33     50000   -3.88584   -5.15433   -5.17434   -5.18812   -4.61513
   2129.73     55000   -3.95704   -5.26503   -5.10420   -5.08290   -4.66029
   2153.12     60000   -4.04106   -5.09639   -4.94059   -4.91821   -4.67059
   2176.51     65000   -4.02108   -5.16951   -5.10089   -5.09141   -4.72659
   2199.89     70000   -4.07514   -5.44348   -5.44948   -5.46222   -4.79987
   2223.28     75000   -4.14922   -5.31525   -5.13621   -5.11178   -4.81762
   2246.69     80000   -4.17423   -5.25359   -5.13076   -5.11243   -4.84430
   2270.08     85000   -4.19141   -5.44704   -5.45748   -5.46798   -4.91981
   2293.48     90000   -4.26099   -5.58419   -5.43143   -5.41128   -4.96828
   2316.88     95000   -4.35119   -5.40819   -5.24943   -5.22674   -4.97797
   2340.29    100000   -4.32833   -5.46818   -5.39302   -5.38231   -5.03115
   2363.68      5000   -4.37953   -5.74202   -5.76449   -5.78231   -5.10597
   2387.09     10000   -4.45269   -5.63375   -5.45379   -5.42933   -5.12600
   2410.49     15000   -4.48273   -5.55918   -5.43226   -5.41337   -5.15018
   2433.89     20000   -4.49763   -5.74011   -5.74081   -5.74823   -5.22438
   2457.29     25000   -4.56583   -5.90233   -5.75955   -5.74087   -5.27613
   2480.69     30000   -4.65579   -5.72065   -5.55905   -5.53608   -5.28549
   2504.10     35000   -4.63648   -5.76754   -5.68618   -5.67434   -5.33580
   2527.49     40000   -4.68484   -6.03878   -6.07406   -6.09604   -5.41188
   2550.89     45000   -4.75673   -5.95281   -5.77234   -5.74791   -5.43442
   2574.29     50000   -4.79210   -5.86543   -5.73457   -5.71516   -5.45622
   2597.69     55000   -4.80363   -6.03361   -6.02468   -6.02925   -5.52888
   2621.09     60000   -4.87156   -6.21913   -6.08845   -6.07161   -5.58382
   2644.49     65000   -4.95943   -6.03378   -5.86947   -5.84623   -5.59315
   2667.89     70000   -4.94555   -6.06758   -5.98032   -5.96746   -5.64054
   2691.29     75000   -4.98949   -6.33407   -6.37790   -6.40264   -5.71761
   2714.69     80000   -5.06169   -6.27236   -6.09188   -6.06755   -5.74284
   2738.09     85000   -5.10240   -6.17234   -6.03768   -6.01779   -5.76243
   2761.49     90000   -5.11053   -6.32763   -6.30930   -6.31128   -5.83332
   2784.89     95000   -5.17778   -6.53427   -6.41790   -6.40336   -5.89136
   2808.30    100000   -5.26204   -6.34759   -6.18069   -6.15720   -5.90093
   2831.68      5000   -5.25333   -6.36830   -6.27543   -6.26162   -5.94540
   2855.08     10000   -5.29454   -6.62819   -6.67622   -6.70210   -6.02315
   2878.48     15000   -5.36493   -6.59233   -6.41244   -6.38827   -6.05125
   2901.88     20000   -5.41284   -6.47991   -6.34159   -6.32123   -6.06880
   2925.28     25000   -5.41729   -6.62222   -6.59483   -6.59446   -6.13773
   2948.67     30000   -5.48264   -6.84747   -6.74760   -6.73588   -6.19871
   2972.08     35000   -5.56558   -6.66208   -6.49273   -6.46902   -6.20884
   2995.48     40000   -5.56179   -6.66970   -6.57149   -6.55680   -6.25037
   3018.85     45000   -5.59926   -6.92147   -6.96968   -6.99511   -6.32851
   3042.22     50000   -5.66907   -6.91261   -6.73405   -6.71013   -6.35964
   3065.59     55000   -5.72382   -6.78814   -6.64628   -6.62549   -6.37533
   3088.98     60000   -5.72322   -6.91742   -6.88135   -6.87887   -6.44213
   3112.37     65000   -5.78794   -7.15846   -7.07710   -7.06881   -6.50589
   3135.77     70000   -5.86912   -6.97724   -6.80561   -6.78169   -6.51685
   3159.17     75000   -5.86993   -6.97177   -6.86846   -6.85297   -6.55546
   3182.58     80000   -5.90420   -7.21419   -7.25919   -7.28289   -6.63371
   3205.97     85000   -5.97412   -7.23308   -7.05671   -7.03315   -6.66799
   3229.36     90000   -6.03575   -7.09704   -6.95175   -6.93055   -6.68203
   3252.74     95000   -6.03005   -7.21324   -7.16893   -7.16454   -6.74652
   3276.13    100000   -6.09312   -7.46706   -7.40580   -7.40160   -6.81287
   3299.53      5000   -6.17144   -7.29307   -7.11933   -7.09524   -6.82497
   3322.93     10000   -6.17862   -7.27450   -7.16633   -7.15009   -6.86069
   3346.32     15000   -6.20894   -7.50659   -7.54579   -7.56687   -6.93876
   3369.68     20000   -6.27969   -7.55359   -7.38044   -7.35736   -6.97628
   3393.08     25000   -6.34762   -7.40660   -7.25799   -7.23642   -6.98889
   3416.47     30000   -6.33773   -7.50971   -7.45758   -7.45147   -7.05093
   3439.87     35000   -6.39810   -7.77318   -7.73292   -7.73343   -7.11966
   3463.27     40000   -6.47468   -7.60956   -7.43392   -7.40968   -7.13317
   3486.63     45000   -6.48675   -7.57791   -7.46507   -7.44814   -7.16606
   3510.02     50000   -6.51396   -7.79889   -7.83044   -7.84842   -7.24366
   3533.41     55000   -6.58436   -7.87396   -7.70524   -7.68281   -7.28449
   3556.80     60000   -6.65990   -7.71684   -7.56502   -7.54309   -7.29592
   3580.19     65000   -6.64535   -7.80685   -7.74730   -7.73963   -7.35537
   3603.58     70000   -6.70268   -8.07684   -8.05753   -8.06327   -7.42625
   3626.98     75000   -6.77884   -7.92670   -7.74939   -7.72505   -7.44144
   3650.37     80000   -6.79579   -7.88198   -7.76467   -7.74710   -7.47158
   3673.76     85000   -6.81908   -8.09126   -8.11400   -8.12868   -7.54845
   3697.15     90000   -6.88993   -8.19395   -8.03110   -8.00951   -7.59261
   3720.55     95000   -6.97233   -8.02774   -7.87283   -7.85055   -7.60309
   3743.93    100000   -6.95373   -8.10466   -8.03808   -8.02901   -7.65987
   3767.33      5000   -7.00817   -8.37814   -8.37862   -8.38980   -7.73263
   3790.72     10000   -7.08297   -8.24447   -8.06578   -8.04136   -7.74978
   3814.13     15000   -7.10576   -8.18671   -8.06511   -8.04694   -7.77725
   3837.52     20000   -7.12436   -8.38385   -8.39714   -8.40855   -7.85312
   3860.91     25000   -7.19442   -8.51331   -8.35799   -8.33748   -7.90061
   3884.31     30000   -7.28351   -8.33931   -8.18142   -8.15883   -7.91043
   3907.08     35000   -7.26072   -8.40315   -8.32991   -8.31956   -7.96442
   3929.67     40000   -7.31276   -8.67729   -8.69518   -8.71160   -8.03881
   3952.25     45000   -7.38627   -8.56283   -8.38310   -8.35864   -8.05816
   3974.81     50000   -7.41479   -8.49210   -8.36637   -8.34764   -8.08308
   3997.46     55000   -7.43054   -8.67678   -8.68036   -8.68865   -8.15771
   4020.08     60000   -7.49897   -8.83176   -8.68583   -8.66668   -8.20849
   4042.69     65000   -7.58899   -8.65156   -8.49079   -8.46791   -8.21790
   4064.88     70000   -7.56862   -8.70231   -8.62276   -8.61125   -8.26905
   4087.12     75000   -7.61781   -8.97455   -9.00644   -9.02734   -8.34479
   4108.91     80000   -7.69009   -8.88175   -8.70137   -8.67693   -8.36657
   4130.79     85000   -7.72389   -8.79816   -8.66845   -8.64919   -8.38907
   4152.56     90000   -7.73642   -8.97014   -8.96404   -8.96941   -8.46222
   4174.34     95000   -7.80443   -9.14897   -9.01450   -8.99707   -8.51622
   4195.49    100000   -7.89346   -8.96449   -8.80097   -8.77780   -8.52552
   4216.58      5000   -7.87742   -9.00215   -8.91661   -8.90405   -8.57378
   4237.30     10000   -7.92282   -9.27025   -9.31200   -9.33610   -8.65058
   4258.31     15000   -7.99477   -9.20117   -9.02063   -8.99626   -8.67499
MyID= 0: Time=  0.1,has convergenced
     1684321 iterations for the convertgence of psi
 MyID=           0 has finish
