 START-UP FOR CHUNK...
     23.58      5000   -0.58512   -2.02372   -1.99480   -1.92892   -1.28594
     46.99     10000   -0.72586   -2.15298   -1.86680   -1.93499   -1.48940
     70.41     15000   -0.70715   -2.27335   -1.75605   -1.79777   -1.50913
     93.82     20000   -0.61777   -2.24683   -1.61497   -1.61661   -1.42686
    117.22     25000   -0.51218   -1.78897   -1.49183   -1.47789   -1.30764
    140.62     30000   -0.44545   -1.59345   -1.47524   -1.47743   -1.20832
    164.00     35000   -0.43272   -1.84882   -1.78867   -1.76912   -1.23948
    187.38     40000   -0.55032   -1.92356   -1.87046   -1.93733   -1.35900
    210.77     45000   -0.72107   -1.86196   -1.73617   -1.73797   -1.43589
    234.16     50000   -0.86059   -2.02758   -1.91782   -1.87683   -1.55297
    257.56     55000   -0.95211   -2.31168   -2.42294   -2.35501   -1.68244
    280.96     60000   -1.03281   -2.30188   -2.14452   -2.14316   -1.73887
    304.36     65000   -1.06470   -2.10063   -1.96313   -1.94141   -1.70904
    327.74     70000   -1.03212   -2.13638   -2.05539   -2.02342   -1.70988
    351.12     75000   -1.05616   -2.37742   -2.51064   -2.43075   -1.78125
    374.50     80000   -1.15706   -2.32677   -2.26980   -2.24140   -1.84558
    397.92     85000   -1.26580   -2.28133   -2.15622   -2.14332   -1.87979
    421.34     90000   -1.28064   -2.45762   -2.38207   -2.34946   -1.95442
    444.77     95000   -1.34487   -2.69183   -2.84882   -2.79962   -2.05360
    468.16    100000   -1.42953   -2.54758   -2.41149   -2.40554   -2.08954
 ITERATION...
    491.56      5000   -1.45223   -2.49181   -2.36738   -2.34295   -2.08911
    514.96     10000   -1.45092   -2.67329   -2.63854   -2.58792   -2.14202
    538.36     15000   -1.51800   -2.84340   -2.90361   -2.86661   -2.22757
    561.74     20000   -1.61874   -2.68266   -2.56678   -2.54595   -2.26444
    585.16     25000   -1.64198   -2.72789   -2.60994   -2.58726   -2.29922
    608.59     30000   -1.68031   -2.98571   -3.02108   -2.96597   -2.38373
    632.02     35000   -1.76903   -3.00755   -2.95985   -2.94830   -2.46031
    655.45     40000   -1.84666   -2.87478   -2.74304   -2.72935   -2.47377
    678.86     45000   -1.83408   -2.95736   -2.85749   -2.82809   -2.50493
    702.25     50000   -1.87551   -3.23211   -3.36648   -3.28607   -2.58917
    725.65     55000   -1.97262   -3.14530   -3.05331   -3.03894   -2.65185
    749.04     60000   -2.05144   -3.06956   -2.94361   -2.92214   -2.67050
    772.43     65000   -2.04581   -3.22738   -3.15152   -3.11659   -2.72679
    795.82     70000   -2.10489   -3.47257   -3.60618   -3.54784   -2.81793
    819.22     75000   -2.19954   -3.30171   -3.18641   -3.17207   -2.85971
    842.63     80000   -2.22944   -3.28141   -3.15992   -3.13879   -2.87513
    866.03     85000   -2.24520   -3.48985   -3.46253   -3.41914   -2.94091
    889.44     90000   -2.32086   -3.63187   -3.65067   -3.62889   -3.02620
    912.86     95000   -2.41327   -3.46895   -3.34331   -3.32780   -3.05498
    936.27    100000   -2.42090   -3.51383   -3.40211   -3.37610   -3.08412
    959.68      5000   -2.45651   -3.77692   -3.83207   -3.76954   -3.16562
    983.10     10000   -2.54886   -3.78130   -3.71524   -3.70099   -3.23907
   1006.50     15000   -2.63386   -3.65528   -3.52698   -3.50856   -3.25564
   1029.90     20000   -2.62172   -3.75794   -3.66420   -3.63426   -3.29576
   1053.29     25000   -2.66838   -4.03363   -4.18664   -4.11080   -3.38373
   1076.68     30000   -2.76675   -3.92024   -3.81836   -3.80497   -3.44086
   1100.07     35000   -2.82945   -3.85669   -3.72964   -3.70969   -3.45657
   1123.46     40000   -2.82840   -4.02254   -3.95838   -3.92165   -3.51365
   1146.85     45000   -2.89096   -4.24831   -4.35505   -4.31134   -3.60339
   1170.28     50000   -2.98661   -4.07889   -3.95739   -3.94309   -3.64213
   1193.71     55000   -3.01035   -4.07453   -3.95397   -3.93061   -3.66164
   1217.13     60000   -3.03290   -4.29797   -4.28777   -4.23957   -3.73264
   1240.56     65000   -3.11410   -4.40757   -4.39808   -4.37917   -3.81573
   1263.99     70000   -3.20343   -4.25032   -4.12220   -4.10570   -3.84035
   1287.39     75000   -3.20537   -4.30882   -4.19947   -4.17296   -3.87126
   1310.78     80000   -3.24329   -4.57672   -4.65951   -4.59228   -3.95441
   1334.17     85000   -3.33851   -4.54838   -4.47165   -4.45852   -4.02409
   1357.55     90000   -3.42264   -4.43990   -4.31016   -4.29186   -4.04011
   1380.94     95000   -3.40805   -4.55922   -4.47004   -4.43843   -4.08488
   1404.33    100000   -3.45875   -4.82878   -4.99026   -4.91628   -4.17423
   1427.72      5000   -3.55626   -4.69401   -4.58506   -4.57165   -4.22656
   1451.12     10000   -3.60828   -4.64514   -4.51865   -4.49766   -4.24231
   1474.52     15000   -3.61418   -4.82609   -4.77144   -4.73230   -4.30280
   1497.91     20000   -3.68147   -5.02592   -5.10221   -5.06694   -4.39149
   1521.31     25000   -3.77479   -4.85422   -4.73097   -4.71611   -4.42630
   1544.71     30000   -3.79287   -4.86675   -4.74791   -4.72415   -4.44841
   1568.10     35000   -3.82039   -5.10407   -5.11235   -5.06032   -4.52299
   1591.50     40000   -3.90500   -5.17751   -5.14695   -5.13077   -4.60330
   1614.90     45000   -3.99366   -5.03085   -4.90188   -4.88512   -4.62497
   1638.32     50000   -3.99039   -5.10479   -4.99938   -4.97168   -4.65900
   1661.75     55000   -4.03174   -5.37900   -5.48870   -5.41599   -4.74423
   1685.16     60000   -4.12774   -5.31807   -5.23126   -5.21812   -4.80979
   1708.56     65000   -4.21197   -5.22410   -5.09516   -5.07614   -4.82507
   1731.95     70000   -4.19534   -5.35939   -5.27701   -5.24398   -4.87385
   1755.35     75000   -4.24853   -5.61853   -5.77338   -5.70720   -4.96379
   1778.75     80000   -4.34657   -5.46689   -5.35357   -5.33990   -5.01151
   1802.14     85000   -4.38797   -5.43354   -5.30873   -5.28719   -5.02819
   1825.54     90000   -4.39997   -5.62946   -5.58739   -5.54572   -5.09240
   1848.93     95000   -4.47185   -5.80132   -5.84620   -5.81857   -5.17968
   1872.33    100000   -4.56451   -5.63136   -5.50620   -5.49088   -5.21068
   1895.72      5000   -4.57534   -5.65931   -5.54341   -5.51872   -5.23539
   1919.12     10000   -4.60682   -5.90886   -5.93934   -5.88274   -5.31311
   1942.51     15000   -4.69627   -5.94729   -5.89862   -5.88383   -5.39022
   1965.90     20000   -4.78245   -5.81222   -5.68299   -5.66566   -5.40955
   1989.33     25000   -4.77637   -5.90151   -5.80093   -5.77213   -5.44707
   2012.76     30000   -4.82069   -6.17813   -6.31352   -6.23700   -5.53411
   2036.18     35000   -4.91678   -6.08864   -5.99323   -5.98017   -5.59533
   2059.61     40000   -4.99033   -6.00963   -5.88139   -5.86179   -5.61026
   2083.04     45000   -4.98112   -6.16028   -6.08606   -6.05123   -5.66296
   2106.44     50000   -5.03897   -6.40417   -6.53952   -6.48416   -5.75297
   2129.84     55000   -5.13552   -6.24120   -6.12391   -6.10986   -5.79622
   2153.23     60000   -5.16839   -6.22318   -6.10019   -6.07790   -5.81434
   2176.63     65000   -5.18660   -6.43364   -6.40613   -6.36147   -5.88220
   2200.03     70000   -5.26274   -6.57445   -6.59064   -6.56829   -5.96760
   2223.42     75000   -5.35341   -6.40972   -6.28298   -6.26718   -5.99508
   2246.82     80000   -5.35917   -6.45307   -6.34031   -6.31471   -6.02265
   2270.21     85000   -5.39376   -6.71305   -6.76855   -6.70679   -6.10320
   2293.60     90000   -5.48632   -6.71683   -6.65300   -6.63916   -6.17674
   2316.99     95000   -5.57262   -6.59480   -6.46539   -6.44753   -6.19424
   2340.38    100000   -5.56140   -6.69947   -6.60424   -6.57413   -6.23544
   2363.78      5000   -5.60867   -6.97474   -7.12902   -7.05144   -6.32388
   2387.18     10000   -5.70664   -6.86012   -6.75754   -6.74435   -6.38062
   2410.57     15000   -5.76842   -6.79626   -6.66893   -6.64870   -6.39567
   2433.97     20000   -5.76691   -6.96223   -6.89729   -6.86047   -6.45228
   2457.38     25000   -5.82933   -7.18607   -7.29331   -7.24900   -6.54186
   2480.77     30000   -5.92535   -7.01649   -6.89597   -6.88153   -6.58078
   2504.17     35000   -5.94940   -7.01389   -6.89295   -6.86991   -6.60076
   2527.56     40000   -5.97237   -7.23836   -7.22765   -7.17953   -6.67212
   2550.95     45000   -6.05368   -7.34595   -7.33687   -7.31816   -6.75517
   2574.35     50000   -6.14266   -7.18917   -7.06124   -7.04495   -6.77950
   2597.74     55000   -6.14425   -7.24790   -7.13871   -7.11212   -6.81020
   2621.14     60000   -6.18207   -7.51631   -7.59889   -7.53163   -6.89327
   2644.53     65000   -6.27736   -7.48655   -7.41009   -7.39676   -6.96292
   2667.89     70000   -6.36170   -7.37838   -7.24910   -7.23067   -6.97907
   2691.25     75000   -6.34721   -7.49847   -7.40934   -7.37782   -7.02406
   2714.61     80000   -6.39804   -7.76800   -7.92965   -7.85549   -7.11349
   2737.97     85000   -6.49547   -7.63247   -7.52398   -7.51057   -7.16568
   2761.35     90000   -6.54720   -7.58391   -7.45776   -7.43688   -7.18132
   2784.74     95000   -6.55309   -7.76506   -7.71087   -7.67177   -7.24178
   2808.14    100000   -6.62044   -7.96454   -8.04015   -8.00537   -7.33045
   2831.51      5000   -6.71382   -7.79282   -7.66970   -7.65482   -7.36525
   2854.87     10000   -6.73185   -7.80563   -7.68706   -7.66321   -7.38745
   2878.26     15000   -6.75952   -8.04329   -8.05199   -7.99987   -7.46214
   2901.64     20000   -6.84416   -8.11632   -8.08563   -8.06932   -7.54239
   2925.02     25000   -6.93273   -7.96967   -7.84092   -7.82412   -7.56398
   2948.41     30000   -6.92939   -8.04378   -7.93867   -7.91100   -7.59802
   2971.81     35000   -6.97076   -8.31794   -8.42827   -8.35572   -7.68327
   2995.20     40000   -7.06677   -8.25668   -8.16975   -8.15666   -7.74878
   3018.60     45000   -7.15106   -8.16300   -8.03411   -8.01510   -7.76407
   3041.99     50000   -7.13441   -8.29850   -8.21636   -8.18327   -7.81293
   3065.38     55000   -7.18765   -8.55752   -8.71234   -8.64621   -7.90289
   3088.76     60000   -7.28569   -8.40577   -8.29242   -8.27871   -7.95053
   3112.14     65000   -7.32690   -8.37259   -8.24789   -8.22632   -7.96721
   3135.53     70000   -7.33899   -8.56869   -8.52696   -8.48526   -8.03146
   3158.93     75000   -7.41094   -8.74007   -8.78444   -8.75695   -8.11872
   3182.32     80000   -7.50360   -8.57020   -8.44501   -8.42968   -8.14967
   3205.72     85000   -7.51432   -8.59840   -8.48256   -8.45786   -8.17443
   3229.11     90000   -7.54586   -8.84810   -8.87901   -8.82230   -8.25221
   3252.51     95000   -7.63540   -8.88606   -8.83719   -8.82241   -8.32926
   3275.91    100000   -7.72153   -8.75121   -8.62198   -8.60465   -8.34855
   3299.29      5000   -7.71538   -8.84071   -8.74026   -8.71142   -8.38613
   3322.66     10000   -7.75972   -9.11735   -9.25312   -9.17660   -8.47318
   3346.03     15000   -7.85586   -9.02742   -8.93185   -8.91878   -8.53434
   3369.40     20000   -7.92923   -8.94864   -8.82040   -8.80078   -8.54927
   3392.78     25000   -7.92013   -9.09953   -9.02544   -8.99058   -8.60204
   3416.15     30000   -7.97807   -9.34315   -9.47819   -9.42292   -8.69204
MyID= 0: Time=  0.1,has convergenced
     1685946 iterations for the convertgence of psi
 MyID=           0 has finish
