 START-UP FOR CHUNK...
     23.43      5000   -0.63637   -2.04154   -2.22160   -2.26181   -1.29128
     46.95     10000   -0.84956   -2.12239   -2.18577   -2.26238   -1.53313
     70.48     15000   -0.90353   -2.21330   -2.07905   -2.11794   -1.63588
     94.00     20000   -0.86726   -2.53878   -1.92049   -1.91859   -1.63468
    117.52     25000   -0.75995   -2.17717   -1.72094   -1.71887   -1.52543
    141.05     30000   -0.62579   -1.88142   -1.53510   -1.53989   -1.36512
    164.57     35000   -0.51990   -1.64599   -1.45186   -1.45076   -1.22136
    188.10     40000   -0.45830   -1.68552   -1.62904   -1.59853   -1.17802
    211.62     45000   -0.52157   -1.92394   -1.90456   -2.02005   -1.26500
    235.14     50000   -0.64495   -1.80578   -1.67889   -1.65422   -1.34549
    258.66     55000   -0.79999   -1.91483   -1.78209   -1.75203   -1.46483
    282.19     60000   -0.88049   -2.20219   -2.22592   -2.21464   -1.59389
    305.72     65000   -0.94872   -2.20457   -2.08483   -2.07647   -1.63854
    329.24     70000   -0.95864   -2.01230   -1.85360   -1.83663   -1.59587
    352.77     75000   -0.90569   -2.01036   -1.93137   -1.90584   -1.58549
    376.29     80000   -0.91856   -2.23021   -2.35662   -2.36768   -1.64583
    399.82     85000   -1.01046   -2.19720   -2.07998   -2.05658   -1.69801
    423.35     90000   -1.10424   -2.15574   -2.02774   -2.00730   -1.74619
    446.88     95000   -1.13874   -2.35311   -2.32273   -2.30008   -1.84040
    470.40    100000   -1.21255   -2.53930   -2.52533   -2.52587   -1.91728
 ITERATION...
    493.92      5000   -1.26722   -2.36316   -2.20593   -2.18634   -1.91579
    517.45     10000   -1.25215   -2.34400   -2.24272   -2.21768   -1.92337
    540.97     15000   -1.26871   -2.56027   -2.64113   -2.64299   -1.99145
    564.51     20000   -1.35141   -2.58998   -2.48175   -2.46104   -2.04841
    588.03     25000   -1.44698   -2.48885   -2.35075   -2.32834   -2.07554
    611.56     30000   -1.45114   -2.62315   -2.55916   -2.53852   -2.14610
    635.08     35000   -1.51487   -2.85572   -2.94044   -2.94046   -2.22965
    658.61     40000   -1.58505   -2.71549   -2.56381   -2.54595   -2.24759
    682.13     45000   -1.59893   -2.67848   -2.55970   -2.53672   -2.26054
    705.65     50000   -1.61268   -2.87317   -2.90902   -2.89553   -2.32961
    729.17     55000   -1.68976   -2.96923   -2.88648   -2.87212   -2.39286
    752.69     60000   -1.78307   -2.83199   -2.68833   -2.66536   -2.41144
    776.22     65000   -1.77978   -2.91884   -2.83321   -2.81073   -2.46517
    799.75     70000   -1.83026   -3.17298   -3.30239   -3.30049   -2.55028
    823.27     75000   -1.90602   -3.07314   -2.93263   -2.91380   -2.58197
    846.80     80000   -1.94310   -3.00845   -2.87933   -2.85722   -2.59469
    870.32     85000   -1.94951   -3.17493   -3.16599   -3.14852   -2.66030
    893.84     90000   -2.02224   -3.33674   -3.30438   -3.29568   -2.73119
    917.37     95000   -2.10655   -3.18118   -3.03476   -3.01296   -2.74892
    940.89    100000   -2.11221   -3.22377   -3.12309   -3.10032   -2.78948
    964.42      5000   -2.15120   -3.47296   -3.58466   -3.57739   -2.87322
    987.94     10000   -2.23082   -3.43999   -3.31320   -3.29513   -2.91730
   1011.47     15000   -2.29024   -3.34150   -3.20533   -3.18290   -2.92850
   1034.99     20000   -2.28610   -3.47389   -3.43024   -3.41019   -2.98761
   1058.50     25000   -2.34971   -3.69096   -3.72866   -3.72732   -3.06504
   1082.03     30000   -2.43108   -3.53763   -3.39079   -3.36957   -3.08703
   1105.55     35000   -2.44840   -3.53842   -3.42484   -3.40216   -3.11698
   1129.07     40000   -2.47676   -3.76307   -3.82507   -3.81162   -3.19674
   1152.60     45000   -2.55553   -3.81024   -3.70755   -3.69176   -3.25245
   1176.12     50000   -2.64021   -3.68091   -3.53863   -3.51647   -3.26323
   1199.65     55000   -2.62263   -3.77577   -3.70573   -3.68408   -3.31400
   1223.17     60000   -2.67623   -4.02364   -4.13004   -4.13616   -3.39554
   1246.69     65000   -2.75600   -3.90051   -3.75652   -3.73618   -3.42527
   1270.22     70000   -2.78902   -3.86123   -3.73674   -3.71393   -3.44687
   1293.75     75000   -2.80622   -4.05289   -4.06471   -4.04698   -3.52047
   1317.29     80000   -2.88226   -4.17827   -4.11690   -4.10459   -3.58651
   1340.83     85000   -2.96410   -4.02660   -3.88024   -3.85846   -3.59918
   1364.35     90000   -2.95929   -4.08325   -3.99250   -3.97024   -3.64081
   1387.88     95000   -3.00133   -4.33513   -4.46092   -4.46362   -3.72349
   1411.40    100000   -3.08201   -4.26808   -4.13303   -4.11411   -3.76315
   1434.92      5000   -3.13253   -4.19075   -4.05749   -4.03483   -3.77878
   1458.45     10000   -3.13844   -4.34554   -4.31729   -4.29704   -3.84450
   1481.98     15000   -3.20704   -4.53703   -4.53833   -4.53184   -3.91885
   1505.51     20000   -3.28669   -4.37853   -4.23071   -4.20939   -3.93617
   1529.04     25000   -3.29642   -4.39666   -4.28996   -4.26739   -3.96875
   1552.56     30000   -3.32784   -4.63281   -4.72163   -4.71414   -4.04958
   1576.09     35000   -3.40778   -4.63894   -4.52198   -4.50492   -4.10013
   1599.62     40000   -3.48194   -4.52661   -4.38671   -4.36432   -4.11248
   1623.15     45000   -3.47277   -4.64297   -4.58437   -4.56287   -4.16914
   1646.67     50000   -3.53211   -4.87861   -4.95555   -4.95672   -4.24917
   1670.20     55000   -3.61088   -4.73682   -4.59063   -4.57003   -4.27381
   1693.72     60000   -3.63493   -4.71625   -4.59718   -4.57450   -4.29822
   1717.25     65000   -3.65790   -4.92423   -4.96065   -4.94582   -4.37449
   1740.77     70000   -3.73493   -5.01004   -4.92483   -4.91065   -4.43569
   1764.29     75000   -3.81967   -4.86896   -4.72433   -4.70226   -4.44775
   1787.82     80000   -3.80903   -4.94634   -4.86476   -4.84257   -4.49477
   1811.34     85000   -3.85649   -5.19938   -5.32525   -5.32929   -4.57746
   1834.86     90000   -3.93532   -5.10113   -4.96100   -4.94140   -4.61157
   1858.39     95000   -3.97701   -5.04231   -4.91344   -4.89081   -4.62939
   1881.91    100000   -3.98814   -5.21555   -5.20656   -5.18782   -4.69891
   1905.44      5000   -4.06152   -5.37533   -5.34158   -5.33210   -4.76939
   1928.97     10000   -4.14235   -5.21786   -5.07052   -5.04889   -4.78429
   1952.50     15000   -4.14432   -5.25613   -5.15683   -5.13428   -4.82173
   1976.03     20000   -4.18165   -5.50265   -5.61490   -5.61151   -4.90399
   1999.56     25000   -4.26212   -5.47029   -5.34312   -5.32499   -4.94886
   2023.09     30000   -4.32367   -5.37488   -5.23830   -5.21581   -4.96229
   2046.62     35000   -4.32188   -5.51051   -5.46647   -5.44572   -5.02345
   2070.14     40000   -4.38609   -5.72686   -5.76495   -5.76259   -5.10096
   2093.66     45000   -4.46612   -5.57323   -5.42576   -5.40475   -5.12171
   2117.19     50000   -4.48159   -5.57246   -5.45925   -5.43655   -5.15025
   2140.69     55000   -4.50909   -5.79602   -5.85881   -5.84675   -5.22922
   2164.18     60000   -4.58806   -5.84172   -5.73853   -5.72267   -5.28509
   2187.68     65000   -4.67410   -5.71394   -5.57155   -5.54932   -5.29682
   2211.17     70000   -4.65716   -5.81091   -5.74034   -5.71853   -5.34865
   2234.70     75000   -4.71121   -6.05841   -6.16588   -6.17019   -5.43037
   2258.23     80000   -4.79052   -5.93479   -5.79084   -5.77068   -5.45951
   2281.76     85000   -4.82260   -5.89530   -5.77106   -5.74836   -5.48050
   2305.28     90000   -4.83936   -6.08672   -6.09934   -6.08210   -5.55372
   2328.81     95000   -4.91550   -6.21072   -6.14833   -6.13612   -5.61972
   2352.33    100000   -4.99786   -6.05951   -5.91328   -5.89142   -5.63276
   2375.85      5000   -4.99335   -6.11748   -6.02665   -6.00429   -5.67495
   2399.37     10000   -5.03571   -6.36982   -6.49623   -6.49777   -5.75779
   2422.89     15000   -5.11622   -6.30180   -6.16692   -6.14797   -5.79714
   2446.43     20000   -5.16615   -6.22462   -6.09165   -6.06906   -5.81251
   2469.95     25000   -5.17190   -6.37953   -6.35196   -6.33200   -5.87809
   2493.45     30000   -5.24058   -6.57013   -6.57008   -6.56375   -5.95237
   2516.94     35000   -5.32046   -6.41158   -6.26381   -6.24247   -5.96978
   2540.43     40000   -5.33020   -6.43050   -6.32394   -6.30131   -6.00268
   2563.93     45000   -5.36187   -6.66720   -6.75668   -6.74876   -6.08364
   2587.42     50000   -5.44181   -6.67255   -6.55546   -6.53834   -6.13400
   2610.92     55000   -5.51550   -6.56041   -6.42070   -6.39832   -6.14623
   2634.44     60000   -5.50636   -6.67703   -6.61894   -6.59755   -6.20288
   2657.97     65000   -5.56586   -6.91223   -6.98789   -6.98930   -6.28284
   2681.49     70000   -5.64468   -6.77002   -6.62376   -6.60313   -6.30745
   2705.01     75000   -5.66859   -6.75004   -6.63107   -6.60837   -6.33205
   2728.53     80000   -5.69174   -6.95849   -6.99550   -6.98054   -6.40845
   2752.06     85000   -5.76886   -7.04356   -6.95797   -6.94372   -6.46950
   2775.58     90000   -5.85359   -6.90269   -6.75814   -6.73607   -6.48149
   2799.10     95000   -5.84267   -6.98042   -6.89917   -6.87703   -6.52856
   2822.63    100000   -5.89028   -7.23336   -7.35879   -7.36319   -6.61123
   2846.16      5000   -5.96913   -7.13439   -6.99408   -6.97446   -6.64524
   2869.70     10000   -6.01063   -7.07607   -6.94726   -6.92461   -6.66317
   2893.22     15000   -6.02197   -7.24979   -7.24124   -7.22245   -6.73282
   2916.73     20000   -6.09546   -7.40885   -7.37449   -7.36488   -6.80319
   2940.25     25000   -6.17627   -7.25148   -7.10417   -7.08254   -6.81802
   2963.77     30000   -6.17801   -7.29017   -7.19108   -7.16856   -6.85553
   2987.30     35000   -6.21548   -7.53684   -7.64953   -7.64642   -6.93781
   3010.82     40000   -6.29593   -7.50354   -7.37610   -7.35796   -6.98256
   3034.35     45000   -6.35725   -7.40858   -7.27205   -7.24955   -6.99604
   3057.87     50000   -6.35566   -7.54470   -7.50099   -7.48022   -7.05733
   3081.40     55000   -6.41998   -7.76055   -7.79781   -7.79529   -7.13477
   3104.92     60000   -6.50003   -7.60674   -7.45926   -7.43824   -7.15542
   3128.44     65000   -6.51529   -7.60641   -7.49336   -7.47067   -7.18405
   3151.97     70000   -6.54288   -7.83030   -7.89373   -7.88183   -7.26307
   3175.49     75000   -6.62187   -7.87499   -7.77138   -7.75550   -7.31882
   3199.01     80000   -6.70793   -7.74757   -7.60523   -7.58299   -7.33055
   3222.54     85000   -6.69090   -7.84502   -7.77471   -7.75289   -7.38251
   3246.06     90000   -6.74505   -8.09232   -8.19923   -8.20344   -7.46419
   3269.58     95000   -6.82442   -7.96820   -7.82420   -7.80402   -7.49322
   3293.11    100000   -6.85628   -7.92916   -7.80505   -7.78235   -7.51428
   3316.63      5000   -6.87315   -8.12099   -8.13418   -8.11701   -7.58758
   3340.17     10000   -6.94936   -8.24408   -8.18103   -8.16879   -7.65347
   3363.70     15000   -7.03172   -8.09306   -7.94686   -7.92500   -7.66648
   3387.23     20000   -7.02711   -8.15151   -8.06089   -8.03852   -7.70879
   3410.77     25000   -7.06957   -8.40393   -8.53054   -8.53214   -7.79164
   3434.30     30000   -7.15002   -8.33514   -8.20012   -8.18115   -7.83085
   3457.84     35000   -7.19976   -8.25840   -8.12553   -8.10294   -7.84628
   3481.37     40000   -7.20562   -8.41376   -8.38661   -8.36669   -7.91195
   3504.90     45000   -7.27442   -8.60366   -8.60271   -8.59631   -7.98614
   3528.42     50000   -7.35433   -8.44506   -8.29729   -8.27594   -8.00349
   3551.93     55000   -7.36392   -8.46446   -8.35806   -8.33543   -8.03650
   3575.44     60000   -7.39568   -8.70144   -8.79153   -8.78369   -8.11750
   3598.95     65000   -7.47569   -8.70586   -8.58849   -8.57134   -8.16772
   3622.46     70000   -7.54903   -8.59411   -8.45447   -8.43209   -8.17998
   3645.97     75000   -7.54007   -8.71119   -8.65343   -8.63205   -8.23673
   3669.48     80000   -7.59975   -8.94601   -9.02078   -9.02212   -8.31665
   3692.99     85000   -7.67853   -8.80343   -8.65713   -8.63649   -8.34116
   3716.50     90000   -7.70223   -8.78392   -8.66508   -8.64238   -8.36585
   3740.01     95000   -7.72550   -8.99277   -9.03038   -9.01547   -8.44232
   3763.52    100000   -7.80272   -9.07688   -8.99083   -8.97652   -8.50324
   3787.03      5000   -7.88750   -8.93631   -8.79180   -8.76973   -8.51522
   3810.54     10000   -7.87635   -9.01451   -8.93350   -8.91137   -8.56241
   3834.06     15000   -7.92414   -9.26739   -9.39257   -9.39701   -8.64506
MyID= 0: Time=  0.1,has convergenced
     1686283 iterations for the convertgence of psi
 MyID=           0 has finish
