 START-UP FOR CHUNK...
     23.45      5000   -0.64940   -2.04352   -2.28012   -2.39724   -1.29231
     46.84     10000   -0.88272   -2.11752   -2.30876   -2.39835   -1.54002
     70.23     15000   -0.96117   -2.20413   -2.20653   -2.25423   -1.66207
     93.63     20000   -0.95402   -2.59653   -2.05086   -2.05255   -1.70027
    117.01     25000   -0.86843   -2.32592   -1.84897   -1.84503   -1.62365
    140.40     30000   -0.73072   -2.05065   -1.63130   -1.64079   -1.46331
    163.79     35000   -0.59580   -1.77749   -1.47563   -1.47797   -1.28824
    187.18     40000   -0.47856   -1.61217   -1.47884   -1.46087   -1.16895
    210.57     45000   -0.47455   -1.76604   -1.78034   -1.82999   -1.18890
    233.96     50000   -0.55571   -1.87286   -1.73854   -1.71174   -1.28047
    257.36     55000   -0.74091   -1.80905   -1.66445   -1.64153   -1.37899
    280.75     60000   -0.82228   -2.03321   -1.93340   -1.90841   -1.51719
    304.13     65000   -0.89757   -2.24850   -2.27258   -2.29006   -1.60929
    327.53     70000   -0.92422   -2.07304   -1.88425   -1.87082   -1.58838
    350.92     75000   -0.89147   -1.95646   -1.82747   -1.80302   -1.54711
    374.31     80000   -0.85997   -2.08123   -2.09236   -2.08434   -1.57797
    397.70     85000   -0.92607   -2.24697   -2.17760   -2.15633   -1.64260
    421.10     90000   -1.04769   -2.10624   -1.96921   -1.94616   -1.68476
    444.48     95000   -1.08331   -2.21639   -2.11837   -2.10177   -1.76680
    467.87    100000   -1.14471   -2.47913   -2.59084   -2.60060   -1.86264
 ITERATION...
    491.26      5000   -1.20585   -2.39697   -2.23541   -2.22067   -1.88304
    514.64     10000   -1.22421   -2.28475   -2.15125   -2.12920   -1.87244
    538.03     15000   -1.20800   -2.40762   -2.39470   -2.38333   -1.91948
    561.42     20000   -1.27318   -2.61484   -2.57352   -2.56826   -1.98916
    584.81     25000   -1.37072   -2.45594   -2.30852   -2.28365   -2.01762
    608.21     30000   -1.39451   -2.50475   -2.40059   -2.38001   -2.07319
    631.60     35000   -1.44062   -2.75729   -2.85434   -2.85782   -2.16285
    654.98     40000   -1.51281   -2.73551   -2.59163   -2.57424   -2.19968
    678.37     45000   -1.56115   -2.61770   -2.47688   -2.45530   -2.20106
    701.76     50000   -1.54802   -2.72945   -2.69215   -2.67773   -2.25289
    725.16     55000   -1.60843   -2.95619   -2.96473   -2.96807   -2.32640
    748.55     60000   -1.69407   -2.80421   -2.65097   -2.62809   -2.35042
    771.94     65000   -1.71827   -2.81205   -2.69907   -2.67746   -2.38998
    795.34     70000   -1.75116   -3.04437   -3.11027   -3.10584   -2.47404
    818.72     75000   -1.82652   -3.08149   -2.95542   -2.93819   -2.52183
    842.11     80000   -1.89893   -2.94818   -2.80270   -2.78055   -2.52797
    865.51     85000   -1.88014   -3.04195   -2.98217   -2.96524   -2.57869
    888.90     90000   -1.93572   -3.28723   -3.34727   -3.35774   -2.65598
    912.28     95000   -2.01567   -3.15222   -2.99881   -2.97662   -2.68150
    935.68    100000   -2.04457   -3.12602   -3.00495   -2.98334   -2.71048
    959.07      5000   -2.06887   -3.33267   -3.36394   -3.35535   -2.78915
    982.45     10000   -2.14404   -3.42990   -3.32841   -3.31295   -2.84595
   1005.84     15000   -2.22744   -3.28017   -3.13114   -3.10898   -2.85460
   1029.24     20000   -2.21015   -3.34949   -3.27247   -3.25376   -2.90106
   1052.63     25000   -2.25880   -3.60457   -3.70212   -3.71837   -2.98102
   1076.02     30000   -2.33646   -3.50320   -3.35191   -3.33032   -3.01145
   1099.41     35000   -2.37636   -3.44519   -3.31692   -3.29484   -3.03299
   1122.80     40000   -2.39027   -3.62382   -3.62349   -3.61162   -3.10600
   1146.18     45000   -2.46308   -3.77749   -3.70998   -3.69768   -3.17052
   1169.53     50000   -2.54396   -3.61620   -3.46400   -3.44177   -3.18168
   1192.90     55000   -2.53956   -3.65811   -3.56656   -3.54679   -3.22237
   1216.26     60000   -2.57968   -3.90927   -4.01516   -4.02944   -3.30337
   1239.61     65000   -2.65643   -3.85651   -3.71066   -3.69016   -3.34059
   1262.98     70000   -2.70904   -3.76902   -3.63385   -3.61151   -3.35692
   1286.37     75000   -2.71357   -3.91830   -3.89114   -3.87636   -3.42378
   1309.76     80000   -2.78187   -4.11906   -4.09707   -4.09050   -3.49475
   1333.15     85000   -2.86054   -3.95632   -3.80178   -3.77956   -3.50935
   1356.53     90000   -2.86697   -3.96978   -3.86573   -3.84507   -3.54375
   1379.92     95000   -2.89986   -4.20694   -4.29258   -4.29884   -3.62408
   1403.31    100000   -2.97736   -4.21091   -4.07588   -4.05675   -3.66902
   1426.70      5000   -3.04502   -4.09675   -3.95542   -3.93298   -3.68197
   1450.09     10000   -3.03936   -4.21646   -4.16662   -4.14974   -3.74219
   1473.47     15000   -3.10095   -4.45043   -4.48271   -4.48429   -3.81819
   1496.86     20000   -3.17915   -4.30002   -4.14471   -4.12276   -3.83750
   1520.26     25000   -3.19601   -4.28467   -4.17003   -4.14874   -3.86569
   1543.65     30000   -3.22134   -4.50112   -4.55364   -4.55155   -3.94373
   1567.04     35000   -3.29707   -4.56519   -4.44813   -4.43097   -3.99666
   1590.43     40000   -3.38366   -4.42798   -4.28156   -4.25907   -4.00796
   1613.79     45000   -3.36619   -4.51820   -4.44944   -4.43103   -4.06120
   1637.15     50000   -3.42005   -4.77017   -4.85207   -4.86220   -4.14063
   1660.51     55000   -3.49705   -4.64710   -4.49316   -4.47164   -4.16593
   1683.87     60000   -3.52648   -4.60293   -4.47931   -4.45758   -4.18843
   1707.26     65000   -3.54488   -4.79447   -4.81294   -4.80466   -4.26276
   1730.65     70000   -3.61860   -4.91724   -4.82765   -4.81347   -4.32337
   1754.04     75000   -3.70305   -4.76274   -4.61229   -4.58981   -4.33478
   1777.44     80000   -3.69340   -4.82347   -4.73897   -4.71941   -4.38084
   1800.82     85000   -3.73907   -5.07889   -5.18621   -5.19993   -4.46205
   1824.22     90000   -3.81506   -4.99733   -4.84754   -4.82666   -4.49440
   1847.60     95000   -3.85908   -4.92472   -4.79342   -4.77137   -4.51209
   1871.00    100000   -3.86779   -5.08897   -5.07726   -5.06474   -4.58150
   1894.39      5000   -3.93902   -5.26409   -5.21365   -5.20401   -4.64902
   1917.78     10000   -4.02084   -5.10112   -4.94772   -4.92534   -4.66229
   1941.16     15000   -4.02045   -5.13236   -5.03460   -5.01420   -4.70123
   1964.55     20000   -4.05825   -5.37909   -5.47943   -5.48883   -4.78252
   1987.93     25000   -4.13556   -5.35004   -5.20832   -5.18844   -4.82266
   2011.32     30000   -4.19309   -5.25013   -5.11221   -5.08993   -4.83668
   2034.71     35000   -4.19323   -5.38584   -5.34872   -5.33331   -4.90022
   2058.11     40000   -4.25833   -5.60230   -5.60239   -5.59953   -4.97353
   2081.49     45000   -4.33700   -5.44309   -5.28806   -5.26588   -4.99033
   2104.88     50000   -4.34951   -5.44492   -5.33587   -5.31481   -5.02245
   2128.27     55000   -4.37826   -5.67425   -5.74629   -5.74787   -5.10220
   2151.65     60000   -4.45576   -5.70404   -5.57605   -5.55767   -5.15046
   2175.04     65000   -4.53035   -5.57915   -5.43560   -5.41319   -5.16219
   2198.43     70000   -4.51916   -5.68577   -5.62755   -5.61012   -5.21919
   2221.80     75000   -4.57780   -5.92920   -5.98397   -5.98987   -5.29684
   2245.16     80000   -4.65520   -5.78856   -5.63359   -5.61176   -5.31872
   2268.52     85000   -4.67767   -5.76110   -5.64236   -5.62082   -5.34458
   2291.88     90000   -4.70019   -5.96745   -6.00491   -5.99953   -5.42130
   2315.24     95000   -4.77561   -6.05744   -5.95115   -5.93507   -5.47755
   2338.60    100000   -4.86248   -5.91180   -5.76358   -5.74112   -5.48856
   2361.96      5000   -4.84655   -5.98909   -5.91335   -5.89448   -5.53859
   2385.32     10000   -4.89723   -6.24416   -6.34063   -6.35367   -5.61897
   2408.69     15000   -4.97430   -6.13728   -5.98471   -5.96341   -5.64726
   2432.05     20000   -5.00987   -6.08089   -5.95380   -5.93189   -5.66765
   2455.41     25000   -5.02375   -6.26100   -6.26582   -6.25536   -5.74006
   2478.77     30000   -5.09657   -6.40755   -6.33349   -6.32097   -5.80375
   2502.16     35000   -5.17934   -6.24808   -6.09623   -6.07380   -5.81569
   2525.55     40000   -5.17476   -6.29597   -6.20555   -6.18564   -5.85860
   2548.95     45000   -5.21662   -6.54888   -6.65674   -6.66969   -5.94003
   2572.35     50000   -5.29268   -6.48881   -6.34188   -6.32138   -5.97570
   2595.76     55000   -5.34272   -6.40429   -6.26999   -6.24781   -5.99169
   2619.16     60000   -5.34765   -6.55639   -6.53310   -6.51914   -6.05871
   2642.54     65000   -5.41685   -6.75099   -6.72128   -6.71421   -6.12888
   2665.92     70000   -5.49628   -6.58797   -6.43369   -6.41140   -6.14344
   2689.29     75000   -5.50144   -6.60646   -6.50364   -6.48295   -6.17936
   2712.64     80000   -5.53615   -6.84653   -6.93627   -6.94252   -6.26017
   2736.00     85000   -5.61315   -6.84231   -6.70565   -6.68634   -6.30381
   2759.36     90000   -5.67812   -6.73128   -6.59079   -6.56844   -6.31668
   2782.75     95000   -5.67393   -6.85451   -6.80778   -6.79138   -6.37749
   2806.13    100000   -5.73637   -7.08451   -7.10856   -7.10929   -6.45285
   2829.51      5000   -5.81468   -6.93143   -6.77620   -6.75415   -6.47166
   2852.87     10000   -5.83053   -6.92058   -6.80718   -6.78591   -6.50098
   2876.23     15000   -5.85694   -7.14052   -7.19777   -7.19618   -6.57959
   2899.59     20000   -5.93279   -7.19635   -7.07656   -7.05906   -6.63134
   2922.95     25000   -6.01658   -7.06188   -6.91618   -6.89373   -6.64257
   2946.31     30000   -6.00026   -7.15588   -7.08969   -7.07157   -6.69660
   2969.66     35000   -6.05565   -7.40619   -7.48182   -7.49131   -6.77564
   2993.02     40000   -6.13239   -7.27832   -7.12406   -7.10244   -6.80014
   3016.38     45000   -6.16022   -7.23832   -7.11583   -7.09412   -6.82352
   3039.74     50000   -6.17969   -7.43364   -7.45655   -7.44878   -6.89852
   3063.10     55000   -6.25434   -7.54873   -7.45488   -7.44016   -6.95808
   3086.45     60000   -6.33919   -7.39609   -7.24617   -7.22371   -6.96928
   3109.81     65000   -6.32757   -7.46072   -7.37833   -7.35897   -7.01625
   3133.18     70000   -6.37468   -7.71640   -7.82200   -7.83603   -7.09729
   3156.55     75000   -6.45070   -7.62832   -7.47772   -7.45672   -7.12866
   3179.92     80000   -6.49281   -7.55966   -7.42933   -7.40729   -7.14701
   3203.29     85000   -6.50272   -7.72783   -7.71995   -7.70783   -7.21720
   3226.66     90000   -6.57451   -7.89641   -7.83998   -7.82954   -7.28383
   3250.03     95000   -6.65659   -7.73394   -7.58088   -7.55849   -7.29670
   3273.40    100000   -6.65505   -7.76915   -7.67313   -7.65286   -7.33657
   3296.78      5000   -6.69377   -8.01763   -8.12053   -8.13105   -7.41793
   3320.15     10000   -6.77124   -7.98082   -7.83766   -7.81761   -7.45698
   3343.52     15000   -6.82643   -7.88460   -7.74751   -7.72525   -7.47146
   3366.90     20000   -6.82776   -8.02432   -7.99039   -7.97527   -7.53588
   3390.27     25000   -6.89385   -8.23593   -8.22866   -8.22467   -7.60847
   3413.64     30000   -6.97269   -8.07538   -7.92049   -7.89828   -7.62467
   3437.02     35000   -6.98341   -8.08121   -7.97363   -7.95266   -7.65769
   3460.39     40000   -7.01360   -8.31331   -8.38989   -8.39264   -7.73773
   3483.77     45000   -7.09164   -8.33477   -8.20444   -8.18582   -7.78487
   3507.15     50000   -7.16329   -8.21314   -8.07029   -8.04788   -7.79685
   3530.52     55000   -7.15376   -8.32380   -8.26823   -8.25102   -7.85478
   3553.89     60000   -7.21333   -8.56445   -8.61207   -8.61668   -7.93193
   3577.27     65000   -7.29105   -8.42035   -8.26526   -8.24338   -7.95303
   3600.64     70000   -7.31180   -8.39689   -8.27941   -8.25793   -7.97969
   3624.02     75000   -7.33528   -8.60663   -8.64885   -8.64435   -8.05691
   3647.39     80000   -7.41078   -8.68841   -8.57854   -8.56209   -8.11209
   3670.77     85000   -7.49776   -8.54530   -8.39765   -8.37519   -8.12311
   3694.14     90000   -7.48118   -8.62664   -8.55311   -8.53441   -8.17411
   3717.51     95000   -7.53271   -8.88100   -8.97329   -8.98564   -8.25422
   3740.89    100000   -7.61036   -8.76863   -8.61557   -8.59418   -8.28155
   3764.27      5000   -7.64370   -8.71618   -8.59017   -8.56831   -8.30264
   3787.64     10000   -7.65902   -8.90002   -8.90909   -8.89925   -8.37570
   3811.02     15000   -7.73189   -9.03917   -8.95996   -8.94685   -8.43842
   3834.39     20000   -7.81517   -8.88108   -8.72966   -8.70722   -8.45014
   3857.77     25000   -7.80916   -8.93302   -8.84447   -8.82468   -8.49403
   3881.14     30000   -7.85201   -9.18695   -9.29526   -9.30869   -8.57541
   3904.52     35000   -7.92806   -9.11981   -8.97187   -8.95123   -8.61002
   3927.71     40000   -7.97631   -9.03908   -8.90571   -8.88356   -8.62655
   3950.73     45000   -7.98256   -9.19509   -9.17540   -9.16185   -8.69435
MyID= 0: Time=  0.1,has convergenced
     1685864 iterations for the convertgence of psi
 MyID=           0 has finish
