 START-UP FOR CHUNK...
     23.44      5000   -0.58152   -2.02115   -1.98034   -1.90906   -1.28611
     46.86     10000   -0.71675   -2.15374   -1.84897   -1.91604   -1.48538
     70.30     15000   -0.69467   -2.28032   -1.73677   -1.78086   -1.49907
     93.73     20000   -0.60066   -2.21829   -1.59897   -1.60180   -1.41445
    117.15     25000   -0.49880   -1.76718   -1.48551   -1.47017   -1.29769
    140.59     30000   -0.44035   -1.59703   -1.48753   -1.48773   -1.20476
    164.01     35000   -0.43375   -1.88208   -1.81700   -1.81647   -1.25252
    187.44     40000   -0.56552   -1.92327   -1.86182   -1.89778   -1.37180
    210.87     45000   -0.73807   -1.86758   -1.74084   -1.74745   -1.44995
    234.30     50000   -0.87026   -2.05420   -1.94816   -1.90706   -1.56875
    257.72     55000   -0.96202   -2.33430   -2.45409   -2.39152   -1.69766
    281.15     60000   -1.04358   -2.30424   -2.12745   -2.12875   -1.74826
    304.57     65000   -1.07490   -2.10548   -1.97124   -1.94721   -1.71774
    327.99     70000   -1.04143   -2.15810   -2.08249   -2.04686   -1.72351
    351.41     75000   -1.07139   -2.40753   -2.54410   -2.46002   -1.79870
    374.84     80000   -1.17647   -2.33045   -2.26945   -2.23832   -1.86158
    398.27     85000   -1.28487   -2.29480   -2.17160   -2.15976   -1.89596
    421.69     90000   -1.29697   -2.48178   -2.41028   -2.37921   -1.97167
    445.12     95000   -1.36261   -2.70311   -2.84642   -2.80115   -2.07110
    468.55    100000   -1.44914   -2.55792   -2.41919   -2.41609   -2.10641
 ITERATION...
    491.97      5000   -1.46848   -2.50985   -2.38532   -2.36152   -2.10684
    515.39     10000   -1.47079   -2.69838   -2.66700   -2.61168   -2.16127
    538.81     15000   -1.53918   -2.86590   -2.91427   -2.87738   -2.24792
    562.24     20000   -1.64102   -2.70122   -2.58510   -2.56332   -2.28507
    585.66     25000   -1.66271   -2.74757   -2.63016   -2.60662   -2.31929
    609.09     30000   -1.70207   -3.00890   -3.04032   -2.98378   -2.40352
    632.52     35000   -1.79055   -3.02828   -2.98450   -2.97071   -2.48203
    655.96     40000   -1.87040   -2.89568   -2.76419   -2.75196   -2.49685
    679.39     45000   -1.85677   -2.97788   -2.87458   -2.84657   -2.52693
    702.82     50000   -1.89787   -3.25347   -3.38093   -3.29384   -2.61099
    726.25     55000   -1.99738   -3.17475   -3.08535   -3.07269   -2.67688
    749.68     60000   -2.08158   -3.09358   -2.96659   -2.94586   -2.69566
    773.11     65000   -2.07166   -3.24514   -3.16299   -3.12741   -2.74924
    796.53     70000   -2.12774   -3.50465   -3.65017   -3.57762   -2.84125
    819.96     75000   -2.22582   -3.33455   -3.22274   -3.20841   -2.88783
    843.40     80000   -2.26158   -3.30445   -3.18128   -3.16105   -2.90217
    866.83     85000   -2.27272   -3.50466   -3.46104   -3.41945   -2.96456
    890.25     90000   -2.34474   -3.67239   -3.71901   -3.68832   -3.05265
    913.68     95000   -2.44069   -3.50309   -3.37987   -3.36602   -3.08603
    937.10    100000   -2.45289   -3.53420   -3.41801   -3.39366   -3.11166
    960.54      5000   -2.48622   -3.78891   -3.81218   -3.75197   -3.18982
    983.97     10000   -2.57449   -3.83272   -3.78451   -3.76892   -3.26922
   1007.39     15000   -2.66183   -3.68941   -3.56174   -3.54457   -3.28914
   1030.82     20000   -2.65405   -3.77335   -3.67128   -3.64277   -3.32380
   1054.25     25000   -2.69727   -4.05486   -4.17388   -4.09438   -3.40981
   1077.68     30000   -2.79583   -3.97438   -3.88494   -3.87141   -3.47530
   1101.11     35000   -2.87759   -3.88754   -3.75979   -3.74148   -3.49132
   1124.54     40000   -2.86282   -4.03075   -3.94961   -3.91603   -3.54133
   1147.97     45000   -2.91779   -4.29132   -4.44131   -4.37030   -3.63224
   1171.39     50000   -3.01725   -4.13292   -4.01831   -4.00553   -3.68066
   1194.82     55000   -3.05696   -4.10078   -3.97651   -3.95516   -3.69694
   1218.25     60000   -3.06934   -4.29909   -4.25541   -4.21209   -3.76045
   1241.67     65000   -3.14107   -4.47572   -4.52006   -4.48884   -3.84898
   1265.10     70000   -3.23588   -4.30146   -4.17695   -4.16198   -3.88200
   1288.53     75000   -3.24773   -4.32756   -4.21073   -4.18651   -3.90601
   1311.95     80000   -3.27972   -4.57749   -4.59790   -4.54008   -3.98285
   1335.38     85000   -3.36718   -4.62709   -4.58378   -4.56780   -4.06271
   1358.81     90000   -3.45584   -4.48574   -4.35661   -4.34037   -4.08372
   1382.24     95000   -3.44928   -4.56843   -4.46439   -4.43622   -4.11870
   1405.66    100000   -3.49258   -4.84823   -4.96593   -4.88541   -4.20485
   1429.10      5000   -3.59100   -4.77375   -4.68298   -4.67026   -4.27077
   1452.53     10000   -3.67373   -4.68380   -4.55480   -4.53612   -4.28639
   1475.95     15000   -3.65700   -4.82398   -4.74113   -4.70718   -4.33543
   1499.37     20000   -3.71154   -5.08599   -5.23820   -5.16488   -4.42611
   1522.80     25000   -3.81105   -4.92904   -4.81547   -4.80225   -4.47530
   1546.22     30000   -3.85257   -4.89583   -4.77057   -4.74956   -4.49178
   1569.64     35000   -3.86447   -5.09259   -5.04603   -5.00354   -4.55503
   1593.06     40000   -3.93563   -5.27144   -5.32100   -5.28880   -4.64378
   1616.48     45000   -4.03034   -5.09784   -4.97305   -4.95862   -4.67719
   1639.91     50000   -4.04299   -5.12194   -5.00409   -4.98001   -4.70065
   1663.33     55000   -4.07404   -5.37024   -5.38694   -5.32933   -4.77693
   1686.76     60000   -4.16111   -5.42433   -5.38331   -5.36705   -4.85722
   1710.19     65000   -4.25027   -5.28119   -5.15215   -5.13579   -4.87867
   1733.62     70000   -4.24420   -5.36219   -5.25713   -5.22910   -4.91331
   1757.04     75000   -4.28715   -5.64187   -5.75521   -5.67547   -4.99925
   1780.47     80000   -4.38560   -5.57037   -5.48134   -5.46847   -5.06571
   1803.90     85000   -4.46956   -5.47863   -5.34957   -5.33114   -5.08134
   1827.32     90000   -4.45152   -5.61686   -5.53270   -5.49917   -5.12977
   1850.76     95000   -4.50580   -5.88049   -6.03454   -5.95982   -5.22037
   1874.19    100000   -4.60520   -5.72541   -5.61249   -5.59942   -5.27023
   1897.60      5000   -4.64814   -5.69020   -5.56473   -5.54380   -5.28660
   1921.02     10000   -4.65937   -5.88511   -5.83662   -5.79446   -5.34937
   1944.45     15000   -4.72990   -6.06814   -6.12179   -6.08838   -5.43833
   1967.88     20000   -4.82469   -5.89372   -5.76939   -5.75494   -5.47223
   1991.30     25000   -4.83833   -5.91569   -5.79757   -5.77363   -5.49531
   2014.73     30000   -4.86853   -6.16235   -6.17590   -6.11918   -5.57114
   2038.15     35000   -4.95525   -6.22120   -6.18291   -6.16636   -5.65186
   2061.57     40000   -5.04478   -6.07652   -5.94763   -5.93139   -5.67367
   2085.00     45000   -5.03904   -6.15544   -6.04981   -6.02198   -5.70785
   2108.44     50000   -5.08160   -6.43464   -6.54424   -6.46526   -5.79352
   2131.86     55000   -5.17984   -6.36740   -6.27962   -6.26674   -5.86057
   2155.29     60000   -5.26384   -6.27352   -6.14445   -6.12609   -5.87628
   2178.71     65000   -5.24613   -6.40957   -6.32449   -6.29119   -5.92416
   2202.13     70000   -5.30015   -6.67501   -6.83064   -6.75461   -6.01470
   2225.56     75000   -5.39943   -6.52188   -6.40965   -6.39659   -6.06519
   2248.98     80000   -5.44375   -6.48454   -6.35891   -6.33809   -6.08142
   2272.40     85000   -5.45424   -6.67735   -6.62717   -6.58545   -6.14367
   2295.82     90000   -5.52415   -6.86440   -6.92249   -6.88793   -6.23281
   2319.26     95000   -5.61904   -6.68972   -6.56569   -6.55132   -6.26726
   2342.69    100000   -5.63370   -6.70954   -6.59109   -6.56728   -6.28999
   2366.12      5000   -5.66309   -6.95445   -6.96507   -6.90904   -6.36538
   2389.54     10000   -5.74945   -7.01830   -6.98258   -6.96575   -6.44652
   2412.97     15000   -5.83925   -6.87197   -6.74317   -6.72699   -6.46869
   2436.41     20000   -5.83391   -6.94876   -6.84254   -6.81488   -6.50239
   2459.84     25000   -5.87606   -7.22736   -7.33318   -7.25500   -6.58777
   2483.25     30000   -5.97408   -7.16437   -7.07795   -7.06502   -6.65540
   2506.67     35000   -6.05814   -7.06845   -6.93933   -6.92106   -6.67122
   2530.09     40000   -6.04077   -7.20235   -7.11630   -7.08326   -6.71856
   2553.51     45000   -6.09432   -7.46943   -7.62646   -7.54915   -6.80902
   2576.93     50000   -6.19369   -7.31843   -7.20684   -7.19382   -6.86015
   2600.35     55000   -6.23939   -7.27895   -7.15313   -7.13241   -6.87625
   2623.77     60000   -6.24913   -7.46967   -7.41780   -7.37647   -6.93797
   2647.16     65000   -6.31831   -7.66070   -7.72317   -7.68740   -7.02729
   2670.55     70000   -6.41342   -7.48574   -7.36202   -7.34770   -7.06229
   2693.95     75000   -6.42890   -7.50342   -7.38463   -7.36095   -7.08468
   2717.36     80000   -6.45767   -7.74659   -7.75428   -7.69895   -7.15962
   2740.77     85000   -6.54367   -7.81537   -7.78232   -7.76518   -7.24117
   2764.19     90000   -6.63337   -7.66745   -7.53874   -7.52264   -7.26370
   2787.60     95000   -6.62880   -7.74210   -7.63530   -7.60781   -7.29693
   2811.02    100000   -6.67055   -8.02006   -8.12204   -8.04469   -7.38202
   2834.41      5000   -6.76835   -7.96139   -7.87631   -7.86333   -7.45023
   2857.83     10000   -6.85247   -7.86340   -7.73424   -7.71605   -7.46617
   2881.25     15000   -6.83544   -7.99516   -7.90816   -7.87535   -7.51297
   2904.67     20000   -6.88852   -8.26382   -8.42194   -8.34341   -7.60335
   2928.09     25000   -6.98798   -8.11500   -8.00407   -7.99108   -7.65511
   2951.52     30000   -7.03505   -8.07338   -7.94737   -7.92675   -7.67108
   2974.94     35000   -7.04404   -8.26200   -8.20848   -8.16754   -7.73228
   2998.37     40000   -7.11230   -8.45695   -8.52381   -8.48679   -7.82175
   3021.79     45000   -7.20783   -8.28179   -8.15838   -8.14411   -7.85731
   3045.22     50000   -7.22412   -8.29732   -8.17819   -8.15463   -7.87938
   3068.64     55000   -7.25228   -8.53871   -8.54354   -8.48889   -7.95386
   3092.06     60000   -7.33792   -8.61246   -8.58212   -8.56465   -8.03582
   3115.49     65000   -7.42752   -8.46295   -8.33434   -8.31831   -8.05872
   3138.92     70000   -7.42371   -8.53546   -8.42810   -8.40077   -8.09148
   3162.36     75000   -7.46492   -8.81272   -8.91083   -8.83434   -8.17626
   3185.79     80000   -7.56265   -8.75842   -8.67472   -8.66169   -8.24505
   3209.22     85000   -7.64683   -8.65838   -8.52917   -8.51106   -8.26112
   3232.65     90000   -7.63014   -8.78798   -8.70005   -8.66748   -8.30738
   3256.06     95000   -7.68274   -9.05813   -9.21706   -9.13740   -8.39767
   3279.47    100000   -7.78229   -8.91160   -8.80134   -8.78839   -8.45006
   3302.88      5000   -7.83075   -8.86783   -8.74164   -8.72112   -8.46592
   3326.29     10000   -7.83899   -9.05434   -8.99921   -8.95865   -8.52658
   3349.70     15000   -7.90633   -9.25315   -9.32441   -9.28610   -8.61621
MyID= 0: Time=  0.1,has convergenced
     1685563 iterations for the convertgence of psi
 MyID=           0 has finish
