 START-UP FOR CHUNK...
     23.41      5000   -0.63306   -2.03975   -2.20473   -2.22312   -1.29222
     46.73     10000   -0.83964   -2.12209   -2.15455   -2.22389   -1.53164
     70.06     15000   -0.88658   -2.22289   -2.04109   -2.08119   -1.62707
     93.38     20000   -0.84101   -2.53968   -1.88223   -1.88262   -1.61369
    116.70     25000   -0.72837   -2.13579   -1.68595   -1.68450   -1.49687
    140.02     30000   -0.59899   -1.83584   -1.51362   -1.51596   -1.33942
    163.35     35000   -0.49971   -1.62839   -1.45988   -1.45675   -1.20799
    186.67     40000   -0.46260   -1.73406   -1.70079   -1.67672   -1.19290
    209.99     45000   -0.54372   -1.93660   -1.88074   -1.93195   -1.28953
    233.31     50000   -0.67963   -1.80820   -1.67796   -1.65894   -1.36897
    256.63     55000   -0.81954   -1.96178   -1.83657   -1.80159   -1.49380
    279.95     60000   -0.90152   -2.25869   -2.33785   -2.33045   -1.61717
    303.28     65000   -0.96420   -2.18949   -2.03853   -2.02656   -1.64624
    326.60     70000   -0.97188   -2.00778   -1.85859   -1.83755   -1.60174
    349.93     75000   -0.91685   -2.04547   -1.98140   -1.95388   -1.60254
    373.25     80000   -0.94274   -2.27130   -2.40423   -2.41181   -1.66847
    396.58     85000   -1.03981   -2.18545   -2.06440   -2.04168   -1.71602
    419.90     90000   -1.11736   -2.18169   -2.05569   -2.03749   -1.76798
    443.22     95000   -1.15889   -2.40141   -2.40426   -2.38030   -1.86456
    466.54    100000   -1.23449   -2.53484   -2.47637   -2.47616   -1.93399
 ITERATION...
    489.86      5000   -1.28786   -2.36171   -2.20706   -2.18783   -1.92837
    513.18     10000   -1.26719   -2.37236   -2.28162   -2.25456   -1.94253
    536.51     15000   -1.29121   -2.61089   -2.72194   -2.72668   -2.01500
    559.83     20000   -1.37847   -2.58364   -2.46469   -2.44226   -2.06724
    583.15     25000   -1.45761   -2.50683   -2.37190   -2.34891   -2.09554
    606.47     30000   -1.47085   -2.66575   -2.61736   -2.59630   -2.16990
    629.79     35000   -1.53888   -2.87025   -2.91684   -2.91239   -2.25034
    653.12     40000   -1.60918   -2.71611   -2.56536   -2.54767   -2.26419
    676.44     45000   -1.61380   -2.70349   -2.59067   -2.56777   -2.28110
    699.76     50000   -1.63451   -2.91666   -2.98231   -2.96827   -2.35380
    723.09     55000   -1.71555   -2.96893   -2.87103   -2.85640   -2.41363
    746.40     60000   -1.80992   -2.84775   -2.70560   -2.68276   -2.43182
    769.73     65000   -1.79988   -2.95484   -2.87817   -2.85395   -2.48894
    793.05     70000   -1.85557   -3.20327   -3.32565   -3.32161   -2.57351
    816.37     75000   -1.93182   -3.07816   -2.93604   -2.91700   -2.60180
    839.69     80000   -1.96050   -3.03215   -2.90613   -2.88357   -2.61659
    863.02     85000   -1.97286   -3.21557   -3.22271   -3.20389   -2.68515
    886.34     90000   -2.04873   -3.34520   -3.29673   -3.28606   -2.75424
    909.66     95000   -2.13472   -3.19659   -3.05110   -3.02985   -2.77086
    932.98    100000   -2.13454   -3.25535   -3.15854   -3.13514   -2.81370
    956.30      5000   -2.17709   -3.50836   -3.63883   -3.62864   -2.89810
    979.63     10000   -2.25723   -3.44926   -3.32001   -3.30252   -2.94007
   1002.95     15000   -2.31003   -3.36435   -3.22971   -3.20716   -2.95196
   1026.27     20000   -2.31070   -3.51009   -3.47347   -3.45148   -3.01306
   1049.59     25000   -2.37695   -3.71131   -3.73621   -3.73184   -3.09012
   1072.91     30000   -2.45917   -3.55461   -3.40890   -3.38801   -3.11116
   1096.24     35000   -2.47255   -3.56711   -3.45491   -3.43180   -3.14211
   1119.56     40000   -2.50297   -3.79873   -3.87384   -3.85714   -3.22269
   1142.89     45000   -2.58311   -3.82539   -3.72132   -3.70581   -3.27783
   1166.21     50000   -2.66535   -3.70405   -3.56277   -3.54089   -3.28864
   1189.53     55000   -2.64880   -3.80757   -3.73941   -3.71648   -3.34013
   1212.85     60000   -2.70388   -4.05144   -4.15939   -4.16174   -3.42213
   1236.17     65000   -2.78453   -3.92124   -3.77869   -3.75897   -3.45187
   1259.50     70000   -2.81506   -3.88862   -3.76433   -3.74125   -3.47341
   1282.82     75000   -2.83375   -4.08518   -4.10030   -4.07955   -3.54718
   1306.14     80000   -2.91078   -4.20129   -4.14175   -4.12956   -3.61404
   1329.46     85000   -2.99269   -4.05203   -3.90657   -3.88513   -3.62691
   1352.79     90000   -2.98727   -4.11244   -4.02068   -3.99754   -3.66795
   1376.11     95000   -3.02957   -4.36458   -4.49764   -4.49490   -3.75107
   1399.43    100000   -3.11117   -4.29441   -4.16229   -4.14419   -3.79220
   1422.75      5000   -3.16218   -4.21890   -4.08502   -4.06239   -3.80723
   1446.07     10000   -3.16848   -4.37417   -4.34312   -4.32057   -3.87195
   1469.40     15000   -3.23674   -4.56602   -4.57851   -4.57217   -3.94794
   1492.72     20000   -3.31646   -4.40819   -4.26153   -4.24079   -3.96646
   1516.04     25000   -3.32650   -4.42513   -4.31583   -4.29265   -3.99734
   1539.36     30000   -3.35742   -4.65974   -4.74528   -4.73174   -4.07780
   1562.69     35000   -3.43795   -4.67206   -4.56201   -4.54606   -4.13133
   1586.01     40000   -3.51669   -4.55738   -4.41656   -4.39440   -4.14330
   1609.33     45000   -3.50467   -4.66946   -4.60483   -4.58168   -4.19756
   1632.65     50000   -3.56153   -4.90875   -5.00737   -5.00726   -4.27920
   1655.97     55000   -3.64213   -4.77227   -4.62866   -4.60893   -4.30672
   1679.29     60000   -3.66897   -4.74579   -4.62331   -4.60035   -4.32876
   1702.61     65000   -3.68878   -4.94754   -4.97192   -4.95234   -4.40327
   1725.93     70000   -3.76652   -5.04926   -4.98005   -4.96754   -4.46850
   1749.26     75000   -3.84929   -4.90402   -4.75881   -4.73722   -4.48129
   1772.58     80000   -3.84270   -4.97233   -4.88336   -4.86003   -4.52458
   1795.90     85000   -3.88675   -5.22549   -5.36138   -5.35862   -4.60794
   1819.22     90000   -3.96817   -5.14370   -5.00952   -4.99113   -4.64689
   1842.54     95000   -4.01492   -5.07459   -4.94217   -4.91954   -4.66238
   1865.87    100000   -4.02269   -5.23631   -5.21194   -5.18991   -4.72839
   1889.19      5000   -4.09261   -5.41701   -5.41547   -5.40840   -4.80314
   1912.51     10000   -4.17287   -5.25889   -5.11214   -5.09128   -4.82072
   1935.83     15000   -4.18124   -5.28332   -5.17632   -5.15306   -4.85342
   1959.16     20000   -4.21390   -5.52235   -5.61782   -5.60498   -4.93467
   1982.48     25000   -4.29465   -5.52053   -5.40617   -5.38977   -4.98611
   2005.80     30000   -4.36838   -5.41160   -5.27187   -5.24965   -4.99816
   2029.12     35000   -4.35961   -5.53053   -5.47077   -5.44780   -5.05402
   2052.45     40000   -4.41813   -5.76428   -5.84958   -5.84921   -5.13500
   2075.77     45000   -4.49820   -5.62188   -5.47742   -5.45749   -5.16095
   2099.09     50000   -4.52305   -5.60259   -5.48194   -5.45891   -5.18440
   2122.41     55000   -4.54496   -5.81043   -5.84395   -5.82479   -5.26013
   2145.73     60000   -4.62271   -5.89813   -5.82097   -5.80771   -5.32356
   2169.05     65000   -4.70630   -5.75686   -5.61228   -5.59060   -5.33587
   2192.38     70000   -4.69779   -5.83213   -5.74673   -5.72346   -5.38086
   2215.70     75000   -4.74363   -6.08516   -6.22082   -6.21981   -5.46420
   2239.02     80000   -4.82402   -5.99238   -5.85605   -5.83741   -5.50122
   2262.35     85000   -4.86794   -5.93010   -5.79907   -5.77636   -5.51763
   2285.67     90000   -4.87752   -6.09861   -6.08106   -6.05920   -5.58519
   2308.99     95000   -4.94915   -6.26809   -6.25394   -6.24573   -5.65859
   2332.31    100000   -5.02970   -6.11038   -5.96371   -5.94271   -5.67511
   2355.63      5000   -5.03570   -6.14182   -6.03745   -6.01420   -5.70942
   2378.95     10000   -5.06982   -6.38452   -6.48954   -6.47840   -5.79124
   2402.27     15000   -5.15147   -6.36865   -6.25006   -6.23330   -5.84068
   2425.60     20000   -5.22000   -6.26583   -6.12708   -6.10479   -5.85306
   2448.92     25000   -5.21392   -6.39177   -6.33693   -6.31402   -5.91066
   2472.25     30000   -5.27520   -6.61925   -6.69105   -6.68963   -5.99088
   2495.57     35000   -5.35465   -6.47206   -6.32693   -6.30683   -6.01525
   2518.89     40000   -5.37635   -6.45976   -6.34110   -6.31803   -6.04005
   2542.21     45000   -5.40096   -6.67335   -6.71647   -6.69809   -6.11687
   2565.53     50000   -5.47912   -6.74663   -6.66185   -6.64800   -6.17847
   2588.85     55000   -5.56362   -6.60978   -6.46578   -6.44401   -6.19049
   2612.17     60000   -5.55268   -6.69213   -6.61032   -6.58706   -6.23724
   2635.50     65000   -5.60030   -6.94431   -7.07755   -7.07747   -6.32047
   2658.82     70000   -5.68022   -6.84140   -6.70325   -6.68437   -6.35557
   2682.16     75000   -5.72119   -6.78594   -6.65641   -6.63364   -6.37292
   2705.50     80000   -5.73261   -6.96109   -6.95080   -6.92925   -6.44194
   2728.84     85000   -5.80595   -7.11858   -7.09224   -7.08308   -6.51393
   2752.17     90000   -5.88683   -6.96198   -6.81542   -6.79430   -6.52951
   2775.51     95000   -5.89030   -7.00050   -6.89882   -6.87555   -6.56549
   2798.83    100000   -5.92607   -7.24644   -7.36027   -7.35072   -6.64781
   2822.16      5000   -6.00856   -7.21691   -7.09460   -7.07748   -6.69521
   2845.48     10000   -6.07198   -7.12033   -6.98267   -6.96031   -6.70801
   2868.82     15000   -6.06853   -7.25325   -7.20364   -7.18084   -6.76730
   2892.15     20000   -6.13168   -7.47349   -7.53105   -7.52861   -6.84667
   2915.49     25000   -6.21140   -7.32237   -7.17668   -7.15641   -6.86956
   2938.79     30000   -6.22996   -7.31711   -7.20049   -7.17738   -6.89578
   2962.09     35000   -6.25611   -7.53623   -7.58921   -7.57164   -6.97361
   2985.39     40000   -6.33584   -7.59503   -7.50337   -7.48894   -7.03333
   3008.69     45000   -6.42115   -7.46295   -7.31964   -7.29777   -7.04514
   3031.99     50000   -6.40669   -7.55236   -7.47435   -7.45112   -7.09366
   3055.31     55000   -6.45685   -7.80284   -7.93114   -7.93176   -7.17668
   3078.61     60000   -6.53673   -7.69054   -7.55078   -7.53167   -7.20990
   3101.93     65000   -6.57421   -7.64197   -7.51398   -7.49116   -7.22828
   3125.24     70000   -6.58801   -7.82368   -7.82100   -7.79978   -7.29871
   3148.55     75000   -6.66307   -7.96863   -7.93094   -7.92086   -7.36920
   3171.85     80000   -6.74426   -7.81382   -7.66747   -7.64623   -7.38394
   3195.15     85000   -6.74442   -7.85941   -7.76056   -7.73727   -7.42162
   3218.45     90000   -6.78263   -8.10805   -8.22966   -8.22185   -7.50434
   3241.79     95000   -6.86446   -8.06523   -7.93956   -7.92210   -7.54971
   3265.09    100000   -6.92428   -7.97504   -7.83852   -7.81608   -7.56302
   3288.40      5000   -6.92344   -8.11489   -8.07078   -8.04811   -7.62397
   3311.70     10000   -6.98816   -8.32704   -8.37021   -8.36664   -7.70239
   3335.00     15000   -7.06846   -8.17290   -8.02678   -8.00636   -7.72387
   3358.33     20000   -7.08388   -8.17469   -8.06021   -8.03706   -7.75155
   3381.66     25000   -7.11157   -8.39907   -8.46215   -8.44552   -7.83033
   3404.99     30000   -7.19184   -8.44330   -8.34536   -8.33041   -7.88813
   3428.32     35000   -7.27722   -8.31633   -8.17376   -8.15180   -7.89984
   3451.65     40000   -7.26101   -8.41279   -8.33878   -8.31558   -7.95013
   3474.97     45000   -7.31371   -8.66073   -8.78177   -8.78267   -8.03282
   3498.28     50000   -7.39354   -8.53987   -8.39870   -8.37938   -8.06422
   3521.60     55000   -7.42755   -8.49821   -8.37186   -8.34899   -8.08369
   3544.91     60000   -7.44362   -8.68637   -8.69170   -8.67088   -8.15548
   3568.23     65000   -7.51952   -8.81829   -8.76998   -8.75905   -8.22440
   3591.55     70000   -7.60199   -8.66586   -8.51980   -8.49846   -8.23840
   3614.86     75000   -7.59886   -8.71853   -8.62264   -8.59934   -8.27779
   3638.18     80000   -7.63950   -8.96929   -9.09733   -9.09127   -8.36082
   3661.50     85000   -7.72066   -8.91365   -8.78496   -8.76719   -8.40417
   3684.81     90000   -7.77641   -8.82996   -8.69464   -8.67214   -8.41808
   3708.13     95000   -7.77865   -8.97672   -8.93841   -8.91589   -8.48066
   3731.45    100000   -7.84495   -9.17992   -9.20877   -9.20405   -8.55803
   3754.76      5000   -7.92583   -9.02363   -8.87720   -8.85664   -8.57819
   3778.08     10000   -7.93811   -9.03248   -8.92023   -8.89706   -8.60739
   3801.39     15000   -7.96733   -9.26181   -9.33511   -9.31956   -8.68703
MyID= 0: Time=  0.1,has convergenced
     1686041 iterations for the convertgence of psi
 MyID=           0 has finish
