 START-UP FOR CHUNK...
     23.68      5000   -0.54700   -2.00010   -1.85537   -1.77131   -1.27880
     47.04     10000   -0.64433   -2.18514   -1.71157   -1.78618   -1.44406
     70.39     15000   -0.59279   -2.24643   -1.60997   -1.66069   -1.42213
     93.74     20000   -0.50121   -2.03339   -1.51303   -1.50449   -1.33451
    117.10     25000   -0.43614   -1.64754   -1.46133   -1.44735   -1.24135
    140.45     30000   -0.40232   -1.70030   -1.62091   -1.60809   -1.20704
    163.80     35000   -0.45522   -1.94869   -1.82614   -1.96306   -1.33785
    187.16     40000   -0.66154   -1.90495   -1.81171   -1.79702   -1.44623
    210.51     45000   -0.86549   -1.95539   -1.81539   -1.83955   -1.54397
    233.86     50000   -0.93690   -2.24807   -2.14921   -2.11774   -1.66759
    257.21     55000   -1.01657   -2.41096   -2.37943   -2.39014   -1.78990
    280.57     60000   -1.11376   -2.32346   -2.10128   -2.11788   -1.81873
    303.92     65000   -1.15683   -2.18258   -2.05859   -2.02889   -1.79941
    327.28     70000   -1.12744   -2.32197   -2.25562   -2.20817   -1.83296
    350.63     75000   -1.17944   -2.58868   -2.63431   -2.52979   -1.92802
    373.99     80000   -1.30844   -2.41577   -2.34910   -2.30534   -1.99016
    397.34     85000   -1.41621   -2.40732   -2.29702   -2.29066   -2.02556
    420.69     90000   -1.42006   -2.64021   -2.55066   -2.53307   -2.10005
    444.05     95000   -1.48897   -2.84625   -2.93658   -2.86031   -2.20639
    467.40    100000   -1.60353   -2.69912   -2.55547   -2.56601   -2.25848
 ITERATION...
    490.76      5000   -1.64227   -2.65758   -2.52453   -2.51009   -2.26487
    514.11     10000   -1.63497   -2.84435   -2.77219   -2.71497   -2.31599
    537.47     15000   -1.69738   -3.11390   -3.16098   -3.06785   -2.41332
    560.82     20000   -1.82023   -2.90067   -2.79736   -2.77005   -2.47171
    584.17     25000   -1.86489   -2.88613   -2.77376   -2.75313   -2.49685
    607.53     30000   -1.88567   -3.11660   -3.04129   -3.00879   -2.56387
    630.88     35000   -1.95588   -3.31905   -3.37493   -3.29607   -2.66419
    654.24     40000   -2.07281   -3.12571   -3.00583   -3.00332   -2.71499
    677.59     45000   -2.09021   -3.12633   -2.99878   -2.98806   -2.73089
    700.95     50000   -2.11037   -3.35257   -3.28630   -3.23378   -2.79299
    724.30     55000   -2.18127   -3.56455   -3.57436   -3.51566   -2.89082
    747.66     60000   -2.30078   -3.35731   -3.23756   -3.22305   -2.94101
    771.01     65000   -2.31821   -3.36484   -3.24958   -3.22668   -2.96405
    794.37     70000   -2.34962   -3.61361   -3.55828   -3.50847   -3.03393
    817.72     75000   -2.42623   -3.78032   -3.77486   -3.71729   -3.13192
    841.07     80000   -2.54260   -3.57474   -3.45616   -3.44567   -3.17653
    864.43     85000   -2.54610   -3.59973   -3.47966   -3.46528   -3.19751
    887.78     90000   -2.57945   -3.85678   -3.80932   -3.75464   -3.26788
    911.14     95000   -2.65996   -3.99659   -3.97369   -3.93359   -3.36431
    934.49    100000   -2.77530   -3.80811   -3.68378   -3.67403   -3.40640
    957.85      5000   -2.77677   -3.84372   -3.72816   -3.70647   -3.43107
    981.20     10000   -2.81623   -4.11627   -4.08564   -4.02162   -3.50631
   1004.56     15000   -2.90122   -4.22087   -4.17104   -4.13472   -3.60173
   1027.91     20000   -3.01384   -4.03131   -3.90796   -3.89535   -3.63953
   1051.27     25000   -3.00651   -4.07985   -3.96473   -3.94540   -3.66497
   1074.62     30000   -3.04853   -4.36330   -4.34301   -4.27676   -3.74231
   1097.98     35000   -3.13816   -4.42937   -4.37664   -4.34622   -3.83568
   1121.33     40000   -3.24791   -4.26171   -4.13622   -4.12638   -3.87058
   1144.69     45000   -3.23825   -4.32505   -4.21166   -4.19008   -3.89890
   1168.04     50000   -3.28403   -4.62074   -4.62064   -4.54270   -3.97986
   1191.40     55000   -3.37812   -4.65111   -4.57516   -4.55175   -4.07142
   1214.75     60000   -3.48475   -4.48991   -4.36275   -4.35038   -4.10297
   1238.11     65000   -3.47031   -4.56474   -4.45312   -4.42998   -4.13331
   1261.46     70000   -3.51717   -4.87117   -4.88492   -4.80042   -4.21672
   1284.82     75000   -3.61626   -4.86312   -4.78584   -4.76255   -4.30557
   1308.17     80000   -3.71943   -4.71961   -4.59334   -4.58204   -4.33444
   1331.53     85000   -3.70289   -4.81004   -4.70055   -4.67713   -4.36767
   1354.89     90000   -3.75159   -5.12500   -5.16091   -5.06613   -4.45399
   1378.24     95000   -3.85560   -5.08074   -4.98859   -4.97152   -4.54031
   1401.59    100000   -3.95556   -4.95011   -4.82147   -4.80930   -4.56664
   1424.95      5000   -3.93479   -5.05291   -4.94528   -4.91921   -4.60253
   1448.31     10000   -3.98679   -5.37579   -5.42816   -5.32271   -4.69113
   1471.66     15000   -4.09413   -5.29719   -5.20224   -5.18442   -4.77418
   1495.02     20000   -4.19037   -5.18112   -5.05429   -5.04168   -4.79837
   1518.37     25000   -4.16800   -5.29887   -5.19470   -5.16807   -4.83736
   1541.73     30000   -4.22095   -5.62493   -5.69708   -5.58434   -4.92830
   1565.08     35000   -4.33300   -5.51362   -5.41006   -5.39606   -5.00818
   1588.44     40000   -4.42565   -5.41278   -5.28428   -5.27162   -5.03061
   1611.79     45000   -4.40089   -5.54401   -5.44206   -5.41297   -5.07264
   1635.15     50000   -4.45572   -5.87150   -5.95719   -5.83541   -5.16546
   1658.50     55000   -4.57156   -5.73272   -5.62598   -5.61182   -5.24159
   1681.86     60000   -4.65942   -5.64568   -5.51886   -5.50524   -5.26258
   1705.21     65000   -4.63472   -5.79137   -5.69412   -5.66350   -5.30793
   1728.57     70000   -4.69150   -6.11449   -6.20806   -6.08645   -5.40252
   1751.92     75000   -4.80992   -5.95040   -5.83837   -5.82607   -5.47500
   1775.28     80000   -4.88305   -5.87853   -5.75100   -5.73732   -5.49499
   1798.63     85000   -4.86934   -6.03834   -5.94426   -5.91131   -5.54361
   1821.99     90000   -4.92830   -6.35335   -6.44775   -6.32643   -5.63952
   1845.34     95000   -5.04754   -6.17110   -6.05655   -6.04448   -5.70794
   1868.70    100000   -5.10754   -6.11320   -5.98712   -5.97252   -5.72725
   1892.05      5000   -5.10414   -6.28743   -6.19922   -6.16385   -5.77933
   1915.41     10000   -5.16536   -6.58850   -6.67164   -6.56156   -5.87639
   1938.76     15000   -5.28540   -6.39092   -6.27270   -6.26145   -5.94086
   1962.12     20000   -5.33263   -6.34756   -6.22147   -6.20651   -5.95992
   1985.47     25000   -5.33754   -6.53617   -6.45258   -6.41451   -6.01539
   2008.82     30000   -5.40279   -6.81872   -6.88771   -6.78741   -6.11312
   2032.18     35000   -5.52199   -6.61307   -6.49323   -6.48217   -6.17337
   2055.53     40000   -5.55907   -6.58381   -6.45914   -6.44338   -6.19252
   2078.89     45000   -5.57197   -6.78702   -6.71067   -6.66942   -6.25151
   2102.24     50000   -5.63941   -7.04566   -7.09099   -7.00719   -6.34970
   2125.60     55000   -5.75943   -6.83506   -6.71251   -6.70182   -6.40589
   2148.95     60000   -5.78638   -6.81988   -6.69566   -6.67926   -6.42550
   2172.31     65000   -5.80705   -7.03754   -6.96772   -6.92293   -6.48792
   2195.66     70000   -5.87652   -7.26867   -7.29374   -7.22167   -6.58607
   2219.01     75000   -5.99576   -7.05881   -6.93532   -6.92463   -6.63807
   2242.37     80000   -6.01404   -7.05765   -6.93499   -6.91781   -6.65849
   2265.72     85000   -6.04081   -7.28997   -7.22929   -7.18043   -6.72438
   2289.08     90000   -6.11475   -7.48906   -7.48984   -7.43186   -6.82225
   2312.43     95000   -6.23269   -7.28278   -7.15733   -7.14680   -6.87028
   2335.79    100000   -6.24266   -7.29546   -7.17363   -7.15563   -6.89184
   2359.14      5000   -6.27442   -7.54210   -7.49042   -7.43678   -6.96109
   2382.49     10000   -6.35248   -7.70735   -7.68961   -7.64067   -7.05817
   2405.85     15000   -6.46880   -7.50823   -7.38230   -7.37159   -7.10224
   2429.21     20000   -6.47247   -7.53478   -7.41477   -7.39589   -7.12526
   2452.56     25000   -6.50899   -7.79574   -7.75582   -7.69685   -7.19785
   2475.91     30000   -6.59125   -7.92389   -7.88672   -7.84734   -7.29387
   2499.27     35000   -6.70514   -7.73405   -7.60678   -7.59607   -7.33424
   2522.62     40000   -6.70263   -7.77434   -7.65555   -7.63570   -7.35901
   2545.97     45000   -6.74294   -8.04896   -8.02121   -7.95582   -7.43480
   2569.32     50000   -6.82964   -8.13989   -8.08845   -8.05501   -7.52928
   2592.68     55000   -6.94126   -7.96122   -7.83378   -7.82278   -7.56608
   2616.03     60000   -6.93346   -8.01529   -7.89863   -7.87774   -7.59287
   2639.38     65000   -6.97709   -8.30309   -8.29042   -8.21800   -7.67177
   2662.73     70000   -7.06879   -8.35501   -8.28945   -8.26197   -7.76445
   2686.08     75000   -7.17693   -8.18880   -8.06054   -8.04940   -7.79799
   2709.44     80000   -7.16523   -8.25659   -8.14161   -8.11959   -7.82705
   2732.79     85000   -7.21155   -8.55637   -8.55959   -8.47879   -7.90888
   2756.14     90000   -7.30733   -8.57053   -8.49471   -8.47093   -7.99929
   2779.50     95000   -7.41290   -8.41766   -8.28946   -8.27795   -8.02980
   2802.85    100000   -7.39809   -8.49922   -8.38678   -8.36352   -8.06137
   2826.20      5000   -7.44518   -8.80968   -8.83133   -8.74168   -8.14600
   2849.55     10000   -7.54668   -8.78587   -8.70012   -8.67995   -8.23388
   2872.91     15000   -7.64814   -8.64696   -8.51835   -8.50658   -8.26172
   2896.26     20000   -7.62986   -8.74230   -8.63210   -8.60749   -8.29599
   2919.61     25000   -7.67985   -9.06133   -9.10178   -9.00219   -8.38318
   2942.96     30000   -7.78507   -9.00208   -8.90914   -8.89123   -8.46815
   2966.32     35000   -7.88422   -8.87746   -8.74913   -8.73693   -8.49360
   2989.67     40000   -7.86233   -8.98668   -8.87954   -8.85345   -8.53076
   3013.02     45000   -7.91486   -9.31177   -9.37150   -9.26269   -8.62035
MyID= 0: Time=  0.1,has convergenced
     1683344 iterations for the convertgence of psi
 MyID=           0 has finish
