 START-UP FOR CHUNK...
     23.52      5000   -0.59094   -2.02668   -2.01842   -1.95820   -1.28663
     46.95     10000   -0.73955   -2.14890   -1.89513   -1.96322   -1.49557
     70.37     15000   -0.72637   -2.26705   -1.78433   -1.82449   -1.52389
     93.80     20000   -0.63802   -2.28561   -1.63895   -1.64040   -1.44558
    117.23     25000   -0.52913   -1.82156   -1.50368   -1.49176   -1.32316
    140.65     30000   -0.45820   -1.59693   -1.46436   -1.46721   -1.21561
    164.08     35000   -0.43037   -1.80447   -1.74231   -1.70984   -1.22395
    187.50     40000   -0.53332   -1.92189   -1.88167   -1.99916   -1.34162
    210.93     45000   -0.69522   -1.85485   -1.73297   -1.72821   -1.41841
    234.36     50000   -0.84862   -1.99179   -1.87717   -1.84133   -1.53266
    257.78     55000   -0.93893   -2.27577   -2.35754   -2.29660   -1.66272
    281.20     60000   -1.01908   -2.29812   -2.16872   -2.16970   -1.72682
    304.62     65000   -1.05165   -2.09721   -1.95344   -1.93612   -1.69830
    328.05     70000   -1.02052   -2.10943   -2.02234   -1.99266   -1.69241
    351.47     75000   -1.03667   -2.34175   -2.45841   -2.38511   -1.75842
    374.90     80000   -1.13165   -2.32530   -2.27236   -2.24501   -1.82452
    398.32     85000   -1.24106   -2.26212   -2.13669   -2.12088   -1.85862
    421.74     90000   -1.25938   -2.42425   -2.34354   -2.31180   -1.93186
    445.17     95000   -1.32171   -2.67047   -2.84514   -2.79190   -2.03077
    468.59    100000   -1.40409   -2.53319   -2.40073   -2.39262   -2.06755
 ITERATION...
    492.01      5000   -1.43010   -2.46819   -2.34238   -2.31903   -2.06570
    515.43     10000   -1.42465   -2.63738   -2.60096   -2.55566   -2.11634
    538.86     15000   -1.49003   -2.81523   -2.88600   -2.85425   -2.20065
    562.28     20000   -1.58934   -2.66050   -2.54172   -2.52178   -2.23718
    585.71     25000   -1.61454   -2.70138   -2.58297   -2.55978   -2.27258
    609.14     30000   -1.65199   -2.95424   -2.99432   -2.94167   -2.35742
    632.56     35000   -1.73968   -2.98059   -2.92830   -2.91729   -2.43153
    655.98     40000   -1.81576   -2.84708   -2.71436   -2.69869   -2.44320
    679.40     45000   -1.80267   -2.92967   -2.83296   -2.80333   -2.47546
    702.83     50000   -1.84338   -3.19862   -3.34389   -3.27434   -2.55963
    726.26     55000   -1.94030   -3.10640   -3.01004   -2.99500   -2.61837
    749.69     60000   -2.01147   -3.03880   -2.91193   -2.89022   -2.63705
    773.11     65000   -2.01184   -3.20316   -3.13565   -3.10093   -2.69660
    796.54     70000   -2.07390   -3.42959   -3.54320   -3.50150   -2.78615
    819.97     75000   -2.16465   -3.25991   -3.13930   -3.12432   -2.82204
    843.40     80000   -2.18679   -3.25111   -3.13140   -3.10879   -2.83912
    866.83     85000   -2.20686   -3.46921   -3.46392   -3.41957   -2.90875
    890.25     90000   -2.28760   -3.57615   -3.56506   -3.54899   -2.98968
    913.68     95000   -2.37733   -3.42422   -3.29575   -3.27850   -3.01348
    937.10    100000   -2.38013   -3.48706   -3.38078   -3.35362   -3.04745
    960.53      5000   -2.41975   -3.75577   -3.85472   -3.79162   -3.13217
    983.95     10000   -2.51249   -3.71511   -3.63025   -3.61670   -3.19725
   1007.39     15000   -2.59520   -3.61174   -3.48262   -3.46283   -3.21107
   1030.82     20000   -2.57890   -3.73747   -3.65678   -3.62508   -3.25824
   1054.25     25000   -2.63072   -3.99513   -4.15239   -4.09667   -3.34686
   1077.69     30000   -2.72662   -3.85212   -3.73776   -3.72329   -3.39332
   1101.12     35000   -2.76885   -3.81728   -3.69237   -3.67042   -3.41069
   1124.56     40000   -2.78218   -4.01068   -3.97480   -3.93475   -3.47621
   1147.99     45000   -2.85447   -4.17812   -4.21563   -4.19369   -3.56166
   1171.43     50000   -2.94356   -4.01199   -3.88411   -3.86787   -3.58959
   1194.86     55000   -2.95291   -4.04204   -3.92827   -3.90281   -3.61530
   1218.30     60000   -2.98448   -4.29100   -4.33926   -4.28527   -3.69414
   1241.74     65000   -3.07447   -4.31493   -4.25532   -4.24159   -3.76719
   1265.16     70000   -3.16050   -4.18857   -4.05767   -4.03910   -3.78454
   1288.60     75000   -3.15111   -4.28683   -4.19180   -4.16236   -3.82576
   1312.02     80000   -3.19746   -4.55685   -4.71319   -4.64542   -3.91356
   1335.45     85000   -3.29238   -4.45057   -4.34614   -4.33260   -3.96814
   1358.88     90000   -3.35305   -4.38587   -4.25764   -4.23680   -3.98275
   1382.31     95000   -3.35302   -4.55009   -4.49007   -4.45410   -4.04032
   1405.74    100000   -3.41652   -4.76560   -4.86406   -4.83017   -4.12840
   1429.17      5000   -3.50819   -4.59978   -4.47622   -4.46083   -4.16401
   1452.61     10000   -3.53079   -4.60191   -4.48176   -4.45794   -4.18532
   1476.04     15000   -3.55602   -4.82904   -4.83330   -4.78618   -4.25882
   1499.47     20000   -3.63830   -4.91698   -4.89292   -4.87730   -4.33819
   1522.90     25000   -3.72526   -4.76876   -4.63869   -4.62124   -4.35909
   1546.32     30000   -3.72440   -4.83753   -4.73265   -4.70529   -4.39302
   1569.75     35000   -3.76467   -5.10562   -5.21910   -5.15485   -4.47780
   1593.17     40000   -3.85756   -5.04965   -4.96086   -4.94767   -4.54098
   1616.59     45000   -3.93961   -4.95700   -4.82709   -4.80733   -4.55567
   1640.02     50000   -3.92531   -5.09268   -5.01448   -4.98176   -4.60602
   1663.45     55000   -3.97985   -5.34314   -5.49351   -5.44075   -4.69507
   1686.88     60000   -4.07417   -5.19211   -5.07537   -5.06080   -4.73871
   1710.31     65000   -4.11114   -5.16479   -5.04069   -5.01827   -4.75609
   1733.74     70000   -4.12653   -5.36561   -5.33658   -5.29537   -4.82295
   1757.17     75000   -4.20119   -5.51545   -5.53860   -5.51850   -4.90726
   1780.60     80000   -4.28995   -5.35223   -5.22420   -5.20769   -4.93378
   1804.03     85000   -4.29770   -5.39177   -5.27929   -5.25364   -4.96155
   1827.47     90000   -4.33141   -5.64657   -5.70781   -5.65128   -5.04209
   1850.89     95000   -4.42298   -5.65171   -5.58528   -5.57183   -5.11309
   1874.31    100000   -4.50781   -5.53222   -5.40173   -5.38299   -5.12936
   1897.74      5000   -4.49613   -5.63844   -5.54682   -5.51675   -5.17226
   1921.16     10000   -4.54433   -5.90671   -6.06796   -6.00223   -5.26048
   1944.59     15000   -4.63915   -5.78792   -5.68062   -5.66679   -5.31277
   1968.02     20000   -4.69465   -5.73143   -5.60421   -5.58300   -5.32791
   1991.45     25000   -4.69805   -5.90406   -5.84972   -5.81282   -5.38767
   2014.88     30000   -4.76420   -6.10725   -6.18963   -6.15918   -5.47521
   2038.31     35000   -4.85533   -5.93994   -5.81553   -5.79991   -5.50862
   2061.74     40000   -4.87410   -5.95004   -5.83166   -5.80753   -5.53105
   2085.17     45000   -4.90125   -6.18374   -6.19920   -6.15044   -5.60614
   2108.60     50000   -4.98620   -6.25393   -6.21898   -6.20426   -5.68391
   2132.03     55000   -5.07203   -6.11116   -5.98093   -5.96319   -5.70363
   2155.45     60000   -5.06932   -6.18803   -6.08579   -6.05784   -5.73949
   2178.89     65000   -5.11119   -6.45815   -6.58544   -6.51933   -5.82524
   2202.31     70000   -5.20480   -6.38712   -6.29374   -6.28038   -5.88611
   2225.75     75000   -5.28081   -6.30199   -6.17268   -6.15261   -5.90061
   2249.18     80000   -5.27012   -6.44558   -6.37206   -6.33859   -5.95296
   2272.60     85000   -5.32743   -6.68804   -6.82697   -6.77975   -6.04193
   2296.02     90000   -5.42126   -6.53130   -6.41251   -6.39774   -6.08330
   2319.44     95000   -5.45358   -6.51204   -6.38901   -6.36624   -6.10160
   2342.87    100000   -5.47170   -6.72028   -6.69963   -6.65693   -6.17034
   2366.29      5000   -5.54914   -6.85398   -6.86297   -6.84448   -6.25347
   2389.72     10000   -5.63703   -6.69397   -6.56531   -6.54852   -6.27830
   2413.16     15000   -5.64267   -6.74148   -6.63102   -6.60490   -6.30768
   2436.58     20000   -5.67813   -7.00085   -7.07628   -7.01758   -6.38951
   2460.01     25000   -5.77049   -6.98859   -6.91519   -6.90189   -6.45845
   2483.43     30000   -5.85450   -6.87619   -6.74578   -6.72677   -6.47411
   2506.85     35000   -5.84174   -6.99047   -6.90223   -6.87149   -6.51903
   2530.28     40000   -5.89151   -7.25553   -7.41906   -7.35555   -6.60765
   2553.71     45000   -5.98652   -7.12634   -7.01611   -7.00209   -6.65755
   2577.13     50000   -6.03635   -7.07782   -6.95136   -6.92984   -6.67314
   2600.56     55000   -6.04328   -7.25827   -7.21024   -7.17226   -6.73489
   2623.99     60000   -6.11192   -7.44807   -7.51341   -7.48656   -6.82173
   2647.42     65000   -6.20275   -7.28054   -7.15492   -7.13906   -6.85313
   2670.84     70000   -6.21765   -7.29869   -7.18178   -7.15725   -6.87691
   2694.27     75000   -6.24661   -7.53873   -7.56577   -7.51501   -6.95359
   2717.70     80000   -6.33384   -7.59103   -7.54636   -7.53214   -7.02964
   2741.13     85000   -6.41919   -7.45417   -7.32376   -7.30575   -7.04824
   2764.56     90000   -6.41441   -7.53909   -7.43951   -7.41102   -7.08598
   2787.99     95000   -6.45737   -7.81012   -7.94983   -7.88270   -7.17256
   2811.42    100000   -6.55236   -7.72467   -7.62691   -7.61346   -7.23111
   2834.85      5000   -6.62187   -7.64729   -7.51845   -7.49807   -7.24562
   2858.27     10000   -6.61535   -7.79889   -7.73011   -7.69577   -7.30001
   2881.70     15000   -6.67488   -8.03220   -8.15740   -8.11521   -7.38877
   2905.11     20000   -6.76875   -7.87091   -7.75034   -7.73534   -7.42788
   2928.53     25000   -6.79643   -7.85970   -7.73782   -7.71469   -7.44718
   2951.96     30000   -6.81721   -8.07522   -8.06353   -8.01933   -7.51773
   2975.40     35000   -6.89710   -8.19199   -8.18757   -8.17048   -7.59955
   2998.84     40000   -6.98449   -8.03591   -7.90666   -7.88962   -7.62282
   3022.28     45000   -6.98728   -8.09147   -7.98305   -7.95646   -7.65390
   3045.72     50000   -7.02462   -8.35481   -8.44465   -8.38367   -7.73694
   3069.16     55000   -7.11779   -8.32564   -8.24601   -8.23275   -7.80375
   3092.57     60000   -7.20157   -8.22050   -8.09030   -8.07099   -7.81891
   3115.98     65000   -7.18773   -8.34283   -8.25825   -8.22682   -7.86585
   3139.40     70000   -7.23858   -8.60342   -8.76508   -8.70514   -7.95474
   3162.83     75000   -7.33428   -8.46496   -8.35203   -8.33782   -8.00227
   3186.27     80000   -7.37846   -8.42443   -8.29880   -8.27694   -8.01845
   3209.70     85000   -7.38891   -8.61265   -8.57138   -8.53222   -8.08217
   3233.14     90000   -7.46005   -8.78812   -8.83701   -8.81308   -8.16816
   3256.58     95000   -7.55039   -8.62145   -8.49483   -8.47872   -8.19763
   3280.03    100000   -7.56160   -8.64766   -8.53235   -8.50741   -8.22285
   3303.46      5000   -7.59235   -8.89363   -8.93306   -8.88024   -8.30105
   3326.90     10000   -7.68122   -8.92799   -8.87440   -8.86057   -8.37526
   3350.35     15000   -7.76674   -8.79744   -8.66691   -8.64863   -8.39288
   3373.79     20000   -7.75899   -8.89041   -8.79365   -8.76458   -8.43255
   3397.21     25000   -7.80394   -9.16132   -9.31154   -9.24403   -8.51985
   3420.65     30000   -7.89911   -9.06243   -8.96078   -8.94720   -8.57605
   3444.09     35000   -7.96320   -8.99290   -8.86461   -8.84392   -8.59068
   3467.52     40000   -7.96097   -9.15247   -9.08883   -9.05357   -8.64711
MyID= 0: Time=  0.1,has convergenced
     1686185 iterations for the convertgence of psi
 MyID=           0 has finish
