 START-UP FOR CHUNK...
     23.44      5000   -0.64352   -2.04337   -2.25502   -2.33782   -1.29121
     46.79     10000   -0.86854   -2.12043   -2.25205   -2.33846   -1.53676
     70.14     15000   -0.93639   -2.20446   -2.15187   -2.19321   -1.65140
     93.50     20000   -0.91749   -2.55456   -1.99420   -1.99249   -1.67303
    116.85     25000   -0.82096   -2.25958   -1.79204   -1.78874   -1.58115
    140.20     30000   -0.68426   -1.97523   -1.58587   -1.59396   -1.41897
    163.55     35000   -0.56163   -1.71015   -1.45761   -1.45849   -1.25572
    186.90     40000   -0.46339   -1.62576   -1.52660   -1.50199   -1.16563
    210.25     45000   -0.48923   -1.84285   -1.86690   -1.99300   -1.21953
    233.60     50000   -0.58983   -1.82989   -1.70300   -1.67304   -1.30706
    256.95     55000   -0.77248   -1.84370   -1.70363   -1.68083   -1.41399
    280.30     60000   -0.84661   -2.09748   -2.04040   -2.02163   -1.54999
    303.65     65000   -0.92009   -2.23495   -2.19036   -2.19849   -1.62286
    327.00     70000   -0.93739   -2.03970   -1.86257   -1.84901   -1.58974
    350.35     75000   -0.89320   -1.96908   -1.86270   -1.83730   -1.56028
    373.70     80000   -0.88239   -2.14460   -2.20458   -2.20339   -1.60562
    397.05     85000   -0.95947   -2.22747   -2.12854   -2.10304   -1.66598
    420.40     90000   -1.08829   -2.12070   -1.98818   -1.96556   -1.70932
    443.75     95000   -1.10544   -2.26955   -2.19494   -2.17689   -1.79726
    467.09    100000   -1.17255   -2.51609   -2.60008   -2.60794   -1.88616
 ITERATION...
    490.45      5000   -1.23031   -2.37716   -2.21566   -2.19857   -1.89568
    513.80     10000   -1.23342   -2.30358   -2.18389   -2.16122   -1.89195
    537.15     15000   -1.23141   -2.46867   -2.49251   -2.48608   -1.94922
    560.50     20000   -1.30531   -2.60773   -2.52835   -2.51389   -2.01429
    583.84     25000   -1.40863   -2.46516   -2.32149   -2.29786   -2.04103
    607.19     30000   -1.41791   -2.55180   -2.46295   -2.44222   -2.10344
    630.54     35000   -1.47140   -2.80925   -2.92938   -2.93417   -2.19144
    653.89     40000   -1.54151   -2.72300   -2.57288   -2.55468   -2.21913
    677.24     45000   -1.57393   -2.63942   -2.50828   -2.48610   -2.22494
    700.59     50000   -1.57299   -2.78940   -2.77952   -2.76622   -2.28516
    723.94     55000   -1.64332   -2.96717   -2.92783   -2.91977   -2.35477
    747.29     60000   -1.73233   -2.81126   -2.66249   -2.63970   -2.37545
    770.64     65000   -1.74240   -2.85510   -2.75362   -2.73217   -2.42153
    793.99     70000   -1.78424   -3.10502   -3.21042   -3.20900   -2.50683
    817.34     75000   -1.86028   -3.07401   -2.93823   -2.91989   -2.54681
    840.69     80000   -1.91471   -2.97021   -2.83275   -2.81065   -2.55542
    864.04     85000   -1.90930   -3.09823   -3.05938   -3.04280   -2.61353
    887.39     90000   -1.97268   -3.31544   -3.33007   -3.32912   -2.68830
    910.74     95000   -2.05473   -3.15997   -3.00992   -2.98764   -2.70950
    934.09    100000   -2.07304   -3.16605   -3.05477   -3.03297   -2.74403
    957.44      5000   -2.10350   -3.39641   -3.46465   -3.45822   -2.82564
    980.79     10000   -2.18036   -3.43112   -3.31363   -3.29621   -2.87603
   1004.14     15000   -2.25795   -3.30320   -3.16084   -3.13861   -2.88548
   1027.49     20000   -2.24201   -3.40296   -3.34157   -3.32291   -2.93849
   1050.84     25000   -2.29831   -3.64796   -3.72113   -3.72939   -3.01745
   1074.19     30000   -2.37715   -3.51347   -3.36372   -3.34204   -3.04313
   1097.54     35000   -2.40530   -3.48413   -3.36370   -3.34148   -3.06900
   1120.89     40000   -2.42763   -3.68714   -3.71575   -3.70459   -3.14582
   1144.24     45000   -2.50335   -3.78944   -3.69930   -3.68436   -3.20547
   1167.59     50000   -2.58699   -3.64103   -3.49408   -3.47180   -3.21609
   1190.94     55000   -2.57447   -3.70996   -3.62980   -3.60970   -3.26243
   1214.29     60000   -2.62170   -3.96420   -4.07529   -4.08813   -3.34377
   1237.64     65000   -2.69934   -3.87049   -3.72432   -3.70359   -3.37637
   1260.99     70000   -2.74171   -3.80805   -3.67908   -3.65664   -3.39573
   1284.34     75000   -2.75329   -3.98050   -3.97377   -3.95885   -3.46667
   1307.69     80000   -2.82599   -4.14324   -4.09440   -4.08380   -3.53435
   1331.04     85000   -2.90768   -3.98325   -3.83306   -3.81092   -3.54747
   1354.39     90000   -2.90602   -4.02064   -3.92488   -3.90385   -3.58650
   1377.74     95000   -2.94462   -4.26846   -4.37636   -4.38380   -3.66817
   1401.09    100000   -3.02325   -4.22985   -4.09255   -4.07303   -3.70909
   1424.44      5000   -3.08029   -4.13649   -4.00036   -3.97786   -3.72386
   1447.78     10000   -3.08211   -4.27724   -4.24124   -4.22380   -3.78798
   1471.13     15000   -3.14797   -4.48784   -4.49468   -4.49071   -3.86215
   1494.48     20000   -3.22679   -4.32968   -4.17819   -4.15634   -3.87952
   1517.83     25000   -3.23923   -4.33515   -4.22673   -4.20512   -3.91127
   1541.19     30000   -3.26828   -4.56535   -4.64062   -4.63889   -3.99122
   1564.54     35000   -3.34646   -4.59067   -4.46925   -4.45143   -4.04106
   1587.88     40000   -3.42289   -4.46922   -4.32735   -4.30486   -4.05321
   1611.23     45000   -3.41167   -4.57770   -4.51821   -4.49911   -4.10983
   1634.58     50000   -3.47035   -4.81942   -4.88702   -4.89157   -4.18866
   1657.94     55000   -3.54794   -4.68048   -4.52988   -4.50847   -4.21200
   1681.29     60000   -3.57199   -4.65386   -4.53503   -4.51302   -4.23703
   1704.64     65000   -3.59417   -4.85915   -4.89432   -4.88532   -4.31342
   1728.00     70000   -3.67078   -4.95087   -4.85513   -4.83990   -4.37205
   1751.36     75000   -3.75687   -4.80641   -4.66001   -4.63760   -4.38363
   1774.72     80000   -3.74283   -4.88236   -4.80394   -4.78369   -4.43236
   1798.08     85000   -3.79245   -5.13661   -5.24621   -5.25646   -4.51381
   1821.44     90000   -3.86953   -5.03545   -4.88863   -4.86790   -4.54463
   1844.79     95000   -3.90863   -4.97700   -4.84944   -4.82718   -4.56393
   1868.15    100000   -3.92085   -5.15326   -5.15194   -5.13817   -4.63518
   1891.50      5000   -3.99422   -5.30679   -5.25002   -5.23886   -4.70181
   1914.85     10000   -4.07650   -5.14811   -4.99845   -4.97620   -4.71496
   1938.21     15000   -4.07430   -5.19148   -5.09757   -5.07652   -4.75574
   1961.57     20000   -4.11432   -5.44163   -5.55305   -5.56019   -4.83772
   1984.92     25000   -4.19296   -5.39385   -5.25512   -5.23541   -4.87707
   2008.28     30000   -4.24672   -5.30461   -5.16972   -5.14730   -4.89199
   2031.63     35000   -4.24956   -5.44977   -5.41820   -5.40141   -4.95688
   2054.99     40000   -4.31658   -5.65383   -5.65072   -5.64587   -5.03017
   2078.35     45000   -4.39588   -5.49425   -5.34290   -5.32094   -5.04700
   2101.70     50000   -4.40696   -5.50509   -5.39837   -5.37675   -5.08013
   2125.06     55000   -4.43730   -5.73886   -5.82012   -5.81903   -5.16060
   2148.42     60000   -4.51607   -5.75432   -5.63012   -5.61196   -5.20898
   2171.78     65000   -4.58872   -5.63666   -5.49571   -5.47325   -5.22121
   2195.14     70000   -4.57931   -5.74980   -5.69382   -5.67507   -5.27884
   2218.49     75000   -4.63908   -5.98789   -6.04612   -6.04976   -5.35707
   2241.86     80000   -4.71717   -5.84471   -5.69375   -5.67223   -5.37950
   2265.23     85000   -4.73920   -5.82316   -5.70575   -5.68375   -5.40563
   2288.58     90000   -4.76263   -6.03273   -6.07390   -6.06555   -5.48275
   2311.94     95000   -4.83932   -6.11465   -6.01435   -5.99859   -5.54003
   2335.30    100000   -4.92582   -5.97316   -5.82739   -5.80498   -5.55148
   2358.65      5000   -4.91049   -6.05392   -5.97825   -5.95821   -5.60134
   2382.01     10000   -4.96164   -6.30734   -6.41258   -6.42282   -5.68252
   2405.37     15000   -5.03900   -6.19922   -6.05150   -6.03064   -5.71216
   2428.73     20000   -5.07574   -6.14567   -6.01930   -5.99704   -5.73231
   2452.09     25000   -5.08936   -6.32660   -6.33040   -6.31711   -5.80448
   2475.45     30000   -5.16341   -6.47137   -6.40781   -6.39585   -5.86994
   2498.80     35000   -5.24564   -6.31412   -6.16486   -6.14259   -5.88269
   2522.16     40000   -5.24240   -6.36239   -6.27069   -6.24977   -5.92463
   2545.53     45000   -5.28354   -6.61403   -6.72769   -6.73607   -6.00665
   2568.90     50000   -5.36160   -6.55721   -6.41684   -6.39694   -6.04467
   2592.25     55000   -5.41325   -6.47262   -6.33872   -6.31632   -6.06018
   2615.59     60000   -5.41749   -6.62265   -6.59525   -6.57879   -6.12613
   2638.93     65000   -5.48572   -6.82000   -6.80797   -6.80194   -6.19851
   2662.27     70000   -5.56524   -6.65953   -6.50833   -6.48632   -6.21463
   2685.61     75000   -5.57410   -6.67530   -6.57041   -6.54888   -6.24887
   2708.96     80000   -5.60620   -6.91216   -6.99915   -6.99947   -6.32969
   2732.33     85000   -5.68547   -6.91752   -6.79053   -6.77210   -6.37669
   2755.70     90000   -5.75466   -6.80400   -6.66387   -6.64141   -6.38922
   2779.08     95000   -5.74724   -6.92208   -6.86947   -6.85096   -6.44802
   2802.44    100000   -5.80813   -7.15620   -7.20534   -7.20758   -6.52562
   2825.81      5000   -5.88663   -7.00930   -6.85814   -6.83655   -6.54707
   2849.18     10000   -5.90653   -6.99268   -6.87680   -6.85485   -6.57421
   2872.56     15000   -5.93111   -7.20630   -7.25361   -7.24626   -6.65194
   2895.93     20000   -6.00790   -7.27808   -7.17335   -7.15717   -6.70790
   2919.30     25000   -6.09454   -7.13982   -6.99470   -6.97227   -6.71934
   2942.67     30000   -6.07835   -7.22556   -7.15262   -7.13274   -6.77042
   2966.04     35000   -6.13055   -7.47783   -7.57802   -7.58765   -6.85127
   2989.41     40000   -6.20866   -7.36321   -7.21478   -7.19380   -6.87972
   3012.77     45000   -6.24296   -7.31451   -7.18941   -7.16719   -6.90071
   3036.14     50000   -6.25796   -7.50000   -7.50915   -7.49650   -6.97372
   3059.51     55000   -6.33212   -7.63564   -7.56549   -7.55284   -7.03800
   3082.88     60000   -6.41492   -7.48011   -7.33129   -7.30899   -7.05041
   3106.25     65000   -6.41066   -7.53335   -7.44390   -7.42309   -7.09357
   3129.62     70000   -6.45294   -7.78623   -7.90137   -7.91058   -7.17559
   3152.99     75000   -6.53028   -7.72072   -7.57890   -7.55883   -7.21227
   3176.36     80000   -6.57994   -7.64077   -7.50795   -7.48555   -7.22840
   3199.72     85000   -6.58555   -7.79561   -7.77258   -7.75652   -7.29536
   3223.09     90000   -6.65500   -7.98582   -7.96501   -7.95791   -7.36678
   3246.46     95000   -6.73476   -7.82484   -7.67383   -7.65177   -7.38226
   3269.83    100000   -6.74139   -7.84559   -7.74255   -7.72110   -7.41765
   3293.20      5000   -6.77525   -8.08537   -8.17781   -8.17943   -7.49878
   3316.57     10000   -6.85408   -8.08077   -7.95126   -7.93256   -7.54439
   3339.94     15000   -6.92077   -7.97147   -7.83222   -7.80976   -7.55726
   3363.30     20000   -6.91531   -8.09448   -8.04538   -8.02713   -7.61720
   3386.67     25000   -6.97733   -8.32414   -8.36389   -8.36478   -7.69412
   3410.02     30000   -7.05624   -8.17397   -8.02264   -8.00097   -7.71464
   3433.38     35000   -7.07401   -8.16229   -8.04796   -8.02606   -7.74281
   3456.74     40000   -7.09975   -8.37985   -8.43334   -8.42701   -7.82113
   3480.09     45000   -7.17664   -8.44148   -8.33264   -8.31604   -7.87574
   3503.43     50000   -7.26340   -8.30661   -8.16217   -8.13973   -7.88722
   3526.75     55000   -7.24636   -8.39730   -8.32721   -8.30750   -7.93950
   3550.07     60000   -7.29960   -8.64801   -8.74221   -8.75105   -8.01999
   3573.40     65000   -7.37814   -8.52727   -8.37820   -8.35711   -8.04728
   3596.72     70000   -7.40991   -8.48343   -8.35964   -8.33745   -8.06913
   3620.04     75000   -7.42671   -8.67344   -8.68807   -8.67608   -8.14296
   3643.37     80000   -7.50093   -8.79976   -8.72339   -8.71008   -8.20603
   3666.69     85000   -7.58436   -8.64621   -8.49787   -8.47554   -8.21816
   3690.01     90000   -7.57830   -8.70443   -8.61730   -8.59660   -8.26252
   3713.33     95000   -7.62196   -8.95822   -9.07388   -9.08379   -8.34451
   3736.65    100000   -7.69912   -8.88428   -8.74113   -8.72090   -8.37987
   3759.98      5000   -7.74679   -8.80902   -8.67729   -8.65492   -8.39664
   3783.30     10000   -7.75376   -8.96865   -8.95012   -8.93449   -8.46460
   3806.62     15000   -7.82443   -9.15137   -9.12208   -9.11397   -8.53503
   3829.94     20000   -7.90442   -8.99027   -8.83948   -8.81738   -8.54990
   3853.26     25000   -7.90883   -9.01598   -8.91486   -8.89349   -8.58646
   3876.58     30000   -7.94445   -9.25846   -9.35600   -9.35895   -8.66785
MyID= 0: Time=  0.1,has convergenced
     1686235 iterations for the convertgence of psi
 MyID=           0 has finish
