 START-UP FOR CHUNK...
     23.47      5000   -0.58861   -2.02454   -2.00842   -1.94209   -1.28732
     46.80     10000   -0.73260   -2.14799   -1.88186   -1.94784   -1.49308
     70.13     15000   -0.71594   -2.27563   -1.76842   -1.81124   -1.51630
     93.45     20000   -0.62644   -2.26305   -1.62494   -1.62852   -1.43541
    116.79     25000   -0.51831   -1.80285   -1.49764   -1.48432   -1.31451
    140.11     30000   -0.45229   -1.59666   -1.47237   -1.47378   -1.21178
    163.44     35000   -0.43447   -1.83777   -1.77394   -1.74901   -1.23424
    186.77     40000   -0.54433   -1.92670   -1.87531   -1.95605   -1.35332
    210.10     45000   -0.71212   -1.85702   -1.73399   -1.73334   -1.43017
    233.42     50000   -0.85757   -2.01489   -1.90214   -1.86523   -1.54661
    256.74     55000   -0.94858   -2.30200   -2.40191   -2.33858   -1.67642
    280.07     60000   -1.02895   -2.30014   -2.14974   -2.15120   -1.73497
    303.39     65000   -1.06003   -2.09848   -1.95787   -1.93869   -1.70477
    326.72     70000   -1.02718   -2.12658   -2.04393   -2.01194   -1.70303
    350.04     75000   -1.04896   -2.36880   -2.49503   -2.41874   -1.77266
    373.36     80000   -1.14794   -2.32592   -2.26649   -2.23764   -1.83735
    396.69     85000   -1.25695   -2.27235   -2.14794   -2.13313   -1.87150
    420.01     90000   -1.27274   -2.44500   -2.36900   -2.33780   -1.94605
    443.33     95000   -1.33643   -2.68193   -2.84393   -2.79582   -2.04499
    466.66    100000   -1.41975   -2.53925   -2.40336   -2.39714   -2.08029
 ITERATION...
    489.99      5000   -1.44184   -2.48176   -2.35655   -2.33331   -2.07909
    513.31     10000   -1.43966   -2.65900   -2.62786   -2.57876   -2.13153
    536.63     15000   -1.50702   -2.83040   -2.88712   -2.85635   -2.21651
    559.96     20000   -1.60719   -2.67320   -2.55333   -2.53281   -2.25268
    583.28     25000   -1.62969   -2.71782   -2.59984   -2.57598   -2.28800
    606.60     30000   -1.66836   -2.97415   -3.01747   -2.96231   -2.37303
    629.93     35000   -1.75720   -2.99313   -2.94050   -2.92868   -2.44796
    653.25     40000   -1.83370   -2.86229   -2.72900   -2.71436   -2.46009
    676.58     45000   -1.81987   -2.94713   -2.84853   -2.81935   -2.49204
    699.90     50000   -1.86136   -3.21617   -3.36373   -3.28722   -2.57649
    723.22     55000   -1.95913   -3.12517   -3.02894   -3.01537   -2.63692
    746.55     60000   -2.03210   -3.05671   -2.92840   -2.90710   -2.65537
    769.87     65000   -2.03028   -3.21948   -3.14779   -3.11187   -2.71348
    793.20     70000   -2.09150   -3.45240   -3.57526   -3.52594   -2.80397
    816.52     75000   -2.18433   -3.28135   -3.16213   -3.14742   -2.84246
    839.85     80000   -2.20882   -3.26867   -3.14691   -3.12483   -2.85853
    863.17     85000   -2.22716   -3.48378   -3.46717   -3.42274   -2.92637
    886.50     90000   -2.30623   -3.60295   -3.60595   -3.58724   -3.00963
    909.82     95000   -2.39668   -3.44676   -3.31898   -3.30300   -3.03563
    933.15    100000   -2.40168   -3.50256   -3.39207   -3.36579   -3.06697
    956.47      5000   -2.43942   -3.76964   -3.84813   -3.78323   -3.15024
    979.80     10000   -2.53319   -3.74782   -3.67132   -3.65815   -3.21970
   1003.12     15000   -2.61593   -3.63409   -3.50457   -3.48566   -3.23451
   1026.45     20000   -2.60088   -3.74935   -3.66080   -3.62971   -3.27788
   1049.77     25000   -2.65065   -4.01840   -4.18062   -4.11147   -3.36649
   1073.10     30000   -2.74745   -3.88596   -3.77726   -3.76338   -3.41846
   1096.42     35000   -2.79969   -3.83698   -3.71036   -3.68953   -3.43446
   1119.75     40000   -2.80600   -4.01741   -3.96509   -3.92682   -3.49552
   1143.07     45000   -2.87363   -4.21578   -4.28906   -4.25759   -3.58368
   1166.40     50000   -2.96556   -4.04519   -3.91997   -3.90504   -3.61701
   1189.73     55000   -2.98194   -4.05778   -3.93966   -3.91548   -3.63891
   1213.05     60000   -3.00997   -4.29508   -4.31060   -4.25912   -3.71375
   1236.37     65000   -3.09505   -4.36329   -4.32634   -4.31119   -3.79265
   1259.70     70000   -3.18245   -4.21910   -4.08877   -4.07138   -3.81325
   1283.02     75000   -3.17915   -4.29640   -4.19272   -4.16478   -3.84852
   1306.35     80000   -3.22147   -4.56950   -4.69244   -4.62132   -3.93429
   1329.67     85000   -3.31590   -4.50056   -4.40832   -4.39535   -3.99729
   1352.99     90000   -3.39494   -4.41192   -4.28195   -4.26257   -4.01178
   1376.32     95000   -3.38176   -4.55221   -4.47462   -4.44108   -4.06221
   1399.64    100000   -3.43684   -4.80277   -4.95006   -4.89399   -4.15177
   1422.97      5000   -3.53302   -4.64730   -4.52946   -4.51548   -4.19628
   1446.29     10000   -3.56931   -4.62169   -4.49685   -4.47463   -4.21362
   1469.61     15000   -3.58542   -4.82469   -4.79323   -4.75040   -4.28014
   1492.94     20000   -3.65971   -4.97694   -5.00154   -4.97925   -4.36559
   1516.26     25000   -3.74981   -4.81116   -4.68296   -4.66705   -4.39331
   1539.58     30000   -3.75682   -4.84905   -4.73489   -4.70951   -4.41993
   1562.91     35000   -3.79026   -5.10434   -5.15719   -5.09855   -4.49969
   1586.23     40000   -3.88172   -5.11655   -5.05343   -5.04000   -4.57312
   1609.56     45000   -3.96773   -4.99247   -4.86131   -4.84333   -4.59035
   1632.88     50000   -3.95689   -5.09410   -4.99824   -4.96839   -4.63117
   1656.21     55000   -4.00365   -5.36731   -5.52369   -5.44963   -4.71925
   1679.53     60000   -4.10041   -5.25620   -5.15176   -5.13857   -4.77521
   1702.85     65000   -4.16158   -5.19162   -5.06299   -5.04254   -4.78989
   1726.17     70000   -4.16068   -5.35668   -5.29318   -5.25670   -4.84666
   1749.50     75000   -4.22327   -5.57733   -5.68155   -5.64172   -4.93567
   1772.82     80000   -4.31754   -5.40907   -5.28620   -5.27154   -4.97322
   1796.15     85000   -4.34056   -5.40803   -5.28649   -5.26323   -4.99340
   1819.47     90000   -4.36435   -5.63330   -5.62847   -5.58061   -5.06541
   1842.80     95000   -4.44633   -5.73331   -5.71725   -5.70032   -5.14709
   1866.13    100000   -4.53447   -5.57969   -5.44973   -5.43309   -5.16990
   1889.46      5000   -4.53427   -5.64215   -5.53387   -5.50696   -5.20159
   1912.78     10000   -4.57326   -5.91063   -6.00668   -5.93995   -5.28530
   1936.11     15000   -4.66798   -5.87018   -5.78733   -5.77436   -5.35245
   1959.43     20000   -4.75185   -5.76789   -5.63724   -5.61834   -5.36770
   1982.76     25000   -4.73651   -5.89397   -5.80840   -5.77638   -5.41456
   2006.08     30000   -4.78827   -6.15663   -6.31835   -6.25213   -5.50393
   2029.40     35000   -4.88505   -6.01396   -5.90070   -5.88704   -5.55268
   2052.73     40000   -4.92979   -5.97370   -5.84726   -5.82582   -5.56861
   2076.05     45000   -4.93957   -6.16269   -6.11763   -6.07757   -5.63149
   2099.38     50000   -5.00994   -6.34303   -6.39638   -6.36924   -5.71866
   2122.70     55000   -5.10186   -6.17356   -6.04703   -6.03164   -5.74988
   2146.03     60000   -5.11412   -6.19689   -6.07964   -6.05508   -5.77387
   2169.35     65000   -5.14454   -6.44207   -6.47090   -6.41663   -5.85094
   2192.67     70000   -5.23302   -6.48734   -6.43966   -6.42531   -5.92775
   2216.01     75000   -5.31872   -6.35096   -6.22014   -6.20266   -5.94670
   2239.34     80000   -5.31291   -6.43782   -6.33685   -6.30822   -5.98394
   2262.67     85000   -5.35656   -6.71203   -6.85001   -6.77702   -6.07067
   2285.99     90000   -5.45215   -6.62492   -6.52748   -6.51448   -6.13097
   2309.32     95000   -5.52420   -6.54596   -6.41638   -6.39655   -6.14550
   2332.64    100000   -5.51563   -6.69638   -6.62363   -6.58899   -6.19855
   2355.97      5000   -5.57425   -6.93649   -7.06930   -7.01926   -6.28807
   2379.30     10000   -5.66934   -6.77430   -6.65453   -6.64027   -6.32972
   2402.62     15000   -5.69997   -6.75843   -6.63487   -6.61232   -6.34798
   2425.95     20000   -5.71905   -6.97045   -6.94872   -6.90416   -6.41667
   2449.27     25000   -5.79661   -7.10236   -7.10975   -7.09014   -6.50078
   2472.59     30000   -5.88575   -6.94068   -6.81171   -6.79554   -6.52647
   2495.91     35000   -5.89030   -6.98839   -6.87638   -6.85041   -6.55507
   2519.24     40000   -5.92582   -7.24972   -7.31905   -7.25712   -6.63652
   2542.56     45000   -6.01918   -7.24064   -7.16921   -7.15598   -6.70754
   2565.88     50000   -6.10415   -7.12487   -6.99396   -6.97562   -6.72380
   2589.20     55000   -6.09085   -7.23615   -7.14418   -7.11354   -6.76696
   2612.52     60000   -6.13987   -7.50656   -7.66914   -7.59707   -6.85567
   2635.84     65000   -6.23635   -7.38155   -7.27334   -7.25999   -6.90880
   2659.16     70000   -6.29146   -7.32659   -7.19876   -7.17794   -6.92386
   2682.48     75000   -6.29493   -7.50117   -7.44443   -7.40662   -6.98308
   2705.80     80000   -6.36082   -7.70712   -7.79148   -7.75719   -7.07151
   2729.13     85000   -6.45338   -7.53720   -7.41279   -7.39784   -7.10647
   2752.45     90000   -6.47266   -7.54575   -7.42587   -7.40210   -7.12804
   2775.77     95000   -6.49944   -7.77920   -7.78688   -7.73669   -7.20211
   2799.09    100000   -6.58316   -7.85775   -7.82812   -7.81248   -7.28200
   2822.41      5000   -6.67100   -7.71042   -7.58003   -7.56306   -7.30316
   2845.73     10000   -6.66820   -7.78251   -7.67694   -7.64937   -7.33699
   2869.06     15000   -6.70925   -8.05424   -8.16773   -8.09801   -7.42201
   2892.38     20000   -6.80395   -7.99458   -7.90551   -7.89257   -7.48651
   2915.70     25000   -6.88703   -7.90137   -7.77110   -7.75185   -7.50132
   2939.02     30000   -6.87112   -8.03706   -7.95625   -7.92327   -7.55060
   2962.34     35000   -6.92484   -8.29225   -8.44613   -8.38587   -7.64019
   2985.67     40000   -7.02156   -8.14043   -8.02433   -8.01045   -7.68610
   3008.99     45000   -7.06045   -8.10978   -7.98439   -7.96251   -7.70283
   3032.31     50000   -7.07428   -8.30798   -8.27147   -8.22974   -7.76804
   3055.63     55000   -7.14758   -8.47004   -8.50440   -8.48072   -7.85415
   3078.95     60000   -7.23832   -8.30272   -8.17512   -8.15942   -7.88308
   3102.27     65000   -7.24674   -8.33567   -8.22037   -8.19528   -7.90881
   3125.60     70000   -7.27917   -8.58776   -8.63184   -8.57470   -7.98769
   3148.92     75000   -7.36958   -8.61133   -8.55342   -8.53966   -8.06232
   3172.24     80000   -7.45544   -8.48277   -8.35183   -8.33401   -8.08006
   3195.56     85000   -7.44648   -8.57927   -8.48162   -8.45222   -8.11960
   3218.88     90000   -7.49200   -8.85325   -9.00412   -8.93022   -8.20724
   3242.20     95000   -7.58895   -8.75001   -8.64794   -8.63483   -8.26473
   3265.52    100000   -7.65332   -8.68045   -8.55150   -8.53129   -8.27933
   3288.84      5000   -7.64978   -8.84045   -8.77359   -8.73778   -8.33482
   3312.16     10000   -7.71099   -9.06838   -9.18322   -9.13991   -8.42407
   3335.48     15000   -7.80610   -8.90178   -8.77998   -8.76545   -8.46302
   3358.80     20000   -7.83120   -8.89555   -8.77333   -8.75031   -8.48247
   3382.12     25000   -7.85334   -9.11627   -9.10533   -9.05870   -8.55334
   3405.44     30000   -7.93418   -9.22755   -9.21925   -9.20153   -8.63591
MyID= 0: Time=  0.1,has convergenced
     1685783 iterations for the convertgence of psi
 MyID=           0 has finish
