 START-UP FOR CHUNK...
     23.45      5000   -0.67627   -2.04485   -2.36607   -2.91251   -1.29416
     46.93     10000   -0.95559   -2.11104   -2.67243   -2.94655   -1.54847
     70.40     15000   -1.09841   -2.19938   -2.59484   -2.82647   -1.69561
     93.87     20000   -1.18554   -2.75112   -2.51240   -2.62414   -1.81101
    117.34     25000   -1.19963   -2.90555   -2.41213   -2.40774   -1.87810
    140.81     30000   -1.14007   -2.56444   -2.16041   -2.17776   -1.85916
    164.29     35000   -1.01740   -2.34959   -1.91516   -1.93379   -1.72690
    187.75     40000   -0.84643   -2.13560   -1.67346   -1.68700   -1.51319
    211.22     45000   -0.66249   -1.80656   -1.47909   -1.47273   -1.28684
    234.70     50000   -0.44892   -1.54862   -1.41144   -1.39305   -1.12236
    258.17     55000   -0.35975   -1.63742   -1.59261   -1.63299   -1.10411
    281.64     60000   -0.43743   -1.83152   -1.62439   -1.57821   -1.19174
    305.11     65000   -0.67680   -1.75592   -1.60433   -1.56362   -1.31699
    328.58     70000   -0.74617   -1.97839   -1.88567   -1.85991   -1.47053
    352.05     75000   -0.82948   -2.17488   -2.09235   -2.09418   -1.54560
    375.53     80000   -0.83853   -2.00337   -1.77182   -1.75870   -1.49702
    399.00     85000   -0.78483   -1.86787   -1.74422   -1.72843   -1.44961
    422.48     90000   -0.75719   -2.02375   -2.02794   -2.06767   -1.48877
    445.95     95000   -0.83137   -2.14862   -1.98217   -1.95219   -1.55152
    469.43    100000   -0.97704   -2.03067   -1.88609   -1.86120   -1.61163
 ITERATION...
    492.90      5000   -1.00679   -2.19698   -2.12040   -2.10829   -1.71696
    516.37     10000   -1.08002   -2.43934   -2.41255   -2.41495   -1.79557
    539.84     15000   -1.12754   -2.27843   -2.08427   -2.06520   -1.78566
    563.32     20000   -1.11050   -2.19817   -2.08323   -2.06637   -1.78169
    586.79     25000   -1.11114   -2.38879   -2.41319   -2.44297   -1.84162
    610.26     30000   -1.18583   -2.47915   -2.32106   -2.29548   -1.89424
    633.73     35000   -1.29365   -2.34448   -2.19777   -2.17429   -1.92838
    657.21     40000   -1.30054   -2.47291   -2.40364   -2.39251   -2.00901
    680.68     45000   -1.36602   -2.73010   -2.72586   -2.72793   -2.08520
    704.15     50000   -1.42978   -2.57843   -2.39723   -2.37578   -2.08989
    727.62     55000   -1.43117   -2.51679   -2.40089   -2.38347   -2.10268
    751.10     60000   -1.44167   -2.71366   -2.74165   -2.76240   -2.17076
    774.57     65000   -1.51529   -2.81184   -2.65795   -2.63544   -2.22049
    798.05     70000   -1.61093   -2.66103   -2.51046   -2.48719   -2.24182
    821.52     75000   -1.60412   -2.76062   -2.69078   -2.67878   -2.30887
    844.99     80000   -1.66327   -3.02710   -3.04443   -3.05177   -2.38497
    868.47     85000   -1.73233   -2.89142   -2.71392   -2.69122   -2.39776
    891.94     90000   -1.74695   -2.82895   -2.70846   -2.69011   -2.41649
    915.41     95000   -1.76038   -3.01999   -3.04048   -3.05374   -2.48771
    938.89    100000   -1.83154   -3.14222   -2.99623   -2.97610   -2.53859
    962.36      5000   -1.92771   -2.97856   -2.82344   -2.80026   -2.55352
    985.83     10000   -1.91023   -3.05456   -2.97940   -2.96646   -2.61194
   1009.31     15000   -1.96455   -3.32390   -3.36175   -3.37585   -2.68884
   1032.78     20000   -2.03568   -3.21031   -3.03378   -3.01065   -2.70715
   1056.25     25000   -2.06051   -3.13866   -3.01272   -2.99354   -2.72708
   1079.73     30000   -2.07355   -3.31872   -3.32693   -3.33406   -2.79892
   1103.20     35000   -2.14304   -3.46926   -3.33548   -3.31763   -2.85272
   1126.68     40000   -2.23547   -3.29636   -3.13715   -3.11394   -2.86461
   1150.15     45000   -2.21973   -3.35221   -3.27005   -3.25615   -2.91681
   1173.63     50000   -2.26914   -3.61976   -3.67303   -3.69276   -2.99462
   1197.10     55000   -2.34070   -3.53211   -3.35642   -3.33314   -3.01745
   1220.57     60000   -2.37422   -3.44778   -3.31668   -3.29685   -3.03650
   1244.05     65000   -2.38460   -3.61435   -3.60911   -3.61158   -3.10747
   1267.52     70000   -2.45359   -3.79291   -3.67547   -3.66014   -3.16483
   1291.00     75000   -2.54060   -3.61443   -3.45180   -3.42852   -3.17555
   1314.47     80000   -2.53010   -3.65197   -3.56273   -3.54789   -3.22274
   1337.95     85000   -2.57435   -3.91423   -3.97599   -3.99898   -3.30126
   1361.42     90000   -2.64591   -3.85584   -3.68143   -3.65819   -3.32826
   1384.89     95000   -2.68838   -3.75729   -3.62147   -3.60106   -3.34560
   1408.36    100000   -2.69520   -3.90903   -3.89071   -3.88957   -3.41478
   1431.83      5000   -2.76191   -4.11332   -4.01595   -4.00368   -3.47580
   1455.30     10000   -2.84557   -3.93314   -3.76755   -3.74414   -3.48652
   1478.78     15000   -2.84117   -3.95328   -3.85723   -3.84149   -3.52930
   1502.25     20000   -2.88048   -4.20730   -4.27049   -4.29395   -3.60822
   1525.73     25000   -2.95125   -4.18089   -4.00857   -3.98556   -3.63934
   1549.20     30000   -3.00294   -4.06768   -3.92746   -3.90653   -3.65475
   1572.67     35000   -3.00390   -4.20381   -4.17325   -4.16918   -3.72154
   1596.14     40000   -3.06976   -4.43029   -4.35637   -4.34802   -3.78607
   1619.62     45000   -3.15134   -4.25274   -4.08450   -4.06095   -3.79758
   1643.09     50000   -3.15212   -4.25593   -4.15338   -4.13679   -3.83630
   1666.56     55000   -3.18724   -4.49937   -4.55787   -4.57940   -3.91521
   1690.04     60000   -3.25822   -4.50675   -4.33772   -4.31514   -3.95052
   1713.51     65000   -3.31888   -4.37916   -4.23472   -4.21334   -3.96408
   1736.98     70000   -3.31380   -4.49924   -4.45731   -4.45081   -4.02805
   1760.46     75000   -3.37752   -4.74346   -4.69578   -4.69234   -4.09582
   1783.93     80000   -3.45525   -4.57329   -4.40273   -4.37906   -4.10875
   1807.41     85000   -3.46304   -4.55979   -4.45105   -4.43368   -4.14364
   1830.88     90000   -3.49358   -4.79088   -4.84019   -4.85821   -4.22212
   1854.35     95000   -3.56534   -4.83295   -4.66882   -4.64688   -4.26168
   1877.83    100000   -3.63400   -4.69173   -4.54329   -4.52149   -4.27365
   1901.30      5000   -3.62416   -4.79557   -4.74310   -4.73454   -4.33448
   1924.77     10000   -3.68394   -5.05268   -5.03268   -5.03515   -4.40515
   1948.24     15000   -3.76064   -4.89481   -4.72232   -4.69858   -4.42002
   1971.72     20000   -3.77475   -4.86478   -4.75019   -4.73208   -4.45126
   1995.19     25000   -3.80079   -5.08219   -5.11952   -5.13333   -4.52889
   2018.67     30000   -3.87262   -5.15900   -5.00182   -4.98080   -4.57274
   2042.14     35000   -3.95045   -5.00540   -4.85315   -4.83099   -4.58347
   2065.61     40000   -3.93543   -5.09290   -5.03069   -5.02036   -4.64094
   2089.09     45000   -3.99142   -5.35801   -5.36505   -5.37411   -4.71409
   2112.56     50000   -4.06715   -5.21729   -5.04336   -5.01957   -4.73138
   2136.04     55000   -4.08798   -5.17085   -5.05072   -5.03195   -4.75915
   2159.51     60000   -4.10808   -5.37365   -5.39757   -5.40712   -4.83552
   2182.98     65000   -4.17935   -5.48444   -5.33669   -5.31691   -4.88365
   2206.46     70000   -4.26668   -5.32015   -5.16431   -5.14182   -4.89354
   2229.93     75000   -4.24514   -5.39127   -5.32004   -5.30818   -4.94746
   2253.40     80000   -4.29800   -5.65970   -5.69059   -5.70618   -5.02268
   2276.87     85000   -4.37206   -5.54071   -5.36589   -5.34213   -5.04280
   2300.35     90000   -4.39953   -5.47799   -5.35262   -5.33324   -5.06731
   2323.82     95000   -4.41646   -5.66550   -5.67561   -5.68117   -5.14202
   2347.29    100000   -4.48604   -5.80870   -5.67330   -5.65520   -5.19436
   2370.76      5000   -4.57515   -5.63598   -5.47676   -5.45398   -5.20384
   2394.24     10000   -4.55630   -5.69070   -5.61112   -5.59793   -5.25411
   2417.71     15000   -4.60553   -5.95822   -6.00727   -6.02822   -5.33094
   2441.18     20000   -4.67809   -5.86502   -5.68999   -5.66633   -5.35427
   2464.66     25000   -4.71226   -5.78618   -5.65586   -5.63592   -5.37574
   2488.13     30000   -4.72499   -5.95796   -5.95448   -5.95645   -5.44842
   2511.60     35000   -4.79421   -6.13118   -6.01146   -5.99558   -5.50483
   2535.07     40000   -4.88059   -5.95290   -5.79053   -5.76748   -5.51436
   2558.55     45000   -4.86770   -5.99121   -5.90387   -5.88950   -5.56091
   2582.02     50000   -4.91191   -6.25412   -6.31399   -6.33809   -5.63887
   2605.49     55000   -4.98440   -6.19011   -6.01572   -5.99224   -5.66574
   2628.96     60000   -5.02628   -6.09544   -5.96041   -5.93996   -5.68444
   2652.43     65000   -5.03498   -6.25118   -6.23469   -6.23352   -5.75475
   2675.90     70000   -5.10182   -6.45126   -6.35077   -6.33780   -5.81504
   2699.37     75000   -5.18510   -6.27091   -6.10563   -6.08236   -5.82509
   2722.84     80000   -5.17898   -6.29280   -6.19824   -6.18281   -5.86788
   2746.31     85000   -5.21891   -6.54805   -6.61110   -6.63560   -5.94650
   2769.78     90000   -5.28986   -6.51585   -6.34313   -6.31997   -5.97718
   2793.25     95000   -5.34050   -6.40575   -6.26626   -6.24533   -5.99342
   2816.72    100000   -5.34297   -6.54528   -6.51653   -6.51263   -6.06104
   2840.19      5000   -5.40925   -6.76832   -6.69058   -6.68138   -6.12496
   2863.66     10000   -5.49109   -6.59000   -6.42208   -6.39862   -6.13600
   2887.13     15000   -5.49014   -6.59547   -6.49415   -6.47779   -6.17505
   2910.60     20000   -5.52577   -6.84062   -6.90017   -6.92268   -6.25385
   2934.07     25000   -5.59681   -6.84204   -6.67231   -6.64959   -6.28855
   2957.54     30000   -5.65627   -6.71713   -6.57339   -6.55203   -6.30266
   2981.01     35000   -5.65239   -6.84032   -6.80014   -6.79388   -6.36733
   3004.48     40000   -5.71653   -7.08189   -7.02986   -7.02542   -6.43457
   3027.95     45000   -5.79474   -6.91016   -6.73992   -6.71630   -6.44708
   3051.42     50000   -5.80129   -6.89922   -6.79157   -6.77437   -6.48244
   3074.89     55000   -5.83240   -7.13237   -7.18347   -7.20243   -6.56095
   3098.36     60000   -5.90427   -7.16841   -7.00327   -6.98119   -6.59983
   3121.83     65000   -5.97145   -7.02958   -6.88179   -6.86004   -6.61217
   3145.30     70000   -5.96262   -7.13638   -7.08558   -7.07728   -6.67366
   3168.77     75000   -6.02310   -7.39167   -7.36709   -7.36841   -6.74386
   3192.24     80000   -6.09984   -7.23138   -7.05918   -7.03546   -6.75830
   3215.71     85000   -6.11279   -7.20404   -7.09044   -7.07249   -6.79007
   3239.18     90000   -6.13978   -7.42378   -7.46329   -7.47797   -6.86783
   3262.65     95000   -6.21136   -7.49463   -7.33607   -7.31487   -6.91097
   3286.12    100000   -6.28785   -7.34309   -7.19148   -7.16936   -6.92194
   3309.59      5000   -6.27368   -7.43348   -7.37284   -7.36276   -6.98005
   3333.06     10000   -6.33027   -7.69759   -7.70026   -7.70811   -7.05281
   3356.53     15000   -6.40642   -7.55363   -7.37990   -7.35613   -7.06962
   3380.00     20000   -6.42577   -7.50992   -7.39073   -7.37208   -7.09793
   3403.47     25000   -6.44686   -7.71523   -7.74150   -7.75183   -7.17453
   3426.94     30000   -6.51849   -7.82027   -7.67069   -7.65067   -7.22194
   3450.41     35000   -6.60438   -7.65768   -7.50244   -7.48000   -7.23197
   3473.87     40000   -6.58356   -7.73165   -7.66190   -7.65027   -7.28653
   3497.34     45000   -6.63706   -7.99985   -8.02705   -8.04153   -7.36143
   3520.81     50000   -6.71130   -7.87685   -7.70214   -7.67838   -7.38103
   3544.28     55000   -6.73767   -7.81687   -7.69239   -7.67312   -7.40606
   3567.75     60000   -6.75530   -8.00701   -8.01949   -8.02573   -7.48107
   3591.22     65000   -6.82495   -8.14480   -8.00705   -7.98863   -7.53270
   3614.69     70000   -6.91412   -7.97334   -7.81469   -7.79195   -7.54223
   3638.16     75000   -6.89446   -8.03089   -7.95269   -7.93970   -7.59314
   3661.63     80000   -6.94433   -8.29885   -8.34531   -8.36546   -7.66973
   3685.10     85000   -7.01716   -8.20100   -8.02595   -8.00227   -7.69248
   3708.57     90000   -7.05015   -8.12488   -7.99539   -7.97555   -7.71445
   3732.04     95000   -7.06359   -8.29936   -8.29818   -8.30074   -7.78749
   3755.51    100000   -7.13287   -8.46765   -8.34499   -8.32868   -7.84322
   3778.98      5000   -7.22014   -8.29009   -8.12824   -8.10524   -7.85271
   3802.45     10000   -7.20609   -8.33122   -8.24516   -8.23097   -7.89991
   3825.92     15000   -7.25090   -8.59515   -8.65374   -8.67747   -7.97771
   3849.16     20000   -7.32378   -8.52595   -8.35138   -8.32787   -8.00395
   3872.11     25000   -7.36413   -8.43395   -8.29971   -8.27935   -8.02311
   3894.78     30000   -7.37333   -8.59245   -8.57813   -8.57747   -8.09383
   3917.43     35000   -7.44081   -8.78819   -8.68415   -8.67063   -8.15348
   3940.10     40000   -7.52439   -8.60792   -8.44312   -8.41988   -8.16341
   3962.36     45000   -7.51712   -8.63262   -8.53925   -8.52400   -8.20685
   3984.75     50000   -7.55806   -8.88938   -8.95239   -8.97700   -8.28539
   4007.29     55000   -7.62899   -8.85159   -8.67850   -8.65527   -8.31540
   4029.36     60000   -7.67813   -8.74409   -8.60534   -8.58449   -8.33203
   4051.20     65000   -7.68167   -8.88639   -8.85968   -8.85622   -8.40013
   4073.05     70000   -7.74829   -9.10581   -9.02394   -9.01403   -8.46346
   4094.93     75000   -7.83013   -8.92683   -8.75934   -8.73590   -8.47430
   4116.78     80000   -7.82835   -8.93511   -8.83491   -8.81870   -8.51398
   4138.62     85000   -7.86467   -9.18213   -9.24268   -9.26567   -8.59278
   4160.46     90000   -7.93568   -9.17772   -9.00737   -8.98456   -8.62679
MyID= 0: Time=  0.1,has convergenced
     1684434 iterations for the convertgence of psi
 MyID=           0 has finish
