 START-UP FOR CHUNK...
     23.49      5000   -0.56124   -2.00987   -1.90473   -1.82466   -1.28198
     46.87     10000   -0.67407   -2.17239   -1.76448   -1.83582   -1.46178
     70.25     15000   -0.63231   -2.27327   -1.65776   -1.70547   -1.45251
     93.63     20000   -0.53748   -2.10289   -1.54124   -1.53873   -1.36366
    117.01     25000   -0.45495   -1.68711   -1.46516   -1.44844   -1.26042
    140.39     30000   -0.40896   -1.63989   -1.55555   -1.54778   -1.19891
    163.77     35000   -0.44481   -1.94295   -1.84501   -1.95526   -1.30425
    187.15     40000   -0.62100   -1.90584   -1.82699   -1.81328   -1.41648
    210.53     45000   -0.81438   -1.91186   -1.77834   -1.79920   -1.50517
    233.91     50000   -0.90881   -2.16347   -2.07005   -2.03174   -1.62718
    257.29     55000   -0.99302   -2.38509   -2.42826   -2.42347   -1.75249
    280.67     60000   -1.08363   -2.31299   -2.09816   -2.10900   -1.78709
    304.05     65000   -1.11903   -2.14372   -2.01919   -1.98817   -1.76144
    327.43     70000   -1.08851   -2.25260   -2.18888   -2.14225   -1.78529
    350.81     75000   -1.13415   -2.51328   -2.61376   -2.51180   -1.87286
    374.19     80000   -1.25314   -2.36788   -2.30649   -2.26641   -1.93342
    397.57     85000   -1.35673   -2.35875   -2.24331   -2.23616   -1.96848
    420.95     90000   -1.36743   -2.57813   -2.50317   -2.47844   -2.04480
    444.33     95000   -1.43711   -2.77146   -2.87992   -2.82549   -2.14752
    467.71    100000   -1.53719   -2.62840   -2.48656   -2.49297   -2.18938
 ITERATION...
    491.09      5000   -1.55927   -2.59284   -2.46533   -2.44506   -2.19329
    514.47     10000   -1.56368   -2.79213   -2.74277   -2.67899   -2.24839
    537.86     15000   -1.62932   -2.99608   -3.03950   -2.97842   -2.34135
    561.23     20000   -1.74242   -2.80158   -2.69533   -2.67000   -2.38705
    584.62     25000   -1.76919   -2.82583   -2.71154   -2.68911   -2.41573
    608.00     30000   -1.80396   -3.08604   -3.05370   -3.00698   -2.49309
    631.38     35000   -1.88534   -3.17173   -3.17393   -3.13970   -2.58529
    654.76     40000   -1.98283   -3.01031   -2.88564   -2.88032   -2.61520
    678.14     45000   -1.97824   -3.05919   -2.94078   -2.92142   -2.63628
    701.52     50000   -2.01257   -3.33127   -3.34248   -3.26350   -2.71248
    724.90     55000   -2.10427   -3.36881   -3.31598   -3.29856   -2.79884
    748.28     60000   -2.20346   -3.22124   -3.09877   -3.08163   -2.82722
    771.66     65000   -2.19748   -3.30643   -3.20044   -3.17079   -2.86239
    795.04     70000   -2.24380   -3.61495   -3.67196   -3.58318   -2.94945
    818.42     75000   -2.34532   -3.54744   -3.47186   -3.45189   -3.02811
    841.80     80000   -2.43377   -3.43014   -3.30754   -3.29389   -3.04755
    865.18     85000   -2.41426   -3.54784   -3.44661   -3.42050   -3.08570
    888.56     90000   -2.46380   -3.85079   -3.96719   -3.85708   -3.17528
    911.94     95000   -2.57310   -3.73154   -3.63647   -3.62612   -3.24571
    935.33    100000   -2.65460   -3.65326   -3.52854   -3.51280   -3.26455
    958.71      5000   -2.63846   -3.80570   -3.71877   -3.68261   -3.31363
    982.09     10000   -2.69635   -4.10246   -4.22356   -4.12081   -3.40778
   1005.47     15000   -2.80540   -3.92352   -3.81372   -3.80017   -3.46772
   1028.85     20000   -2.85540   -3.87410   -3.75223   -3.73378   -3.48427
   1052.23     25000   -2.86054   -4.06024   -3.98725   -3.94856   -3.54042
   1075.61     30000   -2.92343   -4.30656   -4.39794   -4.31873   -3.63497
   1098.99     35000   -3.03318   -4.11488   -4.00009   -3.98879   -3.68517
   1122.37     40000   -3.06135   -4.10493   -3.98380   -3.96534   -3.70429
   1145.75     45000   -3.08284   -4.32609   -4.27689   -4.22823   -3.76990
   1169.13     50000   -3.15680   -4.50735   -4.52706   -4.48433   -3.86367
   1192.51     55000   -3.26279   -4.31646   -4.19337   -4.18115   -3.90379
   1215.89     60000   -3.27251   -4.33786   -4.22039   -4.19808   -3.92588
   1239.27     65000   -3.30489   -4.59213   -4.57258   -4.51237   -3.99916
   1262.65     70000   -3.38900   -4.69000   -4.66380   -4.63389   -4.08916
   1286.03     75000   -3.49084   -4.51988   -4.39602   -4.38282   -4.12088
   1309.41     80000   -3.48812   -4.57753   -4.46462   -4.44113   -4.14874
   1332.79     85000   -3.52771   -4.86040   -4.88585   -4.80994   -4.22963
   1356.17     90000   -3.62307   -4.86966   -4.80516   -4.78740   -4.31393
   1379.55     95000   -3.71801   -4.73026   -4.60305   -4.58950   -4.33861
   1402.93    100000   -3.70531   -4.82146   -4.71467   -4.68726   -4.37299
   1426.31      5000   -3.75116   -5.12403   -5.20281   -5.10462   -4.45988
   1449.70     10000   -3.85630   -5.05180   -4.96458   -4.94971   -4.53633
   1473.08     15000   -3.94531   -4.94511   -4.81868   -4.80330   -4.55633
   1496.46     20000   -3.92643   -5.07145   -4.97396   -4.94317   -4.59865
   1519.84     25000   -3.97884   -5.37496   -5.49988   -5.38856   -4.69020
   1543.22     30000   -4.08810   -5.23557   -5.13270   -5.12047   -4.75745
   1566.60     35000   -4.15843   -5.16484   -5.03839   -5.02216   -4.77496
   1589.98     40000   -4.14824   -5.32610   -5.24048   -5.20460   -4.82558
   1613.36     45000   -4.20727   -5.60602   -5.72816   -5.62811   -4.91973
   1636.74     50000   -4.31774   -5.42606   -5.31320   -5.30146   -4.97688
   1660.11     55000   -4.36104   -5.39009   -5.26581   -5.24759   -4.99438
   1683.50     60000   -4.37186   -5.58676   -5.51883   -5.47631   -5.05372
   1706.88     65000   -4.43775   -5.81511   -5.88230   -5.81638   -5.14839
   1730.25     70000   -4.54723   -5.62065   -5.50119   -5.48936   -5.19540
   1753.64     75000   -4.56861   -5.61972   -5.49794   -5.47806   -5.21505
   1777.02     80000   -4.59405   -5.85113   -5.80728   -5.75571   -5.28283
   1800.40     85000   -4.67014   -6.00620   -6.01364   -5.97373   -5.37558
   1823.78     90000   -4.77579   -5.82154   -5.69809   -5.68584   -5.41309
   1847.16     95000   -4.78126   -5.85508   -5.73747   -5.71529   -5.43692
   1870.54    100000   -4.81647   -6.11918   -6.11051   -6.04588   -5.51270
   1893.92      5000   -4.90379   -6.18862   -6.14806   -6.12357   -5.60124
   1917.30     10000   -5.00304   -6.02728   -5.90130   -5.88814   -5.63059
   1940.68     15000   -4.99688   -6.09510   -5.98278   -5.95795   -5.66023
   1964.06     20000   -5.03950   -6.38589   -6.42454   -6.34184   -5.74300
   1987.44     25000   -5.13742   -6.36845   -6.29698   -6.27965   -5.82507
   2010.82     30000   -5.23089   -6.23859   -6.11177   -6.09761   -5.84812
   2034.20     35000   -5.21564   -6.34090   -6.23610   -6.20805   -5.88487
   2057.58     40000   -5.26318   -6.64630   -6.74079   -6.63750   -5.97338
   2080.96     45000   -5.37009   -6.55043   -6.45759   -6.44407   -6.04720
   2104.34     50000   -5.45764   -6.45482   -6.32788   -6.31245   -6.06618
   2127.72     55000   -5.43808   -6.59177   -6.49685   -6.46461   -6.11092
   2151.10     60000   -5.49170   -6.89158   -7.02164   -6.90950   -6.20345
   2174.48     65000   -5.60146   -6.73670   -6.63062   -6.61845   -6.26768
   2197.86     70000   -5.66285   -6.67629   -6.55058   -6.53369   -6.28495
   2221.25     75000   -5.65956   -6.84837   -6.76735   -6.72981   -6.33822
   2244.63     80000   -5.72031   -7.11555   -7.22389   -7.13405   -6.43279
   2268.01     85000   -5.83078   -6.92794   -6.81274   -6.80110   -6.48688
   2291.39     90000   -5.86686   -6.90264   -6.77883   -6.76025   -6.50478
   2314.77     95000   -5.88221   -7.10986   -7.04796   -7.00308   -6.56667
   2338.15    100000   -5.95149   -7.31826   -7.36717   -7.30996   -6.66100
   2361.53      5000   -6.05968   -7.12481   -7.00403   -6.99210   -6.70505
   2384.91     10000   -6.07654   -7.13420   -7.01363   -6.99306   -6.72576
   2408.29     15000   -6.10457   -7.37581   -7.34133   -7.28637   -6.79604
   2431.67     20000   -6.18467   -7.50588   -7.49674   -7.46276   -6.88778
   2455.05     25000   -6.28810   -7.32692   -7.20248   -7.18998   -6.92268
   2478.43     30000   -6.29041   -7.37075   -7.25445   -7.23156   -6.94809
   2501.82     35000   -6.32702   -7.64361   -7.64757   -7.57810   -7.02607
   2525.20     40000   -6.41822   -7.68683   -7.63600   -7.61410   -7.11288
   2548.57     45000   -6.51515   -7.53453   -7.40823   -7.39481   -7.14012
   2571.95     50000   -6.50632   -7.61268   -7.50242   -7.47671   -7.17177
   2595.33     55000   -6.55062   -7.90943   -7.96478   -7.87591   -7.25643
   2618.71     60000   -6.65134   -7.86699   -7.78796   -7.77217   -7.33621
   2642.09     65000   -6.74288   -7.74720   -7.62015   -7.60563   -7.35781
   2665.47     70000   -6.72600   -7.85984   -7.75758   -7.72838   -7.39687
   2688.85     75000   -6.77569   -8.16599   -8.27526   -8.16677   -7.48676
   2712.23     80000   -6.88419   -8.05013   -7.95292   -7.93989   -7.55781
   2735.61     85000   -6.96810   -7.96510   -7.83848   -7.82264   -7.57603
   2758.99     90000   -6.94856   -8.11257   -8.02137   -7.98772   -7.62329
   2782.37     95000   -7.00503   -8.40545   -8.53549   -8.42716   -7.71665
   2805.74    100000   -7.11425   -8.23778   -8.12848   -8.11660   -7.77789
   2829.12      5000   -7.16792   -8.18795   -8.06264   -8.04527   -7.79511
   2852.50     10000   -7.17140   -8.37057   -8.29451   -8.25499   -7.85096
   2875.88     15000   -7.23386   -8.62268   -8.71532   -8.63523   -7.94570
   2899.26     20000   -7.34355   -8.43077   -8.31373   -8.30203   -7.99672
   2922.64     25000   -7.37338   -8.41592   -8.29300   -8.27387   -8.01525
   2946.02     30000   -7.39316   -8.63362   -8.57898   -8.53146   -8.07970
   2969.40     35000   -7.46589   -8.82000   -8.85003   -8.80129   -8.17352
   2992.78     40000   -7.57246   -8.62914   -8.50704   -8.49500   -8.21471
   3016.16     45000   -7.58431   -8.64890   -8.52941   -8.50820   -8.23664
   3039.54     50000   -7.61567   -8.90033   -8.87596   -8.81715   -8.30930
   3062.91     55000   -7.69895   -9.00488   -8.98174   -8.95218   -8.39981
   3086.29     60000   -7.80092   -8.83298   -8.70790   -8.69514   -8.43223
   3109.67     65000   -7.79963   -8.88710   -8.77246   -8.74878   -8.45935
   3133.05     70000   -7.83814   -9.16818   -9.18631   -9.11157   -8.53947
   3156.43     75000   -7.93236   -9.18503   -9.12443   -9.10488   -8.62438
MyID= 0: Time=  0.1,has convergenced
     1684573 iterations for the convertgence of psi
 MyID=           0 has finish
