 START-UP FOR CHUNK...
     23.48      5000   -0.64374   -2.04251   -2.25495   -2.33105   -1.29216
     46.89     10000   -0.86769   -2.11912   -2.25095   -2.33173   -1.53741
     70.31     15000   -0.93409   -2.20905   -2.14453   -2.18767   -1.65107
     93.71     20000   -0.91388   -2.57750   -1.98707   -1.98690   -1.67055
    117.13     25000   -0.81580   -2.25494   -1.78502   -1.78225   -1.57606
    140.54     30000   -0.67875   -1.96977   -1.58074   -1.58809   -1.41343
    163.95     35000   -0.55751   -1.70464   -1.45682   -1.45713   -1.25185
    187.36     40000   -0.46344   -1.63292   -1.53757   -1.51206   -1.16656
    210.77     45000   -0.49412   -1.85662   -1.87845   -2.01567   -1.22538
    234.18     50000   -0.59769   -1.82598   -1.69691   -1.66771   -1.31228
    257.59     55000   -0.77639   -1.85492   -1.71187   -1.68895   -1.42124
    281.01     60000   -0.85204   -2.11447   -2.06344   -2.04500   -1.55686
    304.42     65000   -0.92462   -2.23276   -2.17470   -2.18076   -1.62594
    327.83     70000   -0.94011   -2.03682   -1.85946   -1.84596   -1.59061
    351.24     75000   -0.89384   -1.97484   -1.86994   -1.84447   -1.56293
    374.66     80000   -0.88578   -2.15889   -2.22651   -2.22700   -1.61035
    398.07     85000   -0.96546   -2.22230   -2.11880   -2.09306   -1.66981
    421.48     90000   -1.08929   -2.12417   -1.99115   -1.96886   -1.71370
    444.90     95000   -1.10932   -2.28149   -2.20954   -2.19144   -1.80273
    468.31    100000   -1.17754   -2.52225   -2.59357   -2.59980   -1.89017
 ITERATION...
    491.72      5000   -1.23484   -2.37335   -2.21179   -2.19448   -1.89767
    515.13     10000   -1.23442   -2.30701   -2.18919   -2.16654   -1.89488
    538.55     15000   -1.23523   -2.47989   -2.51029   -2.50528   -1.95352
    561.96     20000   -1.31031   -2.60464   -2.51871   -2.50326   -2.01764
    585.37     25000   -1.41477   -2.46580   -2.32247   -2.29902   -2.04420
    608.78     30000   -1.42076   -2.55906   -2.47298   -2.45227   -2.10769
    632.19     35000   -1.47575   -2.81631   -2.93597   -2.94147   -2.19525
    655.60     40000   -1.54552   -2.72035   -2.56865   -2.55044   -2.22139
    679.01     45000   -1.57514   -2.64195   -2.51208   -2.48977   -2.22765
    702.43     50000   -1.57596   -2.79750   -2.79328   -2.78018   -2.28887
    725.84     55000   -1.64714   -2.96650   -2.91949   -2.91073   -2.35777
    749.25     60000   -1.73742   -2.81165   -2.66243   -2.63971   -2.37798
    772.66     65000   -1.74501   -2.86058   -2.76053   -2.73894   -2.42487
    796.07     70000   -1.78777   -3.11173   -3.22375   -3.22286   -2.51020
    819.49     75000   -1.86388   -3.07209   -2.93402   -2.91588   -2.54907
    842.90     80000   -1.91537   -2.97259   -2.83512   -2.81302   -2.55780
    866.31     85000   -1.91182   -3.10483   -3.06907   -3.05219   -2.61661
    889.72     90000   -1.97588   -3.31632   -3.32497   -3.32326   -2.69100
    913.14     95000   -2.05815   -3.16003   -3.00922   -2.98713   -2.71164
    936.55    100000   -2.07497   -3.17032   -3.05923   -3.03731   -2.74663
    959.96      5000   -2.10622   -3.40287   -3.47678   -3.46996   -2.82845
    983.37     10000   -2.18351   -3.42953   -3.31003   -3.29278   -2.87816
   1006.79     15000   -2.25860   -3.30482   -3.16211   -3.13998   -2.88750
   1030.20     20000   -2.24394   -3.40798   -3.34767   -3.32874   -2.94091
   1053.61     25000   -2.30116   -3.65036   -3.72123   -3.72840   -3.01976
   1077.02     30000   -2.37993   -3.51310   -3.36288   -3.34143   -3.04501
   1100.44     35000   -2.40675   -3.48689   -3.36627   -3.34404   -3.07099
   1123.85     40000   -2.42967   -3.69210   -3.72362   -3.71190   -3.14798
   1147.27     45000   -2.50586   -3.78880   -3.69708   -3.68219   -3.20737
   1170.68     50000   -2.58950   -3.64192   -3.49470   -3.47254   -3.21779
   1194.10     55000   -2.57612   -3.71309   -3.63310   -3.61279   -3.26419
   1217.51     60000   -2.62373   -3.96702   -4.07968   -4.09172   -3.34557
   1240.92     65000   -2.70152   -3.87041   -3.72393   -3.70338   -3.37802
   1264.33     70000   -2.74288   -3.80968   -3.68035   -3.65792   -3.39722
   1287.74     75000   -2.75493   -3.98338   -3.97754   -3.96210   -3.46812
   1311.15     80000   -2.82778   -4.14380   -4.09449   -4.08394   -3.53589
   1334.57     85000   -2.90941   -3.98407   -3.83348   -3.81148   -3.54890
   1357.98     90000   -2.90733   -4.02232   -3.92611   -3.90490   -3.58766
   1381.39     95000   -2.94596   -4.27022   -4.38030   -4.38687   -3.66934
   1404.80    100000   -3.02472   -4.23065   -4.09320   -4.07393   -3.71049
   1428.21      5000   -3.08151   -4.13763   -4.00083   -3.97835   -3.72497
   1451.63     10000   -3.08343   -4.27836   -4.24181   -4.22388   -3.78876
   1475.04     15000   -3.14915   -4.48888   -4.49782   -4.49409   -3.86324
   1498.45     20000   -3.22791   -4.33091   -4.17890   -4.15723   -3.88073
   1521.86     25000   -3.24024   -4.33594   -4.22650   -4.20473   -3.91193
   1545.27     30000   -3.26913   -4.56546   -4.64069   -4.63773   -3.99172
   1568.68     35000   -3.34723   -4.59238   -4.47169   -4.45424   -4.04217
   1592.10     40000   -3.42449   -4.47029   -4.32747   -4.30504   -4.05404
   1615.51     45000   -3.41273   -4.57750   -4.51643   -4.49688   -4.10997
   1638.92     50000   -3.47099   -4.81982   -4.89241   -4.89730   -4.18916
   1662.34     55000   -3.54838   -4.68236   -4.53142   -4.51026   -4.21302
   1685.75     60000   -3.57306   -4.65410   -4.53385   -4.51174   -4.23728
   1709.16     65000   -3.59476   -4.85757   -4.89038   -4.88013   -4.31320
   1732.57     70000   -3.67114   -4.95323   -4.86023   -4.84555   -4.37276
   1755.99     75000   -3.75635   -4.80767   -4.66025   -4.63796   -4.38426
   1779.40     80000   -3.74366   -4.88114   -4.80052   -4.77990   -4.43194
   1802.81     85000   -3.79198   -5.13530   -5.24933   -5.25913   -4.51362
   1826.22     90000   -3.86921   -5.03818   -4.89163   -4.87123   -4.54543
   1849.63     95000   -3.90952   -4.97697   -4.84780   -4.82549   -4.56387
   1873.04    100000   -3.92096   -5.15011   -5.14505   -5.13022   -4.63426
   1896.46      5000   -3.99384   -5.30917   -5.25855   -5.24824   -4.70200
   1919.87     10000   -4.07608   -5.14986   -4.99931   -4.97724   -4.71543
   1943.28     15000   -4.07440   -5.18954   -5.09311   -5.07177   -4.75485
   1966.69     20000   -4.11342   -5.43801   -5.54880   -5.55403   -4.83676
   1990.10     25000   -4.19201   -5.39761   -5.26031   -5.24105   -4.87758
   2013.52     30000   -4.24817   -5.30465   -5.16806   -5.14566   -4.89172
   2036.93     35000   -4.24985   -5.44536   -5.40941   -5.39177   -4.95530
   2060.34     40000   -4.31562   -5.65504   -5.66252   -5.65902   -5.02970
   2083.76     45000   -4.39464   -5.49686   -5.34492   -5.32320   -5.04733
   2107.17     50000   -4.40705   -5.50278   -5.39338   -5.37156   -5.07888
   2130.58     55000   -4.43622   -5.73290   -5.80863   -5.80516   -5.15883
   2153.99     60000   -4.51430   -5.75906   -5.63836   -5.62085   -5.20909
   2177.40     65000   -4.59110   -5.63713   -5.49450   -5.47211   -5.22081
   2200.82     70000   -4.57932   -5.74453   -5.68394   -5.66454   -5.27668
   2224.23     75000   -4.63764   -5.98647   -6.05783   -6.06300   -5.35581
   2247.64     80000   -4.71516   -5.84851   -5.69753   -5.67633   -5.37967
   2271.05     85000   -4.73975   -5.82085   -5.70070   -5.67856   -5.40414
   2294.46     90000   -4.76165   -6.02483   -6.05811   -6.04769   -5.48018
   2317.88     95000   -4.83811   -6.11982   -6.02656   -6.01178   -5.53960
   2341.29    100000   -4.92327   -5.97442   -5.82711   -5.80483   -5.55101
   2364.70      5000   -4.91032   -6.04818   -5.96790   -5.94735   -5.59872
   2388.11     10000   -4.95877   -6.30226   -6.41580   -6.42594   -5.68037
   2411.53     15000   -5.03604   -6.20444   -6.05775   -6.03733   -5.71211
   2434.94     20000   -5.07618   -6.14371   -6.01461   -5.99228   -5.73067
   2458.35     25000   -5.08779   -6.31732   -6.31264   -6.29776   -5.80118
   2481.77     30000   -5.16073   -6.47575   -6.42463   -6.41420   -5.86881
   2505.18     35000   -5.24293   -6.31653   -6.16602   -6.14395   -5.88218
   2528.59     40000   -5.24114   -6.35656   -6.26035   -6.23905   -5.92167
   2552.00     45000   -5.28024   -6.60515   -6.71618   -6.72173   -6.00357
   2575.41     50000   -5.35885   -6.56390   -6.42639   -6.40712   -6.04429
   2598.82     55000   -5.41478   -6.47136   -6.33483   -6.31242   -6.05850
   2622.23     60000   -5.41661   -6.61253   -6.57689   -6.55923   -6.12219
   2645.64     65000   -5.48247   -6.82172   -6.82850   -6.82484   -6.19652
   2669.05     70000   -5.56150   -6.66343   -6.51150   -6.48978   -6.21407
   2692.46     75000   -5.57377   -6.66974   -6.56051   -6.53870   -6.24569
   2715.87     80000   -5.60302   -6.90013   -6.97639   -6.97312   -6.32567
   2739.28     85000   -5.68117   -6.92537   -6.80436   -6.78683   -6.37582
   2762.70     90000   -5.75765   -6.80380   -6.66122   -6.63883   -6.38756
   2786.11     95000   -5.74606   -6.91164   -6.85130   -6.83190   -6.44355
   2809.52    100000   -5.80447   -7.15332   -7.22401   -7.22901   -6.52263
   2832.92      5000   -5.88202   -7.01499   -6.86399   -6.84279   -6.54640
   2856.33     10000   -5.90643   -6.98774   -6.86772   -6.84559   -6.57094
   2879.75     15000   -5.92842   -7.19207   -7.22588   -7.21558   -6.64704
   2903.15     20000   -6.00498   -7.28618   -7.19246   -7.17764   -6.70635
   2926.57     25000   -6.09020   -7.14104   -6.99377   -6.97148   -6.71776
   2949.98     30000   -6.07705   -7.21523   -7.13516   -7.11461   -6.76558
   2973.39     35000   -6.12566   -7.46928   -7.58259   -7.59267   -6.84721
   2996.80     40000   -6.20292   -7.37086   -7.22409   -7.20366   -6.87884
   3020.21     45000   -6.24285   -7.31054   -7.18154   -7.15922   -6.89746
   3043.62     50000   -6.25457   -7.48454   -7.48030   -7.46548   -6.96804
   3067.03     55000   -6.32757   -7.64222   -7.59044   -7.57995   -7.03558
   3090.44     60000   -6.40977   -7.48309   -7.33260   -7.31053   -7.04891
   3113.85     65000   -6.40789   -7.52355   -7.42752   -7.40622   -7.08850
   3137.26     70000   -6.44709   -7.77230   -7.88364   -7.88925   -7.17042
   3160.67     75000   -6.52572   -7.73028   -7.59261   -7.57332   -7.21101
   3184.08     80000   -6.58139   -7.63812   -7.50168   -7.47927   -7.22527
   3207.49     85000   -6.58334   -7.77970   -7.74442   -7.72680   -7.28905
   3230.90     90000   -6.64931   -7.98835   -7.99430   -7.99055   -7.36331
   3254.31     95000   -6.72835   -7.82993   -7.67801   -7.65628   -7.38079
   3277.72    100000   -6.74049   -7.83668   -7.72759   -7.70578   -7.41252
   3301.13      5000   -6.76983   -8.06735   -8.14415   -8.14097   -7.49253
   3324.54     10000   -6.84804   -8.09173   -7.97046   -7.95289   -7.54256
   3347.95     15000   -6.92421   -7.97049   -7.82799   -7.80559   -7.55432
   3371.36     20000   -6.91279   -8.07876   -8.01871   -7.99932   -7.61041
   3394.77     25000   -6.97130   -8.32015   -8.39008   -8.39499   -7.68944
   3418.18     30000   -7.04888   -8.18144   -8.03040   -8.00920   -7.71312
   3441.59     35000   -7.07311   -8.15461   -8.03472   -8.01259   -7.73774
   3465.00     40000   -7.09520   -8.35931   -8.39364   -8.38340   -7.81391
   3488.41     45000   -7.17186   -8.45256   -8.35842   -8.34356   -7.87310
   3511.81     50000   -7.25713   -8.30767   -8.16045   -8.13817   -7.88450
   3535.22     55000   -7.24377   -8.38229   -8.30244   -8.28191   -7.93243
   3558.63     60000   -7.29253   -8.63630   -8.74933   -8.75941   -8.01404
   3582.04     65000   -7.36979   -8.53726   -8.39041   -8.36997   -8.04556
   3605.45     70000   -7.40951   -8.47735   -8.34846   -8.32614   -8.06425
   3628.87     75000   -7.42135   -8.65175   -8.64796   -8.63318   -8.13491
   3652.28     80000   -7.49441   -8.80869   -8.75628   -8.74572   -8.20235
   3675.69     85000   -7.57661   -8.64966   -8.49921   -8.47713   -8.21564
   3699.11     90000   -7.57464   -8.69055   -8.59470   -8.57341   -8.25534
   3722.50     95000   -7.61394   -8.93946   -9.05108   -9.05680   -8.33726
   3745.85    100000   -7.69258   -8.89664   -8.75882   -8.73951   -8.37774
   3769.21      5000   -7.74801   -8.80487   -8.66852   -8.64611   -8.39204
   3792.57     10000   -7.75007   -8.94687   -8.91194   -8.89435   -8.45591
   3815.93     15000   -7.81615   -9.15498   -9.16013   -9.15627   -8.53010
   3839.18     20000   -7.89522   -8.99644   -8.84452   -8.82279   -8.54752
   3862.08     25000   -7.90721   -9.00361   -8.89467   -8.87288   -8.57934
   3884.83     30000   -7.93665   -9.23458   -9.31190   -9.30883   -8.65939
MyID= 0: Time=  0.1,has convergenced
     1685996 iterations for the convertgence of psi
 MyID=           0 has finish
