 START-UP FOR CHUNK...
     23.44      5000   -0.66566   -2.04542   -2.34058   -2.66001   -1.29264
     46.79     10000   -0.92724   -2.11403   -2.51007   -2.66802   -1.54535
     70.13     15000   -1.04574   -2.19487   -2.43472   -2.52758   -1.68606
     93.46     20000   -1.08839   -2.64769   -2.29559   -2.32436   -1.77793
    116.80     25000   -1.05351   -2.60419   -2.11848   -2.11097   -1.78494
    140.14     30000   -0.94515   -2.33832   -1.87523   -1.88800   -1.67485
    163.48     35000   -0.79132   -2.10519   -1.64768   -1.66162   -1.48576
    186.82     40000   -0.63406   -1.80809   -1.47519   -1.47237   -1.28432
    210.17     45000   -0.48668   -1.57924   -1.44538   -1.42592   -1.14325
    233.51     50000   -0.42680   -1.70150   -1.68775   -1.73065   -1.14381
    256.86     55000   -0.49868   -1.85253   -1.67692   -1.63826   -1.23400
    280.20     60000   -0.71357   -1.78697   -1.63149   -1.60065   -1.34631
    303.54     65000   -0.77942   -2.01091   -1.90961   -1.88866   -1.49215
    326.87     70000   -0.85952   -2.20232   -2.16362   -2.16932   -1.57277
    350.20     75000   -0.87495   -2.03297   -1.81838   -1.80508   -1.53608
    373.53     80000   -0.82767   -1.91104   -1.78287   -1.76253   -1.49280
    396.86     85000   -0.80071   -2.05155   -2.06720   -2.08798   -1.52879
    420.19     90000   -0.87199   -2.18966   -2.05432   -2.02800   -1.59040
    443.50     95000   -1.01607   -2.06027   -1.91827   -1.89449   -1.64151
    466.81    100000   -1.03737   -2.20704   -2.12060   -2.10721   -1.73804
 ITERATION...
    490.13      5000   -1.10714   -2.46140   -2.49459   -2.50313   -1.82440
    513.44     10000   -1.15838   -2.32261   -2.14051   -2.12181   -1.82507
    536.75     15000   -1.15496   -2.23241   -2.11033   -2.09083   -1.81870
    560.06     20000   -1.14995   -2.39716   -2.41334   -2.42755   -1.87513
    583.38     25000   -1.22121   -2.53749   -2.41044   -2.38975   -1.93399
    606.69     30000   -1.33652   -2.38523   -2.23836   -2.21399   -1.96361
    630.01     35000   -1.33787   -2.48429   -2.40266   -2.38763   -2.03565
    653.32     40000   -1.39809   -2.74929   -2.80982   -2.82236   -2.11914
    676.63     45000   -1.46236   -2.63790   -2.46532   -2.44438   -2.13403
    699.95     50000   -1.47997   -2.55490   -2.42969   -2.40968   -2.14191
    723.29     55000   -1.48370   -2.72049   -2.72994   -2.73560   -2.20613
    746.63     60000   -1.55406   -2.87766   -2.76336   -2.74709   -2.26516
    769.97     65000   -1.65309   -2.71369   -2.56026   -2.53633   -2.28443
    793.31     70000   -1.64932   -2.78025   -2.69438   -2.67790   -2.34225
    816.65     75000   -1.70037   -3.04425   -3.12062   -3.13693   -2.42434
    839.99     80000   -1.77031   -2.96268   -2.79457   -2.77289   -2.44776
    863.34     85000   -1.80280   -2.87386   -2.74287   -2.72229   -2.46052
    886.69     90000   -1.80801   -3.03076   -3.02499   -3.02421   -2.52696
    910.03     95000   -1.87653   -3.21191   -3.11819   -3.10538   -2.58871
    933.38    100000   -1.96529   -3.04140   -2.88344   -2.85987   -2.60366
    956.73      5000   -1.96393   -3.08243   -2.98951   -2.97226   -2.65215
    980.09     10000   -2.00798   -3.33994   -3.42053   -3.43830   -2.73355
   1003.45     15000   -2.07907   -3.29180   -3.12819   -3.10637   -2.76349
   1026.79     20000   -2.12525   -3.19065   -3.05463   -3.03358   -2.77708
   1050.13     25000   -2.12632   -3.33386   -3.31198   -3.30676   -2.84285
   1073.47     30000   -2.19385   -3.54120   -3.47391   -3.46504   -2.90826
   1096.82     35000   -2.27811   -3.36912   -3.20817   -3.18468   -2.92215
   1120.17     40000   -2.28056   -3.38759   -3.28762   -3.26967   -2.96376
   1143.52     45000   -2.31820   -3.63483   -3.70938   -3.72611   -3.04449
   1166.87     50000   -2.39062   -3.62419   -3.46570   -3.44405   -3.08020
   1190.21     55000   -2.44771   -3.50780   -3.36726   -3.34573   -3.09307
   1213.56     60000   -2.44421   -3.63428   -3.59765   -3.58929   -3.15652
   1236.89     65000   -2.50890   -3.86494   -3.82885   -3.82524   -3.22563
   1260.22     70000   -2.58792   -3.69795   -3.53456   -3.51111   -3.24038
   1283.56     75000   -2.59710   -3.69521   -3.58835   -3.56968   -3.27640
   1306.91     80000   -2.62934   -3.92897   -3.99062   -4.00398   -3.35616
   1330.25     85000   -2.70265   -3.95848   -3.80664   -3.78562   -3.39736
   1353.60     90000   -2.77054   -3.82648   -3.68154   -3.65955   -3.40910
   1376.94     95000   -2.76173   -3.93474   -3.88471   -3.87390   -3.46927
   1400.27    100000   -2.82184   -4.18279   -4.18058   -4.18360   -3.54172
   1423.61      5000   -2.89945   -4.02802   -3.86278   -3.83939   -3.55855
   1446.94     10000   -2.91593   -4.00497   -3.89137   -3.87205   -3.58974
   1470.27     15000   -2.94157   -4.22301   -4.26789   -4.27664   -3.66810
   1493.61     20000   -3.01571   -4.29318   -4.15076   -4.13085   -3.71463
   1516.95     25000   -3.09456   -4.14678   -3.99766   -3.97531   -3.72539
   1540.29     30000   -3.07871   -4.23620   -4.17402   -4.16123   -3.78170
   1563.62     35000   -3.13500   -4.49491   -4.52547   -4.53591   -3.85694
   1586.97     40000   -3.21101   -4.35921   -4.19298   -4.16970   -3.87673
   1610.31     45000   -3.23458   -4.31647   -4.19651   -4.17658   -3.90361
   1633.62     50000   -3.25550   -4.51743   -4.54399   -4.54804   -3.98008
   1656.94     55000   -3.32720   -4.62721   -4.49789   -4.47959   -4.03180
   1680.25     60000   -3.41554   -4.46860   -4.31568   -4.29305   -4.04200
   1703.57     65000   -3.39612   -4.53892   -4.46579   -4.45142   -4.09410
   1726.88     70000   -3.44808   -4.80181   -4.85921   -4.87643   -4.17149
   1750.19     75000   -3.52238   -4.69154   -4.52534   -4.50223   -4.19492
   1773.51     80000   -3.55369   -4.62949   -4.50364   -4.48316   -4.21793
   1796.82     85000   -3.56964   -4.81246   -4.82084   -4.82065   -4.29201
   1820.13     90000   -3.64092   -4.95964   -4.84778   -4.83171   -4.34873
   1843.45     95000   -3.72774   -4.79197   -4.63564   -4.61277   -4.35894
   1866.76    100000   -3.71400   -4.84302   -4.76005   -4.74436   -4.40663
   1890.07      5000   -3.76034   -5.10430   -5.17832   -5.19977   -4.48549
   1913.39     10000   -3.83446   -5.02499   -4.85998   -4.83715   -4.51309
   1936.73     15000   -3.87470   -4.94403   -4.81270   -4.79174   -4.53268
   1960.07     20000   -3.88533   -5.10839   -5.09958   -5.09577   -4.60390
   1983.41     25000   -3.95419   -5.28945   -5.19995   -5.18696   -4.66531
   2006.76     30000   -4.03741   -5.11690   -4.95756   -4.93450   -4.67617
   2030.10     35000   -4.03211   -5.14861   -5.05672   -5.03991   -4.71938
   2053.44     40000   -4.07282   -5.40335   -5.48204   -5.50392   -4.79901
   2076.78     45000   -4.14558   -5.35943   -5.19707   -5.17465   -4.83121
   2100.12     50000   -4.19634   -5.26008   -5.12365   -5.10225   -4.84783
   2123.47     55000   -4.19964   -5.40545   -5.38078   -5.37396   -4.91575
   2146.81     60000   -4.26730   -5.61556   -5.55344   -5.54464   -4.98150
   2170.15     65000   -4.34872   -5.44339   -5.28145   -5.25826   -4.99368
   2193.49     70000   -4.34990   -5.45573   -5.35569   -5.33793   -5.03240
   2216.82     75000   -4.38544   -5.70002   -5.77279   -5.79171   -5.11212
   2240.17     80000   -4.45882   -5.69458   -5.53672   -5.51491   -5.14922
   2263.51     85000   -4.51860   -5.57764   -5.43647   -5.41468   -5.16338
   2286.86     90000   -4.51581   -5.70380   -5.66471   -5.65538   -5.22764
   2310.20     95000   -4.58018   -5.93708   -5.90658   -5.90329   -5.29723
   2333.55    100000   -4.65806   -5.77142   -5.60739   -5.58412   -5.31141
   2356.89      5000   -4.66716   -5.76437   -5.65688   -5.63829   -5.34574
   2380.23     10000   -4.69810   -5.99527   -6.05485   -6.06891   -5.42487
   2403.57     15000   -4.77154   -6.03001   -5.87906   -5.85811   -5.46706
   2426.91     20000   -4.84166   -5.89673   -5.75116   -5.72902   -5.47932
   2450.24     25000   -4.83280   -6.00355   -5.95141   -5.93999   -5.53960
   2473.58     30000   -4.89249   -6.25343   -6.25660   -6.26012   -5.61250
   2496.92     35000   -4.96956   -6.10095   -5.93542   -5.91214   -5.62932
   2520.26     40000   -4.98656   -6.07455   -5.96019   -5.94088   -5.65943
   2543.60     45000   -5.01089   -6.28993   -6.33246   -6.34118   -5.73731
   2566.93     50000   -5.08478   -6.36519   -6.22416   -6.20443   -5.78466
   2590.26     55000   -5.16583   -6.21734   -6.06769   -6.04525   -5.79562
   2613.59     60000   -5.14924   -6.30477   -6.24084   -6.22768   -5.85169
   2636.93     65000   -5.20505   -6.56448   -6.59959   -6.61060   -5.92729
   2660.26     70000   -5.28067   -6.43191   -6.26563   -6.24241   -5.94737
   2683.60     75000   -5.30502   -6.38624   -6.26555   -6.24560   -5.97348
   2706.93     80000   -5.32510   -6.58462   -6.60881   -6.61256   -6.04953
   2730.26     85000   -5.39677   -6.69939   -6.57200   -6.55396   -6.10197
   2753.60     90000   -5.48527   -6.53947   -6.38610   -6.36340   -6.11228
   2776.93     95000   -5.46676   -6.60750   -6.53291   -6.51827   -6.16395
   2800.27    100000   -5.51811   -6.87058   -6.93112   -6.94880   -6.24160
   2823.60      5000   -5.59215   -6.76421   -6.59812   -6.57506   -6.26549
   2846.94     10000   -5.62446   -6.69946   -6.57290   -6.55239   -6.28791
   2870.27     15000   -5.63966   -6.87985   -6.88594   -6.88538   -6.36157
   2893.62     20000   -5.71088   -7.03171   -6.92242   -6.90672   -6.41894
   2916.97     25000   -5.79696   -6.86314   -6.70640   -6.68348   -6.42927
   2940.31     30000   -5.78441   -6.91175   -6.82750   -6.81161   -6.47644
   2963.66     35000   -5.83023   -7.17247   -7.24793   -7.26948   -6.55546
   2987.01     40000   -5.90394   -7.09772   -6.93298   -6.91021   -6.58362
   3010.36     45000   -5.94553   -7.01418   -6.88218   -6.86117   -6.60273
   3033.70     50000   -5.95513   -7.17596   -7.16500   -7.16084   -6.67350
   3057.05     55000   -6.02396   -7.36116   -7.27494   -7.26246   -6.73552
   3080.40     60000   -6.10693   -7.18834   -7.02862   -7.00553   -6.74655
   3103.75     65000   -6.10248   -7.21753   -7.12449   -7.10752   -6.78919
   3127.09     70000   -6.14256   -7.47112   -7.54960   -7.57116   -6.86889
   3150.43     75000   -6.21531   -7.43222   -7.27035   -7.24800   -6.90171
   3173.78     80000   -6.26747   -7.33043   -7.19336   -7.17191   -6.91795
   3197.13     85000   -6.26975   -7.47321   -7.44657   -7.43941   -6.98538
   3220.48     90000   -6.33706   -7.68675   -7.62857   -7.62045   -7.05167
   3243.83     95000   -6.41790   -7.51507   -7.35282   -7.32961   -7.06409
   3267.18    100000   -6.42015   -7.52485   -7.42377   -7.40588   -7.10224
   3290.53      5000   -6.45509   -7.76753   -7.83889   -7.85718   -7.18192
   3313.88     10000   -6.52882   -7.76739   -7.61032   -7.58861   -7.21969
   3337.23     15000   -6.58961   -7.64819   -7.50641   -7.48458   -7.23355
   3360.58     20000   -6.58601   -7.77175   -7.73086   -7.72124   -7.29729
   3383.92     25000   -6.64976   -8.00762   -7.98152   -7.97909   -7.36735
   3407.27     30000   -6.72753   -7.84332   -7.67905   -7.65577   -7.38185
   3430.62     35000   -6.73769   -7.83370   -7.72526   -7.70656   -7.41562
   3453.97     40000   -6.76803   -8.06265   -8.12011   -8.13344   -7.49462
   3477.29     45000   -6.84137   -8.10282   -7.95301   -7.93220   -7.53749
   3500.60     50000   -6.91297   -7.96747   -7.82133   -7.79915   -7.54954
   3523.91     55000   -6.90329   -8.07170   -8.01792   -8.00626   -7.60927
   3547.23     60000   -6.96236   -8.32327   -8.33088   -8.33539   -7.68256
   3570.54     65000   -7.03932   -8.17305   -8.00737   -7.98409   -7.69979
   3593.85     70000   -7.05738   -8.14408   -8.02885   -8.00945   -7.72935
   3617.17     75000   -7.08078   -8.35727   -8.39739   -8.40541   -7.80703
   3640.48     80000   -7.15432   -8.43790   -8.29846   -8.27892   -7.85506
   3663.80     85000   -7.23723   -8.28827   -8.13811   -8.11564   -7.86589
   3687.11     90000   -7.21952   -8.37312   -8.30771   -8.29434   -7.92138
   3710.42     95000   -7.27475   -8.63363   -8.67260   -8.68460   -7.99729
   3733.74    100000   -7.35018   -8.50420   -8.33789   -8.31469   -8.01785
   3757.06      5000   -7.37555   -8.45598   -8.33448   -8.31445   -8.04345
   3780.37     10000   -7.39499   -8.65201   -8.67375   -8.67688   -8.11921
   3803.68     15000   -7.46659   -8.77189   -8.64666   -8.62888   -8.17232
   3827.00     20000   -7.55504   -8.61061   -8.45677   -8.43404   -8.18260
   3850.32     25000   -7.53732   -8.67604   -8.60012   -8.58530   -8.23367
   3873.63     30000   -7.58767   -8.93912   -9.00232   -9.02072   -8.31154
   3896.24     35000   -7.66187   -8.83668   -8.67069   -8.64766   -8.33597
   3919.01     40000   -7.69528   -8.76940   -8.64209   -8.62151   -8.35793
   3941.48     45000   -7.70982   -8.94734   -8.95109   -8.95001   -8.43123
   3963.96     50000   -7.78098   -9.10389   -8.99739   -8.98206   -8.48924
   3985.83     55000   -7.86623   -8.93448   -8.77732   -8.75438   -8.49962
   4008.24     60000   -7.85481   -8.98050   -8.89503   -8.87899   -8.54619
   4030.12     65000   -7.90008   -9.24052   -9.31706   -9.33884   -8.62534
   4051.24     70000   -7.97340   -9.17033   -9.00588   -8.98315   -8.65410
MyID= 0: Time=  0.1,has convergenced
     1685273 iterations for the convertgence of psi
 MyID=           0 has finish
