 START-UP FOR CHUNK...
     23.48      5000   -0.55980   -2.00837   -1.89967   -1.81714   -1.28222
     46.86     10000   -0.67051   -2.17140   -1.75823   -1.82892   -1.45986
     70.24     15000   -0.62712   -2.27498   -1.65072   -1.70003   -1.44846
     93.62     20000   -0.53308   -2.09141   -1.53661   -1.53453   -1.35952
    116.99     25000   -0.45356   -1.68070   -1.46506   -1.44833   -1.25766
    140.37     30000   -0.40841   -1.64959   -1.56693   -1.55696   -1.20014
    163.75     35000   -0.44473   -1.94912   -1.84306   -1.96434   -1.31040
    187.13     40000   -0.62842   -1.90468   -1.82419   -1.80724   -1.42168
    210.51     45000   -0.82469   -1.91670   -1.78410   -1.80561   -1.51208
    233.88     50000   -0.91432   -2.17590   -2.08266   -2.04906   -1.63450
    257.26     55000   -0.99741   -2.38577   -2.41762   -2.41901   -1.75917
    280.64     60000   -1.08874   -2.31210   -2.09492   -2.10955   -1.79192
    304.01     65000   -1.12481   -2.14950   -2.02411   -1.99454   -1.76682
    327.39     70000   -1.09414   -2.26511   -2.20227   -2.15319   -1.79258
    350.76     75000   -1.14163   -2.52955   -2.61634   -2.51580   -1.88156
    374.14     80000   -1.26211   -2.37588   -2.31055   -2.26846   -1.94179
    397.51     85000   -1.36426   -2.36539   -2.25218   -2.24337   -1.97694
    420.89     90000   -1.37598   -2.58850   -2.51337   -2.49083   -2.05349
    444.27     95000   -1.44566   -2.77775   -2.88368   -2.82586   -2.15661
    467.65    100000   -1.54751   -2.63487   -2.49344   -2.50100   -2.19899
 ITERATION...
    491.02      5000   -1.56936   -2.60250   -2.47308   -2.45540   -2.20314
    514.40     10000   -1.57338   -2.80166   -2.75140   -2.68773   -2.25826
    537.78     15000   -1.63992   -3.00998   -3.04878   -2.98986   -2.35202
    561.16     20000   -1.75438   -2.81596   -2.70628   -2.68142   -2.39871
    584.54     25000   -1.78087   -2.83597   -2.72129   -2.69746   -2.42687
    607.91     30000   -1.81603   -3.09412   -3.05747   -3.01073   -2.50345
    631.29     35000   -1.89591   -3.18973   -3.19585   -3.15611   -2.59686
    654.67     40000   -1.99609   -3.02377   -2.89970   -2.89397   -2.62861
    678.04     45000   -1.99170   -3.06933   -2.94844   -2.93108   -2.64886
    701.42     50000   -2.02648   -3.33704   -3.33845   -3.26334   -2.72382
    724.80     55000   -2.11585   -3.38873   -3.34201   -3.32411   -2.81208
    748.18     60000   -2.21740   -3.23814   -3.11348   -3.09805   -2.84228
    771.55     65000   -2.21239   -3.31609   -3.20667   -3.17748   -2.87561
    794.93     70000   -2.25864   -3.62147   -3.66261   -3.57601   -2.96131
    818.31     75000   -2.35794   -3.57512   -3.50298   -3.48120   -3.04306
    841.68     80000   -2.44898   -3.44712   -3.32400   -3.31016   -3.06431
    865.06     85000   -2.43032   -3.55534   -3.44959   -3.42495   -3.09989
    888.44     90000   -2.47787   -3.86054   -3.95692   -3.85073   -3.18813
    911.82     95000   -2.58629   -3.75911   -3.67010   -3.65885   -3.26263
    935.19    100000   -2.67523   -3.67007   -3.54390   -3.52988   -3.28259
    958.57      5000   -2.65554   -3.81059   -3.71629   -3.68272   -3.32815
    981.95     10000   -2.71027   -4.11853   -4.23958   -4.12755   -3.42153
   1005.32     15000   -2.82127   -3.95544   -3.84819   -3.83501   -3.48679
   1028.70     20000   -2.88259   -3.89061   -3.76705   -3.74940   -3.50357
   1052.08     25000   -2.87731   -4.06157   -3.97865   -3.94264   -3.55547
   1075.45     30000   -2.93780   -4.33560   -4.44846   -4.35001   -3.65013
   1098.83     35000   -3.05020   -4.14673   -4.03557   -4.02395   -3.70637
   1122.21     40000   -3.08882   -4.11928   -3.99623   -3.97936   -3.72442
   1145.59     45000   -3.10277   -4.32332   -4.25818   -4.21508   -3.78514
   1168.96     50000   -3.17044   -4.54608   -4.59917   -4.53887   -3.88043
   1192.34     55000   -3.28097   -4.34918   -4.22784   -4.21667   -3.92709
   1215.72     60000   -3.29926   -4.35038   -4.22970   -4.20925   -3.94671
   1239.10     65000   -3.32625   -4.58543   -4.54256   -4.48970   -4.01477
   1262.48     70000   -3.40285   -4.73980   -4.74219   -4.70051   -4.10802
   1285.85     75000   -3.50987   -4.55219   -4.42977   -4.41713   -4.14607
   1309.23     80000   -3.51417   -4.58658   -4.46967   -4.44824   -4.16991
   1332.61     85000   -3.55038   -4.85193   -4.84161   -4.77787   -4.24561
   1355.99     90000   -3.63738   -4.92435   -4.88288   -4.85822   -4.33517
   1379.36     95000   -3.73859   -4.76129   -4.63462   -4.62238   -4.36549
   1402.74    100000   -3.73190   -4.82671   -4.71376   -4.68938   -4.39435
   1426.12      5000   -3.77389   -5.11725   -5.14890   -5.06666   -4.47648
   1449.50     10000   -3.87132   -5.11030   -5.03947   -5.02109   -4.56028
   1472.88     15000   -3.96658   -4.97457   -4.84777   -4.83374   -4.58455
   1496.25     20000   -3.95185   -5.07178   -4.96572   -4.93844   -4.61994
   1519.63     25000   -3.99890   -5.37845   -5.46077   -5.36002   -4.70772
   1543.01     30000   -4.10565   -5.29478   -5.20389   -5.18975   -4.78424
   1566.39     35000   -4.19463   -5.19157   -5.06400   -5.04945   -4.80422
   1589.77     40000   -4.17417   -5.32081   -5.22247   -5.19169   -4.84672
   1613.14     45000   -4.22733   -5.62709   -5.74988   -5.63468   -4.93860
   1636.52     50000   -4.33779   -5.48470   -5.38034   -5.36812   -5.00655
   1659.90     55000   -4.40826   -5.41368   -5.28710   -5.27096   -5.02428
   1683.28     60000   -4.39784   -5.57519   -5.48861   -5.45292   -5.07459
   1706.66     65000   -4.45721   -5.85978   -5.97814   -5.87584   -5.16910
   1730.03     70000   -4.56849   -5.67767   -5.56399   -5.55238   -5.22781
   1753.41     75000   -4.61337   -5.63918   -5.51394   -5.49644   -5.24527
   1776.79     80000   -4.62326   -5.83330   -5.76154   -5.71999   -5.30350
   1800.17     85000   -4.68794   -6.07173   -6.14466   -6.07163   -5.39870
   1823.54     90000   -4.79846   -5.87587   -5.75636   -5.74493   -5.44796
   1846.92     95000   -4.82248   -5.86966   -5.74695   -5.72775   -5.46711
   1870.30    100000   -4.84596   -6.09617   -6.04587   -5.99600   -5.53326
   1893.68      5000   -4.92088   -6.26893   -6.28327   -6.23836   -5.62726
   1917.06     10000   -5.02811   -6.07839   -5.95456   -5.94271   -5.66756
   1940.44     15000   -5.03627   -6.10388   -5.98440   -5.96315   -5.69009
   1963.81     20000   -5.06983   -6.36136   -6.33983   -6.27868   -5.76374
   1987.19     25000   -5.15453   -6.45635   -6.42550   -6.39649   -5.85443
   2010.57     30000   -5.25722   -6.28569   -6.15970   -6.14721   -5.88673
   2033.94     35000   -5.25414   -6.34292   -6.22809   -6.20459   -5.91416
   2057.32     40000   -5.29361   -6.62759   -6.64603   -6.56944   -5.99465
   2080.70     45000   -5.38861   -6.64056   -6.57618   -6.55667   -6.08019
   2104.08     50000   -5.48502   -6.49732   -6.36980   -6.35646   -6.10594
   2127.45     55000   -5.47242   -6.58611   -6.47712   -6.45073   -6.13946
   2150.83     60000   -5.51859   -6.88995   -6.95755   -6.86113   -6.22579
   2174.21     65000   -5.62250   -6.82570   -6.73947   -6.72439   -6.30439
   2197.59     70000   -5.71318   -6.71350   -6.58589   -6.57145   -6.32535
   2220.97     75000   -5.69422   -6.83418   -6.73321   -6.70343   -6.36589
   2244.34     80000   -5.74562   -7.14290   -7.25668   -7.14396   -6.45682
   2267.72     85000   -5.85604   -7.01360   -6.91207   -6.89948   -6.52719
   2291.10     90000   -5.93451   -6.93383   -6.80660   -6.79097   -6.54534
   2314.48     95000   -5.91833   -7.08666   -6.99604   -6.96187   -6.59349
   2337.86    100000   -5.97596   -7.37971   -7.50482   -7.39552   -6.68743
   2361.24      5000   -6.08662   -7.20589   -7.09442   -7.08273   -6.74866
   2384.62     10000   -6.13792   -7.15860   -7.03287   -7.01578   -6.76601
   2407.99     15000   -6.14255   -7.34396   -7.26762   -7.22784   -6.82210
   2431.37     20000   -6.20560   -7.59724   -7.68398   -7.60303   -6.91732
   2454.75     25000   -6.31683   -7.40248   -7.28407   -7.27266   -6.96913
   2478.12     30000   -6.34597   -7.38749   -7.26384   -7.24512   -6.98764
   2501.50     35000   -6.36588   -7.60529   -7.54818   -7.50083   -7.05166
   2524.87     40000   -6.43801   -7.79763   -7.82748   -7.77569   -7.14617
   2548.25     45000   -6.54653   -7.60393   -7.48113   -7.46943   -7.18882
   2571.62     50000   -6.55890   -7.62083   -7.50037   -7.47974   -7.21028
   2595.00     55000   -6.58976   -7.87017   -7.83993   -7.78226   -7.28195
   2618.37     60000   -6.67196   -7.98694   -7.96655   -7.93432   -7.37375
   2641.74     65000   -6.77593   -7.80983   -7.68412   -7.67185   -7.40810
   2665.12     70000   -6.77545   -7.85841   -7.74207   -7.71920   -7.43407
   2688.50     75000   -6.81366   -8.13626   -8.14256   -8.07055   -7.51278
   2711.87     80000   -6.90614   -8.17159   -8.11523   -8.09358   -7.59988
   2735.25     85000   -7.00374   -8.02037   -7.89318   -7.88008   -7.62724
   2758.62     90000   -6.99346   -8.10058   -7.98985   -7.96431   -7.65901
   2781.99     95000   -7.03874   -8.40030   -8.45400   -8.36329   -7.74388
   2805.37    100000   -7.13993   -8.35605   -8.27474   -8.25881   -7.82452
   2828.74      5000   -7.23224   -8.23523   -8.10744   -8.09334   -7.84660
   2852.11     10000   -7.21459   -8.34721   -8.24373   -8.21493   -7.88515
   2875.49     15000   -7.26429   -8.65639   -8.75959   -8.64990   -7.97497
   2898.86     20000   -7.37334   -8.54315   -8.44526   -8.43212   -8.04767
   2922.23     25000   -7.45984   -8.45451   -8.32711   -8.31181   -8.06639
   2945.61     30000   -7.43925   -8.59858   -8.50485   -8.47199   -8.11243
   2968.98     35000   -7.49412   -8.89815   -9.02523   -8.91231   -8.20573
   2992.36     40000   -7.60525   -8.73408   -8.62483   -8.61302   -8.26950
   3015.73     45000   -7.66290   -8.67800   -8.55170   -8.53503   -8.28687
   3039.10     50000   -7.66198   -8.85449   -8.77375   -8.73563   -8.34079
   3062.48     55000   -7.72365   -9.12092   -9.22184   -9.13182   -8.43584
   3085.85     60000   -7.83552   -8.92955   -8.81279   -8.80135   -8.49020
   3109.23     65000   -7.86994   -8.90583   -8.78153   -8.76328   -8.50821
   3132.60     70000   -7.88620   -9.11488   -9.05193   -9.00688   -8.57010
   3155.98     75000   -7.95551   -9.32545   -9.37054   -9.31181   -8.66500
MyID= 0: Time=  0.1,has convergenced
     1684254 iterations for the convertgence of psi
 MyID=           0 has finish
