 START-UP FOR CHUNK...
     23.43      5000   -0.57776   -2.01871   -1.96565   -1.89017   -1.28596
     46.76     10000   -0.70785   -2.15526   -1.83143   -1.89806   -1.48108
     70.10     15000   -0.68122   -2.28496   -1.71866   -1.76461   -1.48918
     93.43     20000   -0.58558   -2.19076   -1.58455   -1.58781   -1.40280
    116.77     25000   -0.49046   -1.74743   -1.48023   -1.46384   -1.28869
    140.10     30000   -0.43072   -1.60332   -1.50111   -1.49912   -1.20222
    163.43     35000   -0.43666   -1.90830   -1.83569   -1.85973   -1.26505
    186.77     40000   -0.57930   -1.92032   -1.85337   -1.86782   -1.38323
    210.10     45000   -0.75666   -1.87460   -1.74723   -1.75796   -1.46324
    233.44     50000   -0.88019   -2.07910   -1.97671   -1.93682   -1.58326
    256.77     55000   -0.96974   -2.35048   -2.46523   -2.41513   -1.71145
    280.10     60000   -1.05367   -2.30547   -2.11454   -2.11928   -1.75705
    303.43     65000   -1.08403   -2.11195   -1.98018   -1.95450   -1.72660
    326.77     70000   -1.05107   -2.17973   -2.10863   -2.06917   -1.73695
    350.10     75000   -1.08561   -2.43585   -2.56855   -2.48052   -1.81546
    373.44     80000   -1.19468   -2.33640   -2.27261   -2.23858   -1.87715
    396.77     85000   -1.30219   -2.30819   -2.18726   -2.17595   -1.91173
    420.11     90000   -1.31267   -2.50464   -2.43547   -2.40629   -1.98821
    443.44     95000   -1.37953   -2.71436   -2.84601   -2.80176   -2.08802
    466.78    100000   -1.46828   -2.56924   -2.42915   -2.42869   -2.12338
 ITERATION...
    490.11      5000   -1.48559   -2.52768   -2.40258   -2.37998   -2.12461
    513.44     10000   -1.49030   -2.72144   -2.69111   -2.63202   -2.18011
    536.78     15000   -1.55956   -2.88984   -2.92944   -2.89236   -2.26796
    560.11     20000   -1.66283   -2.72106   -2.60472   -2.58226   -2.30585
    583.45     25000   -1.68400   -2.76613   -2.64925   -2.62481   -2.33925
    606.79     30000   -1.72341   -3.03027   -3.05369   -2.99655   -2.42288
    630.16     35000   -1.81199   -3.05258   -3.01385   -2.99698   -2.50374
    653.52     40000   -1.89420   -2.91728   -2.78652   -2.77547   -2.52039
    676.90     45000   -1.88018   -2.99695   -2.88997   -2.86377   -2.54905
    700.26     50000   -1.92069   -3.27337   -3.38729   -3.29660   -2.63255
    723.63     55000   -2.02168   -3.20701   -3.12162   -3.11037   -2.70213
    747.00     60000   -2.11009   -3.11825   -2.99032   -2.97070   -2.72146
    770.39     65000   -2.09571   -3.26092   -3.17237   -3.13685   -2.77188
    793.78     70000   -2.15089   -3.53598   -3.68844   -3.60110   -2.86433
    817.16     75000   -2.25124   -3.37102   -3.26301   -3.24859   -2.91649
    840.55     80000   -2.29525   -3.32814   -3.20365   -3.18429   -2.93014
    863.94     85000   -2.30165   -3.51711   -3.45781   -3.41867   -2.98852
    887.30     90000   -2.36839   -3.71503   -3.79468   -3.74933   -3.07888
    910.65     95000   -2.46888   -3.54060   -3.42063   -3.40822   -3.11801
    933.99    100000   -2.48778   -3.55540   -3.43524   -3.41283   -3.14041
    957.35      5000   -2.51580   -3.79720   -3.78949   -3.73360   -3.21426
    980.72     10000   -2.59958   -3.88844   -3.86464   -3.84520   -3.29918
   1004.09     15000   -2.69041   -3.72739   -3.60075   -3.58499   -3.32408
   1027.46     20000   -2.68758   -3.78985   -3.68060   -3.65380   -3.35331
   1050.83     25000   -2.72618   -4.06813   -4.13821   -4.06389   -3.43592
   1074.20     30000   -2.82363   -4.03513   -3.96270   -3.94776   -3.50982
   1097.56     35000   -2.91167   -3.92255   -3.79492   -3.77821   -3.52810
   1120.90     40000   -2.89717   -4.04017   -3.94512   -3.91484   -3.57064
   1144.24     45000   -2.94715   -4.32350   -4.47640   -4.38463   -3.66064
   1167.58     50000   -3.04842   -4.19433   -4.08999   -4.07821   -3.71982
   1190.91     55000   -3.10923   -4.13175   -4.00487   -3.98573   -3.73489
   1214.24     60000   -3.10734   -4.30033   -4.23045   -4.19214   -3.78980
   1237.59     65000   -3.16856   -4.53825   -4.64886   -4.58987   -3.88126
   1260.94     70000   -3.26932   -4.36096   -4.24250   -4.22892   -3.92520
   1284.29     75000   -3.29749   -4.35178   -4.22958   -4.20775   -3.94397
   1307.64     80000   -3.31859   -4.57274   -4.54314   -4.49492   -4.01234
   1330.99     85000   -3.39596   -4.71019   -4.72034   -4.69380   -4.10010
   1354.33     90000   -3.49105   -4.54054   -4.41432   -4.40005   -4.12999
   1377.67     95000   -3.49436   -4.58388   -4.46926   -4.44450   -4.15611
   1401.01    100000   -3.53002   -4.84830   -4.88710   -4.82038   -4.23555
   1424.35      5000   -3.62250   -4.86425   -4.80531   -4.79038   -4.31409
   1447.69     10000   -3.71101   -4.73234   -4.60324   -4.58696   -4.33433
   1471.07     15000   -3.70118   -4.82836   -4.72646   -4.69722   -4.37169
   1494.44     20000   -3.74727   -5.11466   -5.24370   -5.15410   -4.45946
   1517.81     25000   -3.84783   -5.01800   -4.92261   -4.90989   -4.52454
   1541.19     30000   -3.92487   -4.93591   -4.80745   -4.78919   -4.54015
   1564.58     35000   -3.91156   -5.08476   -5.00311   -4.96826   -4.59024
   1587.96     40000   -3.96782   -5.34550   -5.48959   -5.41309   -4.68170
   1611.33     45000   -4.06928   -5.18063   -5.06598   -5.05336   -4.73138
   1634.70     50000   -4.10828   -5.15153   -5.02634   -5.00571   -4.74819
   1658.06     55000   -4.12221   -5.35290   -5.30478   -5.26075   -4.81160
   1681.40     60000   -4.19369   -5.53269   -5.57897   -5.54342   -4.90144
   1704.74     65000   -4.29044   -5.35538   -5.23098   -5.21708   -4.93632
   1728.09     70000   -4.30295   -5.37889   -5.26033   -5.23671   -4.95917
   1751.43     75000   -4.33322   -5.62850   -5.63668   -5.57794   -5.03467
   1774.77     80000   -4.42089   -5.69057   -5.65346   -5.63553   -5.11728
   1798.10     85000   -4.51130   -5.54220   -5.41361   -5.39814   -5.14062
   1821.47     90000   -4.50577   -5.61840   -5.51048   -5.48318   -5.17342
   1844.79     95000   -4.54752   -5.90051   -5.99536   -5.91361   -5.25849
   1868.11    100000   -4.64714   -5.84281   -5.75869   -5.74567   -5.32906
   1891.42      5000   -4.73187   -5.74133   -5.61212   -5.59471   -5.34577
   1914.74     10000   -4.71479   -5.87019   -5.77934   -5.74688   -5.39088
   1938.06     15000   -4.76706   -6.14753   -6.30387   -6.21476   -5.48152
   1961.37     20000   -4.86927   -6.00157   -5.89284   -5.88034   -5.53713
   1984.69     25000   -4.92104   -5.95227   -5.82544   -5.80575   -5.55285
   2008.00     30000   -4.92599   -6.13398   -6.07076   -6.03077   -5.61124
   2031.32     35000   -4.99133   -6.35041   -6.43740   -6.38828   -5.70238
   2054.64     40000   -5.09076   -6.17154   -6.05011   -6.03677   -5.74264
   2077.96     45000   -5.11221   -6.17512   -6.05358   -6.03121   -5.76266
   2101.27     50000   -5.13705   -6.40743   -6.39055   -6.33837   -5.83377
   2124.59     55000   -5.21827   -6.51642   -6.50616   -6.48387   -5.91977
   2147.91     60000   -5.31104   -6.35380   -6.22631   -6.21149   -5.94700
   2171.24     65000   -5.31125   -6.40995   -6.29737   -6.27159   -5.97565
   2194.56     70000   -5.34913   -6.68281   -6.74166   -6.66938   -6.05747
   2217.88     75000   -5.44506   -6.66874   -6.59911   -6.58498   -6.13309
   2241.20     80000   -5.53232   -6.54827   -6.41895   -6.40231   -6.15167
   2264.52     85000   -5.52023   -6.65704   -6.55872   -6.52846   -6.19191
   2287.85     90000   -5.56836   -6.94219   -7.08750   -6.99531   -6.28097
   2311.17     95000   -5.66869   -6.82412   -6.72295   -6.71052   -6.34247
   2334.49    100000   -5.73597   -6.75474   -6.62666   -6.60790   -6.35790
   2357.81      5000   -5.73089   -6.91637   -6.84096   -6.80424   -6.41122
   2381.13     10000   -5.78940   -7.16275   -7.28806   -7.22209   -6.50282
   2404.46     15000   -5.89100   -6.98960   -6.87202   -6.85910   -6.54880
   2427.78     20000   -5.92267   -6.97305   -6.84912   -6.82783   -6.56661
   2451.11     25000   -5.94065   -7.18666   -7.14922   -7.10244   -6.63303
   2474.43     30000   -6.01584   -7.34029   -7.36313   -7.33373   -6.72165
   2497.75     35000   -6.11169   -7.16714   -7.04137   -7.02717   -6.75342
   2521.06     40000   -6.11856   -7.20329   -7.08678   -7.06241   -6.77835
   2544.37     45000   -6.15302   -7.46277   -7.48892   -7.42537   -6.85643
   2567.68     50000   -6.24283   -7.49522   -7.44407   -7.42803   -6.93655
   2590.99     55000   -6.33249   -7.35700   -7.22797   -7.21206   -6.95781
   2614.31     60000   -6.32371   -7.44569   -7.34115   -7.31276   -6.99337
   2637.65     65000   -6.36843   -7.73105   -7.84776   -7.76070   -7.08018
   2660.98     70000   -6.46894   -7.64819   -7.55672   -7.54402   -7.14736
   2684.29     75000   -6.55248   -7.55892   -7.43003   -7.41211   -7.16332
   2707.61     80000   -6.53365   -7.70040   -7.61492   -7.58097   -7.21157
   2730.95     85000   -6.58853   -7.96849   -8.11968   -8.03748   -7.30283
   2754.29     90000   -6.69014   -7.80941   -7.69685   -7.68425   -7.35471
   2777.64     95000   -6.73388   -7.77272   -7.64686   -7.62659   -7.37100
   2800.98    100000   -6.74519   -7.96683   -7.91255   -7.87019   -7.43252
   2824.33      5000   -6.81361   -8.16093   -8.22232   -8.18215   -7.52295
   2847.65     10000   -6.91186   -7.98228   -7.85893   -7.84527   -7.55980
   2870.99     15000   -6.92726   -7.99839   -7.87861   -7.85550   -7.58154
   2894.31     20000   -6.95552   -8.24175   -8.23990   -8.18377   -7.65544
   2917.62     25000   -7.04076   -8.32155   -8.29382   -8.27452   -7.73941
   2940.95     30000   -7.13204   -8.16746   -8.03923   -8.02400   -7.76412
   2964.29     35000   -7.12896   -8.23613   -8.12636   -8.09965   -7.79531
   2987.61     40000   -7.16896   -8.51535   -8.59647   -8.51830   -7.87922
   3010.95     45000   -7.26718   -8.47352   -8.39446   -8.38108   -7.95175
   3034.27     50000   -7.35353   -8.36482   -8.23553   -8.21841   -7.96906
   3057.59     55000   -7.33769   -8.48616   -8.39232   -8.36074   -8.01233
   3080.91     60000   -7.38840   -8.76735   -8.92224   -8.83080   -8.10247
   3104.23     65000   -7.49053   -8.63094   -8.52485   -8.51242   -8.16030
   3127.55     70000   -7.54759   -8.57411   -8.44676   -8.42744   -8.17581
   3150.87     75000   -7.54867   -8.74830   -8.68022   -8.64153   -8.23230
   3174.19     80000   -7.61181   -8.97686   -9.07895   -9.02381   -8.32371
   3197.53     85000   -7.71169   -8.79921   -8.67911   -8.66593   -8.36608
   3220.86     90000   -7.73713   -8.79524   -8.67275   -8.65079   -8.38520
   3244.20     95000   -7.76001   -9.02067   -8.99557   -8.94555   -8.45458
   3267.54    100000   -7.83875   -9.14676   -9.14825   -9.12364   -8.54166
   3290.87      5000   -7.93264   -8.97970   -8.85280   -8.83821   -8.57051
   3314.18     10000   -7.93483   -9.02835   -8.91421   -8.88899   -8.59771
   3337.49     15000   -7.97143   -9.29657   -9.34266   -9.27379   -8.67818
MyID= 0: Time=  0.1,has convergenced
     1685232 iterations for the convertgence of psi
 MyID=           0 has finish
