 START-UP FOR CHUNK...
     23.47      5000   -0.67739   -2.04504   -2.36742   -2.95957   -1.29395
     46.87     10000   -0.95937   -2.11117   -2.68590   -3.00367   -1.54839
     70.27     15000   -1.10608   -2.19815   -2.61925   -2.89152   -1.69606
     93.68     20000   -1.19968   -2.74451   -2.54581   -2.69008   -1.81366
    117.08     25000   -1.22519   -2.96820   -2.47770   -2.47418   -1.88876
    140.49     30000   -1.17682   -2.60376   -2.22394   -2.24381   -1.88826
    163.90     35000   -1.06533   -2.38765   -1.97915   -1.99843   -1.77706
    187.30     40000   -0.89898   -2.19879   -1.73064   -1.74684   -1.57072
    210.71     45000   -0.70886   -1.87965   -1.51658   -1.51566   -1.33664
    234.12     50000   -0.47888   -1.58693   -1.40483   -1.38471   -1.14621
    257.52     55000   -0.35094   -1.55663   -1.51292   -1.53688   -1.08716
    280.93     60000   -0.39043   -1.90078   -1.64643   -1.61194   -1.16009
    304.34     65000   -0.61211   -1.72706   -1.57656   -1.53044   -1.27750
    327.75     70000   -0.72134   -1.91201   -1.78874   -1.75828   -1.43300
    351.15     75000   -0.80848   -2.15220   -2.14651   -2.14785   -1.53596
    374.56     80000   -0.83490   -2.04880   -1.80777   -1.79713   -1.50588
    397.97     85000   -0.79574   -1.86991   -1.71718   -1.70152   -1.44526
    421.38     90000   -0.74549   -1.94965   -1.93015   -1.94938   -1.46586
    444.79     95000   -0.80184   -2.19272   -2.03625   -2.01609   -1.53310
    468.19    100000   -0.94477   -2.02104   -1.87143   -1.84347   -1.58826
 ITERATION...
    491.60      5000   -0.99006   -2.13902   -2.03660   -2.02026   -1.68759
    515.01     10000   -1.05911   -2.40888   -2.44765   -2.46078   -1.78132
    538.41     15000   -1.11078   -2.31615   -2.11736   -2.09895   -1.78504
    561.82     20000   -1.11274   -2.18829   -2.05196   -2.03353   -1.77044
    585.23     25000   -1.09606   -2.31805   -2.31009   -2.32318   -1.81939
    608.64     30000   -1.16079   -2.51561   -2.38343   -2.36494   -1.88053
    632.04     35000   -1.27615   -2.34271   -2.18804   -2.16290   -1.91156
    655.45     40000   -1.28738   -2.42109   -2.32676   -2.31219   -1.98336
    678.86     45000   -1.34456   -2.69136   -2.74448   -2.75904   -2.06909
    702.26     50000   -1.40782   -2.61266   -2.42860   -2.40763   -2.08509
    725.67     55000   -1.42963   -2.50253   -2.36863   -2.34945   -2.08827
    749.08     60000   -1.42603   -2.64604   -2.63637   -2.64303   -2.14811
    772.49     65000   -1.49257   -2.84327   -2.72431   -2.70872   -2.20804
    795.89     70000   -1.59037   -2.66444   -2.50489   -2.48030   -2.22787
    819.30     75000   -1.59221   -2.71395   -2.62011   -2.60493   -2.28490
    842.71     80000   -1.64098   -2.97944   -3.03947   -3.05801   -2.36725
    866.12     85000   -1.70842   -2.92466   -2.74648   -2.72416   -2.39077
    889.53     90000   -1.74468   -2.81409   -2.67763   -2.65776   -2.40075
    912.94     95000   -1.74448   -2.95461   -2.93626   -2.93796   -2.46443
    936.34    100000   -1.81015   -3.16658   -3.06541   -3.05336   -2.52596
    959.75      5000   -1.89913   -2.98580   -2.82157   -2.79740   -2.54091
    983.16     10000   -1.89998   -3.01203   -2.91448   -2.89854   -2.58881
   1006.57     15000   -1.94211   -3.26878   -3.32996   -3.35071   -2.66962
   1029.98     20000   -2.01114   -3.24378   -3.06887   -3.04621   -2.69878
   1053.38     25000   -2.05924   -3.12494   -2.98451   -2.96391   -2.71084
   1076.79     30000   -2.05697   -3.25583   -3.22625   -3.22400   -2.77502
   1100.20     35000   -2.12216   -3.48512   -3.40602   -3.39785   -2.83926
   1123.60     40000   -2.20652   -3.30664   -3.13873   -3.11474   -2.85261
   1147.01     45000   -2.20913   -3.31325   -3.21034   -3.19375   -2.89416
   1170.41     50000   -2.24592   -3.55891   -3.61579   -3.63609   -2.97405
   1193.82     55000   -2.31608   -3.56582   -3.39456   -3.37206   -3.00800
   1217.22     60000   -2.37443   -3.43590   -3.29145   -3.27032   -3.02013
   1240.63     65000   -2.36806   -3.55411   -3.51341   -3.50815   -3.08305
   1264.04     70000   -2.43143   -3.79910   -3.74502   -3.74145   -3.15022
   1287.45     75000   -2.51076   -3.62729   -3.45665   -3.43270   -3.16377
   1310.85     80000   -2.51911   -3.61625   -3.50780   -3.49054   -3.20042
   1334.26     85000   -2.55074   -3.84963   -3.89805   -3.91598   -3.27946
   1357.66     90000   -2.62211   -3.88935   -3.72287   -3.70079   -3.31785
   1381.07     95000   -2.68889   -3.74753   -3.59930   -3.57771   -3.32928
   1404.47    100000   -2.67868   -3.85156   -3.80055   -3.79298   -3.38996
   1427.88      5000   -2.73873   -4.10878   -4.08126   -4.08311   -3.45991
   1451.28     10000   -2.81596   -3.94827   -3.77552   -3.75158   -3.47473
   1474.69     15000   -2.82963   -3.92054   -3.80670   -3.78880   -3.50726
   1498.10     20000   -2.85707   -4.14060   -4.17810   -4.19263   -3.58531
   1521.51     25000   -2.92823   -4.21354   -4.05336   -4.03201   -3.62796
   1544.91     30000   -3.00438   -4.06015   -3.90832   -3.88631   -3.63854
   1568.32     35000   -2.98949   -4.14922   -4.08874   -4.07928   -3.69641
   1591.72     40000   -3.04594   -4.41456   -4.41322   -4.42119   -3.76883
   1615.12     45000   -3.12232   -4.26990   -4.09551   -4.07156   -3.78562
   1638.53     50000   -3.14169   -4.22599   -4.10693   -4.08841   -3.81451
   1661.93     55000   -3.16329   -4.43192   -4.45714   -4.46790   -3.89131
   1685.33     60000   -3.23483   -4.53760   -4.38578   -4.36550   -3.93812
   1708.73     65000   -3.32000   -4.37385   -4.21855   -4.19616   -3.94800
   1732.13     70000   -3.29916   -4.44756   -4.37835   -4.36727   -4.00270
   1755.55     75000   -3.35275   -4.71676   -4.73909   -4.75337   -4.07722
   1778.95     80000   -3.42709   -4.59227   -4.41675   -4.39281   -4.09649
   1802.35     85000   -3.45324   -4.53250   -4.40842   -4.38931   -4.12207
   1825.75     90000   -3.47101   -4.72375   -4.73614   -4.74316   -4.19732
   1849.16     95000   -3.54060   -4.86086   -4.71994   -4.70113   -4.24821
   1872.57    100000   -3.62984   -4.68861   -4.52999   -4.50728   -4.25766
   1895.97      5000   -3.60935   -4.74678   -4.66946   -4.65699   -4.30901
   1919.37     10000   -3.65951   -5.01586   -5.05719   -5.07701   -4.38520
   1942.78     15000   -3.73250   -4.91537   -4.73932   -4.71545   -4.40738
   1966.18     20000   -3.76481   -4.84002   -4.71113   -4.69146   -4.42992
   1989.58     25000   -3.77869   -5.01619   -5.01579   -5.01933   -4.50331
   2012.98     30000   -3.84777   -5.18269   -5.05561   -5.03875   -4.55815
   2036.39     35000   -3.93603   -5.00440   -4.84264   -4.81964   -4.56753
   2059.79     40000   -3.92075   -5.04694   -4.96207   -4.94838   -4.61539
   2083.19     45000   -3.96599   -5.31241   -5.36640   -5.39000   -4.69284
   2106.60     50000   -4.03894   -5.23916   -5.06331   -5.03958   -4.71825
   2130.00     55000   -4.07776   -5.14851   -5.01504   -4.99485   -4.73802
   2153.40     60000   -4.08757   -5.30935   -5.29655   -5.29696   -4.80926
   2176.81     65000   -4.15568   -5.50250   -5.39247   -5.37816   -4.86788
   2200.21     70000   -4.23969   -5.32119   -5.15651   -5.13326   -4.87760
   2223.61     75000   -4.23087   -5.34807   -5.25614   -5.24138   -4.92191
   2247.01     80000   -4.27281   -5.60696   -5.66669   -5.69168   -5.00018
   2270.42     85000   -4.34376   -5.56355   -5.38879   -5.36531   -5.02910
   2293.81     90000   -4.39104   -5.45795   -5.32011   -5.29945   -5.04638
   2317.21     95000   -4.39594   -5.60329   -5.57871   -5.57636   -5.11517
   2340.62    100000   -4.46234   -5.81974   -5.73001   -5.71900   -5.17736
   2364.02      5000   -4.54471   -5.63898   -5.47161   -5.44815   -5.18784
   2387.43     10000   -4.54160   -5.65017   -5.55164   -5.53592   -5.22859
   2410.84     15000   -4.57890   -5.90009   -5.95912   -5.98314   -5.30724
   2434.23     20000   -4.64967   -5.88841   -5.71582   -5.69270   -5.33991
   2457.64     25000   -4.70530   -5.76837   -5.62636   -5.60525   -5.35499
   2481.04     30000   -4.70416   -5.89809   -5.86242   -5.85766   -5.42108
   2504.45     35000   -4.76911   -6.13392   -6.06746   -6.06061   -5.48658
   2527.85     40000   -4.84912   -5.95776   -5.78796   -5.76432   -5.49825
   2551.25     45000   -4.85262   -5.95326   -5.84853   -5.83193   -5.53545
   2574.65     50000   -4.88555   -6.19229   -6.24547   -6.26675   -5.61405
   2598.06     55000   -4.95691   -6.21354   -6.04446   -6.02184   -5.65063
   2621.46     60000   -5.02035   -6.07975   -5.93376   -5.91224   -5.66385
   2644.86     65000   -5.01372   -6.19380   -6.14777   -6.14089   -5.72701
   2668.26     70000   -5.07616   -6.44472   -6.40369   -6.40193   -5.79552
   2691.66     75000   -5.15315   -6.27751   -6.10558   -6.08181   -5.80879
   2715.07     80000   -5.16282   -6.25732   -6.14675   -6.12937   -5.84252
   2738.47     85000   -5.19193   -6.48402   -6.52776   -6.54526   -5.92065
   2761.88     90000   -5.26335   -6.53866   -6.37473   -6.35282   -5.96125
   2785.28     95000   -5.33509   -6.39210   -6.24232   -6.22042   -5.97294
   2808.69    100000   -5.32348   -6.49046   -6.43477   -6.42603   -6.03299
   2832.10      5000   -5.38211   -6.75197   -6.73717   -6.74135   -6.10416
   2855.51     10000   -5.45855   -6.59822   -6.42452   -6.40066   -6.11944
   2878.92     15000   -5.47428   -6.56235   -6.44626   -6.42817   -6.14980
   2902.33     20000   -5.49871   -6.77564   -6.80778   -6.82114   -6.22706
   2925.74     25000   -5.57060   -6.86346   -6.70664   -6.68569   -6.27172
   2949.15     30000   -5.65078   -6.70543   -6.55204   -6.52979   -6.28227
   2972.55     35000   -5.63385   -6.78808   -6.72340   -6.71303   -6.33903
   2995.96     40000   -5.68940   -7.05576   -7.06599   -7.07660   -6.41249
   3019.37     45000   -5.76424   -6.91986   -6.74481   -6.72090   -6.43019
   3042.77     50000   -5.78693   -6.86836   -6.74705   -6.72830   -6.45731
   3066.18     55000   -5.80588   -7.06744   -7.08694   -7.09624   -6.53331
   3089.58     60000   -5.87656   -7.18750   -7.04017   -7.02050   -6.58203
   3112.99     65000   -5.96554   -7.01974   -6.86292   -6.84035   -6.59182
   3136.40     70000   -5.94323   -7.08668   -7.01362   -7.00183   -6.64518
   3159.81     75000   -5.99533   -7.35634   -7.38819   -7.40496   -6.72053
   3183.21     80000   -6.06908   -7.24236   -7.06649   -7.04260   -6.74100
   3206.61     85000   -6.09779   -7.17533   -7.04906   -7.02972   -6.76506
   3230.00     90000   -6.11381   -7.35965   -7.36626   -7.37178   -6.83943
   3253.38     95000   -6.18307   -7.51032   -7.37522   -7.35723   -6.89215
   3276.76    100000   -6.27232   -7.33504   -7.17498   -7.15212   -6.90159
   3300.13      5000   -6.25394   -7.38627   -7.30540   -7.29233   -6.95144
   3323.51     10000   -6.30239   -7.65414   -7.70215   -7.72384   -7.02828
   3346.89     15000   -6.37480   -7.56568   -7.38961   -7.36582   -7.05184
   3370.27     20000   -6.41001   -7.48327   -7.35229   -7.33240   -7.07304
   3393.65     25000   -6.42200   -7.65246   -7.64640   -7.64853   -7.14545
   3417.03     30000   -6.49091   -7.83138   -7.71157   -7.69580   -7.20204
   3440.40     35000   -6.57700   -7.65132   -7.48822   -7.46510   -7.21156
   3463.78     40000   -6.56469   -7.68684   -7.59868   -7.58448   -7.25785
   3487.16     45000   -6.60845   -7.94968   -8.00716   -8.03164   -7.33574
   3510.54     50000   -6.68061   -7.88970   -7.71423   -7.69061   -7.36269
   3533.92     55000   -6.72332   -7.79219   -7.65671   -7.63631   -7.38127
   3557.30     60000   -6.73148   -7.94598   -7.92778   -7.92692   -7.45141
   3580.68     65000   -6.79801   -8.15013   -8.04887   -8.03596   -7.51168
   3604.06     70000   -6.88129   -7.96859   -7.80266   -7.77932   -7.52171
   3627.44     75000   -6.87540   -7.98840   -7.89342   -7.87820   -7.56442
   3650.81     80000   -6.91507   -8.24350   -8.30366   -8.32844   -7.64292
   3674.19     85000   -6.98578   -8.21430   -8.04038   -8.01704   -7.67352
   3697.57     90000   -7.03683   -8.10206   -7.96231   -7.94144   -7.68975
   3720.95     95000   -7.03899   -8.24031   -8.21063   -8.20715   -7.75734
   3744.33    100000   -7.10505   -8.46605   -8.38652   -8.37728   -7.82106
   3767.71      5000   -7.18693   -8.28685   -8.11834   -8.09480   -7.83203
   3791.09     10000   -7.18593   -8.29094   -8.18955   -8.17342   -7.87118
   3814.47     15000   -7.22148   -8.53614   -8.59307   -8.61600   -7.94986
   3837.85     20000   -7.29229   -8.53929   -8.36812   -8.34520   -7.98428
   3861.24     25000   -7.35174   -8.41291   -8.26908   -8.24778   -7.99847
   3884.64     30000   -7.34782   -8.53553   -8.49508   -8.48932   -8.06326
   3908.04     35000   -7.41185   -8.77874   -8.72360   -8.71894   -8.13016
   3931.36     40000   -7.49028   -8.60608   -8.43527   -8.41157   -8.14250
   3954.39     45000   -7.49662   -8.59447   -8.48705   -8.47009   -8.17813
   3977.43     50000   -7.52778   -8.82808   -8.87733   -8.89697   -8.25657
   4000.07     55000   -7.59945   -8.86445   -8.69748   -8.67516   -8.29496
   4022.63     60000   -7.66635   -8.72473   -8.57700   -8.55530   -8.30744
   4044.74     65000   -7.65753   -8.83167   -8.78117   -8.77342   -8.36921
   4066.79     70000   -7.71819   -9.08794   -9.05880   -9.05965   -8.43896
   4088.93     75000   -7.79492   -8.92628   -8.75350   -8.72968   -8.45310
   4111.05     80000   -7.80735   -8.89897   -8.78586   -8.76815   -8.48529
   4132.81     85000   -7.83477   -9.11971   -9.15839   -9.17402   -8.56308
   4154.53     90000   -7.90597   -9.18947   -9.02850   -9.00699   -8.60551
   4176.38     95000   -7.98173   -9.03752   -8.88608   -8.86402   -8.61664
   4198.17    100000   -7.96779   -9.12876   -9.06891   -9.05941   -8.67521
MyID= 0: Time=  0.1,has convergenced
     1684415 iterations for the convertgence of psi
 MyID=           0 has finish
