 START-UP FOR CHUNK...
     23.45      5000   -0.60056   -2.03067   -2.05863   -2.00837   -1.28803
     46.77     10000   -0.76245   -2.14163   -1.94455   -2.01199   -1.50516
     70.09     15000   -0.76125   -2.25681   -1.83296   -1.87167   -1.54794
     93.41     20000   -0.67872   -2.34724   -1.68197   -1.68335   -1.47823
    116.74     25000   -0.56330   -1.87941   -1.52868   -1.52023   -1.35187
    140.06     30000   -0.47996   -1.61820   -1.45650   -1.45837   -1.23176
    163.37     35000   -0.43003   -1.73255   -1.65853   -1.62455   -1.20381
    186.69     40000   -0.50330   -1.90997   -1.89636   -2.10832   -1.31173
    210.01     45000   -0.66165   -1.84969   -1.73683   -1.72267   -1.39193
    233.33     50000   -0.83171   -1.93491   -1.81467   -1.79054   -1.49955
    256.65     55000   -0.91841   -2.20729   -2.23083   -2.18616   -1.63023
    279.97     60000   -0.99621   -2.29693   -2.21911   -2.23358   -1.70745
    303.28     65000   -1.03205   -2.10035   -1.94477   -1.93355   -1.68344
    326.60     70000   -1.00387   -2.07034   -1.97438   -1.94534   -1.66656
    349.92     75000   -1.00709   -2.28277   -2.35897   -2.29610   -1.72261
    373.23     80000   -1.09146   -2.32759   -2.28819   -2.25933   -1.79155
    396.55     85000   -1.20122   -2.23235   -2.10824   -2.08787   -1.82592
    419.87     90000   -1.22613   -2.36884   -2.27870   -2.25149   -1.89625
    443.18     95000   -1.28511   -2.62575   -2.81570   -2.76346   -1.99509
    466.50    100000   -1.36499   -2.51574   -2.38941   -2.38074   -2.03484
 ITERATION...
    489.82      5000   -1.39802   -2.43340   -2.30335   -2.28261   -2.03045
    513.13     10000   -1.38500   -2.57733   -2.53663   -2.49774   -2.07622
    536.45     15000   -1.44588   -2.77741   -2.86707   -2.84580   -2.15897
    559.77     20000   -1.54292   -2.63068   -2.50687   -2.48707   -2.19603
    583.09     25000   -1.57353   -2.65795   -2.53845   -2.51387   -2.23152
    606.40     30000   -1.60915   -2.90081   -2.93727   -2.89157   -2.31612
    629.72     35000   -1.69408   -2.94455   -2.89162   -2.87949   -2.38789
    653.04     40000   -1.76857   -2.80661   -2.67158   -2.65383   -2.39760
    676.35     45000   -1.75491   -2.88326   -2.78871   -2.76055   -2.43004
    699.67     50000   -1.79528   -3.14176   -3.29431   -3.24313   -2.51329
    722.99     55000   -1.88854   -3.05449   -2.95195   -2.93682   -2.56780
    746.30     60000   -1.95484   -2.99244   -2.86314   -2.84138   -2.58682
    769.62     65000   -1.95952   -3.15951   -3.10228   -3.06842   -2.64971
    792.93     70000   -2.02525   -3.36829   -3.45595   -3.43077   -2.73648
    816.25     75000   -2.11029   -3.20243   -3.07495   -3.05842   -2.76570
    839.57     80000   -2.12650   -3.20361   -3.08629   -3.06212   -2.78509
    862.88     85000   -2.14973   -3.42910   -3.45234   -3.41087   -2.85842
    886.20     90000   -2.23418   -3.49848   -3.45729   -3.44351   -2.93275
    909.52     95000   -2.32101   -3.36124   -3.22922   -3.21012   -2.95183
    932.83    100000   -2.31856   -3.44356   -3.34562   -3.31807   -2.99225
    956.15      5000   -2.36224   -3.70983   -3.85532   -3.80178   -3.07910
    979.47     10000   -2.45274   -3.62720   -3.52274   -3.50860   -3.13270
   1002.78     15000   -2.51590   -3.54994   -3.42071   -3.39926   -3.14544
   1026.10     20000   -2.51201   -3.70159   -3.64347   -3.61067   -3.20138
   1049.41     25000   -2.57415   -3.92105   -4.02133   -3.99729   -3.28750
   1072.73     30000   -2.66313   -3.76167   -3.63511   -3.61829   -3.32113
   1096.05     35000   -2.68676   -3.76095   -3.64133   -3.61728   -3.34367
   1119.36     40000   -2.71161   -3.98393   -3.99948   -3.95768   -3.41853
   1142.68     45000   -2.79465   -4.06787   -4.03235   -4.01894   -3.49390
   1165.99     50000   -2.87816   -3.92403   -3.79070   -3.77195   -3.51150
   1189.31     55000   -2.87550   -3.99580   -3.89634   -3.86888   -3.54786
   1212.63     60000   -2.91611   -4.25862   -4.39512   -4.34426   -3.63302
   1235.95     65000   -3.00750   -4.18908   -4.08767   -4.07360   -3.68919
   1259.27     70000   -3.07658   -4.10829   -3.97731   -3.95603   -3.70346
   1282.58     75000   -3.07188   -4.25561   -4.19183   -4.15930   -3.75932
   1305.90     80000   -3.13246   -4.48196   -4.59718   -4.56885   -3.84613
   1329.22     85000   -3.22060   -4.32558   -4.19959   -4.18328   -3.88060
   1352.54     90000   -3.24616   -4.31746   -4.19637   -4.17259   -3.90104
   1375.85     95000   -3.26852   -4.53402   -4.54118   -4.50060   -3.97388
   1399.17    100000   -3.35023   -4.63018   -4.60322   -4.58999   -4.05066
   1422.48      5000   -3.43438   -4.48356   -4.35012   -4.33151   -4.06975
   1445.80     10000   -3.43430   -4.55045   -4.44784   -4.42067   -4.10536
   1469.12     15000   -3.47396   -4.81242   -4.93955   -4.88716   -4.19023
   1492.43     20000   -3.56521   -4.75349   -4.65624   -4.64229   -4.24797
   1515.75     25000   -3.63776   -4.66664   -4.53535   -4.51439   -4.26168
   1539.07     30000   -3.62979   -4.80753   -4.73972   -4.70789   -4.31557
   1562.39     35000   -3.68823   -5.04038   -5.16647   -5.13646   -4.40264
   1585.70     40000   -3.77716   -4.88704   -4.76245   -4.74635   -4.43899
   1609.02     45000   -3.80567   -4.87330   -4.75096   -4.72741   -4.45880
   1632.34     50000   -3.82705   -5.08504   -5.08378   -5.04382   -4.53054
   1655.66     55000   -3.90644   -5.19426   -5.17732   -5.16343   -4.60852
   1678.97     60000   -3.99113   -5.04388   -4.91104   -4.89262   -4.62839
   1702.29     65000   -3.99246   -5.10435   -5.00000   -4.97324   -4.66235
   1725.61     70000   -4.03103   -5.36456   -5.48112   -5.43004   -4.74647
   1748.92     75000   -4.12162   -5.31706   -5.22354   -5.20981   -4.80609
   1772.24     80000   -4.19910   -5.22452   -5.09285   -5.07209   -4.81991
   1795.56     85000   -4.18769   -5.35937   -5.28769   -5.25630   -4.87230
   1818.88     90000   -4.24432   -5.59892   -5.73641   -5.70278   -4.95963
   1842.19     95000   -4.33424   -5.44964   -5.32663   -5.31069   -4.99763
   1865.51    100000   -4.36516   -5.42948   -5.30633   -5.28303   -5.01648
   1888.83      5000   -4.38448   -5.63560   -5.62709   -5.58817   -5.08682
   1912.14     10000   -4.46238   -5.75768   -5.75028   -5.73620   -5.16601
   1935.46     15000   -4.54805   -5.60412   -5.47152   -5.45329   -5.18695
   1958.78     20000   -4.55098   -5.65836   -5.55206   -5.52559   -5.21954
   1982.09     25000   -4.58860   -5.91636   -6.02222   -5.97152   -5.30294
   2005.41     30000   -4.67799   -5.88137   -5.79210   -5.77846   -5.36432
   2028.73     35000   -4.76030   -5.78299   -5.65103   -5.63047   -5.37816
   2052.05     40000   -4.74570   -5.91153   -5.83637   -5.80549   -5.42894
   2075.36     45000   -4.80048   -6.15669   -6.30308   -6.26683   -5.51643
   2098.68     50000   -4.89116   -6.01218   -5.89057   -5.87484   -5.55620
   2122.00     55000   -4.92491   -5.98579   -5.86160   -5.83851   -5.57426
   2145.31     60000   -4.94198   -6.18625   -6.17060   -6.13241   -5.64322
   2168.63     65000   -5.01864   -6.32110   -6.32442   -6.30974   -5.72351
   2191.95     70000   -5.10456   -6.16481   -6.03259   -6.01455   -5.74554
   2215.27     75000   -5.10972   -6.21275   -6.10464   -6.07848   -5.77672
   2238.58     80000   -5.14576   -6.46803   -6.56289   -6.51320   -5.85932
   2261.90     85000   -5.23457   -6.44556   -6.36061   -6.34714   -5.92246
   2285.21     90000   -5.31936   -6.34152   -6.20917   -6.18882   -5.93647
   2308.53     95000   -5.30398   -6.46383   -6.38519   -6.35473   -5.98565
   2331.85    100000   -5.35692   -6.71392   -6.86792   -6.82841   -6.07322
   2355.16      5000   -5.44750   -6.57501   -6.45508   -6.43954   -6.11476
   2378.48     10000   -5.48490   -6.54238   -6.41727   -6.39442   -6.13206
   2401.80     15000   -5.49968   -6.73709   -6.71475   -6.67738   -6.19960
   2425.12     20000   -5.57513   -6.88416   -6.89848   -6.88324   -6.28094
   2448.43     25000   -5.66062   -6.72556   -6.59371   -6.57587   -6.30415
   2471.75     30000   -5.66801   -6.76724   -6.65734   -6.63147   -6.33398
   2495.07     35000   -5.70246   -7.01942   -7.10319   -7.05439   -6.41571
   2518.38     40000   -5.79138   -7.00989   -6.92977   -6.91640   -6.48056
   2541.72     45000   -5.87562   -6.90029   -6.76767   -6.74751   -6.49480
   2565.05     50000   -5.86196   -7.01635   -6.93447   -6.90446   -6.54238
   2588.39     55000   -5.91333   -7.27055   -7.42978   -7.38748   -6.62995
   2611.72     60000   -6.00408   -7.13793   -7.01976   -7.00442   -6.67329
   2635.05     65000   -6.04515   -7.09908   -6.97307   -6.95044   -6.68992
   2658.39     70000   -6.05763   -7.28794   -7.25924   -7.22260   -6.75601
   2681.73     75000   -6.13131   -7.44694   -7.47303   -7.45697   -6.83831
   2705.06     80000   -6.21692   -7.28654   -7.15518   -7.13753   -6.86276
   2728.39     85000   -6.22654   -7.32194   -7.21038   -7.18479   -6.89127
   2751.72     90000   -6.25938   -7.57062   -7.64346   -7.59572   -6.97207
   2775.03     95000   -6.34844   -7.57421   -7.49925   -7.48599   -7.03861
   2798.35    100000   -6.43193   -7.45919   -7.32632   -7.30636   -7.05317
   2821.68      5000   -6.41995   -7.56899   -7.48402   -7.45442   -7.09916
   2845.02     10000   -6.46944   -7.82657   -7.98888   -7.94386   -7.18664
   2868.36     15000   -6.56090   -7.70104   -7.58484   -7.56968   -7.23180
   2891.70     20000   -6.60565   -7.65598   -7.52915   -7.50674   -7.24782
   2915.05     25000   -6.61582   -7.83892   -7.80424   -7.76831   -7.31243
   2938.39     30000   -6.68723   -8.00934   -8.04764   -8.03064   -7.39562
   2961.73     35000   -6.77347   -7.84766   -7.71685   -7.69940   -7.42138
   2985.08     40000   -6.78492   -7.87679   -7.76363   -7.73832   -7.44861
   3008.42     45000   -6.81654   -8.12164   -8.18375   -8.13705   -7.52843
   3031.77     50000   -6.90488   -8.13857   -8.06923   -8.05605   -7.59661
   3055.11     55000   -6.98847   -8.01828   -7.88523   -7.86546   -7.61156
   3078.45     60000   -6.97817   -8.12182   -8.03393   -8.00473   -7.65598
   3101.80     65000   -7.02579   -8.38203   -8.54498   -8.49768   -7.74329
   3125.14     70000   -7.11796   -8.26427   -8.15020   -8.13523   -7.79029
   3148.49     75000   -7.16584   -8.21304   -8.08542   -8.06323   -7.80576
   3171.84     80000   -7.17424   -8.38999   -8.34964   -8.31439   -7.86887
   3195.18     85000   -7.24340   -8.57135   -8.62239   -8.60419   -7.95287
   3218.53     90000   -7.33024   -8.40896   -8.27881   -8.26154   -7.98001
   3241.88     95000   -7.34334   -8.43182   -8.31715   -8.29211   -8.00600
   3265.23    100000   -7.37364   -8.67252   -8.72424   -8.67861   -8.08478
   3288.57      5000   -7.46154   -8.70291   -8.63963   -8.62649   -8.15455
   3311.92     10000   -7.54526   -8.57754   -8.44434   -8.42477   -8.16999
   3335.26     15000   -7.53592   -8.67480   -8.58414   -8.55533   -8.21283
   3358.61     20000   -7.58238   -8.93692   -9.09821   -9.04903   -8.29991
   3381.95     25000   -7.67418   -8.82766   -8.71592   -8.70114   -8.34875
   3405.30     30000   -7.72626   -8.77027   -8.64193   -8.61995   -8.36375
   3428.64     35000   -7.73196   -8.94118   -8.89550   -8.86090   -8.42534
   3451.99     40000   -7.79981   -9.13292   -9.19702   -9.17741   -8.51006
   3475.34     45000   -7.88726   -8.97043   -8.84100   -8.82393   -8.53864
   3498.69     50000   -7.90199   -8.98702   -8.87091   -8.84614   -8.56344
   3522.01     55000   -7.93072   -9.22329   -9.26498   -9.22041   -8.64113
MyID= 0: Time=  0.1,has convergenced
     1686355 iterations for the convertgence of psi
 MyID=           0 has finish
