 START-UP FOR CHUNK...
     23.41      5000   -0.61698   -2.03634   -2.13125   -2.10784   -1.28996
     46.73     10000   -0.80271   -2.13120   -2.04137   -2.10958   -1.51968
     70.06     15000   -0.82120   -2.23649   -1.92985   -1.96710   -1.58936
     93.39     20000   -0.75527   -2.44724   -1.77288   -1.77283   -1.54287
    116.71     25000   -0.63778   -1.99824   -1.59298   -1.58961   -1.41552
    140.04     30000   -0.52780   -1.70055   -1.46780   -1.46772   -1.27459
    163.37     35000   -0.44494   -1.63422   -1.52657   -1.51086   -1.18853
    186.69     40000   -0.47457   -1.84995   -1.87281   -1.98445   -1.25094
    210.02     45000   -0.60209   -1.88008   -1.78366   -1.76561   -1.34540
    233.35     50000   -0.78073   -1.84835   -1.72299   -1.71174   -1.43531
    256.67     55000   -0.87176   -2.07589   -2.01647   -1.97566   -1.56575
    280.00     60000   -0.95094   -2.31182   -2.36209   -2.40942   -1.66780
    303.33     65000   -0.99781   -2.13610   -1.96272   -1.95204   -1.66281
    326.65     70000   -0.98689   -2.01954   -1.90352   -1.87391   -1.62769
    349.98     75000   -0.95859   -2.16010   -2.15841   -2.11635   -1.65986
    373.31     80000   -1.01772   -2.32426   -2.36098   -2.33258   -1.73180
    396.63     85000   -1.12352   -2.19225   -2.06984   -2.04691   -1.76975
    419.96     90000   -1.16852   -2.26924   -2.15963   -2.14149   -1.83205
    443.29     95000   -1.22070   -2.51985   -2.64594   -2.61294   -1.93094
    466.61    100000   -1.29897   -2.51180   -2.40058   -2.39724   -1.98231
 ITERATION...
    489.94      5000   -1.35321   -2.38559   -2.24341   -2.22488   -1.97449
    513.26     10000   -1.32169   -2.47039   -2.40963   -2.37658   -2.00709
    536.59     15000   -1.36764   -2.71562   -2.84866   -2.84360   -2.08685
    559.92     20000   -1.45967   -2.59418   -2.46730   -2.44483   -2.12884
    583.24     25000   -1.50883   -2.57934   -2.45394   -2.42904   -2.16171
    606.56     30000   -1.53696   -2.79133   -2.79056   -2.76114   -2.24323
    629.89     35000   -1.61514   -2.90045   -2.87423   -2.86129   -2.31648
    653.22     40000   -1.68696   -2.74874   -2.60705   -2.58904   -2.32568
    676.55     45000   -1.67917   -2.79356   -2.69422   -2.66993   -2.35325
    699.87     50000   -1.71301   -3.03718   -3.16784   -3.14218   -2.43299
    723.20     55000   -1.80071   -2.99422   -2.88603   -2.87110   -2.48654
    746.52     60000   -1.87311   -2.91515   -2.78097   -2.75858   -2.50555
    769.85     65000   -1.87607   -3.06538   -3.00852   -2.97891   -2.56886
    793.17     70000   -1.93968   -3.28338   -3.36578   -3.35223   -2.65274
    816.50     75000   -2.01981   -3.12488   -2.98933   -2.97037   -2.67750
    839.83     80000   -2.03626   -3.11772   -3.00045   -2.97646   -2.69740
    863.15     85000   -2.05812   -3.33470   -3.37141   -3.34346   -2.77136
    886.48     90000   -2.14072   -3.40073   -3.33944   -3.32586   -2.83910
    909.80     95000   -2.22682   -3.26913   -3.13151   -3.11102   -2.85541
    933.13    100000   -2.22153   -3.35633   -3.26680   -3.24102   -2.90122
    956.46      5000   -2.26862   -3.61352   -3.76708   -3.74156   -2.98734
    979.78     10000   -2.35304   -3.51658   -3.39386   -3.37757   -3.02956
   1003.11     15000   -2.39964   -3.45323   -3.32424   -3.30136   -3.04316
   1026.43     20000   -2.40547   -3.61930   -3.58860   -3.56002   -3.10633
   1049.76     25000   -2.47532   -3.80006   -3.82624   -3.81665   -3.18564
   1073.09     30000   -2.55944   -3.64146   -3.50386   -3.48402   -3.20834
   1096.41     35000   -2.57141   -3.66708   -3.55625   -3.53168   -3.23888
   1119.74     40000   -2.60389   -3.90673   -3.98673   -3.95577   -3.32007
   1143.07     45000   -2.68804   -3.91862   -3.82905   -3.81483   -3.37992
   1166.39     50000   -2.77157   -3.80340   -3.66661   -3.64540   -3.39202
   1189.72     55000   -2.75624   -3.91194   -3.83799   -3.81119   -3.44142
   1213.05     60000   -2.80881   -4.15804   -4.29580   -4.28279   -3.52625
   1236.38     65000   -2.89296   -4.02895   -3.89835   -3.88065   -3.56218
   1259.70     70000   -2.92873   -3.99468   -3.86927   -3.84578   -3.58130
   1283.03     75000   -2.94509   -4.18779   -4.18377   -4.15371   -3.65211
   1306.36     80000   -3.02163   -4.32046   -4.30044   -4.28897   -3.72661
   1329.68     85000   -3.10349   -4.16811   -4.02891   -4.00886   -3.74373
   1353.01     90000   -3.10582   -4.21851   -4.11671   -4.09152   -3.77887
   1376.33     95000   -3.14322   -4.46946   -4.59152   -4.56401   -3.86219
   1399.66    100000   -3.22855   -4.42812   -4.31991   -4.30461   -3.91476
   1422.99      5000   -3.29782   -4.33737   -4.20272   -4.18072   -3.92808
   1446.32     10000   -3.29262   -4.47399   -4.41593   -4.38799   -3.98509
   1469.64     15000   -3.35393   -4.69753   -4.79270   -4.78146   -4.06846
   1492.97     20000   -3.43780   -4.54753   -4.41246   -4.39399   -4.09709
   1516.30     25000   -3.45988   -4.53936   -4.41987   -4.39598   -4.11991
   1539.62     30000   -3.48347   -4.75486   -4.78532   -4.75516   -4.19544
   1562.95     35000   -3.56507   -4.83296   -4.77496   -4.76251   -4.26400
   1586.27     40000   -3.64821   -4.69491   -4.55603   -4.53536   -4.27850
   1609.60     45000   -3.64190   -4.77286   -4.68149   -4.65548   -4.32056
   1632.93     50000   -3.68615   -5.02864   -5.17887   -5.15487   -4.40562
   1656.25     55000   -3.77202   -4.94097   -4.82078   -4.80428   -4.45023
   1679.58     60000   -3.82362   -4.87501   -4.74422   -4.72166   -4.46500
   1702.91     65000   -3.82876   -5.03749   -5.00094   -4.97237   -4.52825
   1726.23     70000   -3.89770   -5.22543   -5.26423   -5.25451   -4.60845
   1749.56     75000   -3.98026   -5.06767   -4.92982   -4.91060   -4.63134
   1772.88     80000   -3.99359   -5.08653   -4.97402   -4.94950   -4.65960
   1796.21     85000   -4.02434   -5.32186   -5.39286   -5.36218   -4.73947
   1819.54     90000   -4.10751   -5.34455   -5.25956   -5.24557   -4.80105
   1842.86     95000   -4.19268   -5.22573   -5.08845   -5.06718   -4.81394
   1866.19    100000   -4.17856   -5.33018   -5.25229   -5.22558   -4.86263
   1889.52      5000   -4.22987   -5.57900   -5.72386   -5.70775   -4.94779
   1912.84     10000   -4.31428   -5.45527   -5.32653   -5.30908   -4.98489
   1936.17     15000   -4.35173   -5.41541   -5.28909   -5.26592   -5.00275
   1959.50     20000   -4.36652   -5.60313   -5.59305   -5.56348   -5.07206
   1982.82     25000   -4.44178   -5.74562   -5.73453   -5.72365   -5.14769
   2006.15     30000   -4.52377   -5.59163   -5.45265   -5.43275   -5.16587
   2029.48     35000   -4.52827   -5.63712   -5.53326   -5.50812   -5.20003
   2052.81     40000   -4.56422   -5.88660   -6.00050   -5.97155   -5.28300
   2076.13     45000   -4.64944   -5.85540   -5.75077   -5.73558   -5.33706
   2099.46     50000   -4.72218   -5.75941   -5.62446   -5.60258   -5.34999
   2122.78     55000   -4.71419   -5.89044   -5.82880   -5.80122   -5.40545
   2146.11     60000   -4.77421   -6.11952   -6.22508   -6.21367   -5.48926
   2169.44     65000   -4.85767   -5.97260   -5.83846   -5.82016   -5.51933
   2192.76     70000   -4.88252   -5.95917   -5.83844   -5.81468   -5.54132
   2216.09     75000   -4.90481   -6.17032   -6.19321   -6.16295   -5.61594
   2239.42     80000   -4.98594   -6.26005   -6.20906   -6.19685   -5.68579
   2262.74     85000   -5.06902   -6.11848   -5.97956   -5.95900   -5.70070
   2286.07     90000   -5.06399   -6.19075   -6.09720   -6.07135   -5.74131
   2309.40     95000   -5.10641   -6.44650   -6.59291   -6.56811   -5.82613
   2332.72    100000   -5.19288   -6.36752   -6.24944   -6.23314   -5.87239
   2356.05      5000   -5.24746   -6.29632   -6.16473   -6.14227   -5.88675
   2379.38     10000   -5.25070   -6.45353   -6.41221   -6.38378   -5.94875
   2402.70     15000   -5.31846   -6.64981   -6.70024   -6.69039   -6.02971
   2426.03     20000   -5.40056   -6.49267   -6.35529   -6.33622   -6.05368
   2449.35     25000   -5.41637   -6.50594   -6.39194   -6.36756   -6.08076
   2472.68     30000   -5.44540   -6.73754   -6.79987   -6.76926   -6.15983
   2496.01     35000   -5.52807   -6.77168   -6.69145   -6.67778   -6.22291
   2519.33     40000   -5.61258   -6.64853   -6.51083   -6.48967   -6.23600
   2542.65     45000   -5.60050   -6.74751   -6.66664   -6.64006   -6.28332
   2565.97     50000   -5.65005   -6.99883   -7.14805   -7.13029   -6.36858
   2589.30     55000   -5.73531   -6.88156   -6.75430   -6.73702   -6.40719
   2612.62     60000   -5.77496   -6.83626   -6.70894   -6.68590   -6.42432
   2635.95     65000   -5.78857   -7.01888   -7.00288   -6.97354   -6.49243
   2659.27     70000   -5.86246   -7.17140   -7.16975   -7.15918   -6.56911
   2682.60     75000   -5.94433   -7.01585   -6.87697   -6.85721   -6.58814
   2705.92     80000   -5.95026   -7.05586   -6.95007   -6.92505   -6.62105
   2729.25     85000   -5.98506   -7.30298   -7.40836   -7.37880   -6.70348
   2752.57     90000   -6.07026   -7.28255   -7.18139   -7.16644   -6.75911
   2775.89     95000   -6.14654   -7.18164   -7.04614   -7.02438   -6.77192
   2799.22    100000   -6.13612   -7.30723   -7.24195   -7.21456   -6.82599
   2822.54      5000   -6.19423   -7.54145   -7.65707   -7.64501   -6.91021
   2845.86     10000   -6.27778   -7.39820   -7.26496   -7.24683   -6.94166
   2869.19     15000   -6.30532   -7.37932   -7.25733   -7.23370   -6.96272
   2892.51     20000   -6.32597   -7.58584   -7.60138   -7.57123   -7.03631
   2915.83     25000   -6.40618   -7.68681   -7.64313   -7.63120   -7.10744
   2939.15     30000   -6.48905   -7.54211   -7.40308   -7.38266   -7.12290
   2962.48     35000   -6.48617   -7.60888   -7.51303   -7.48733   -7.16216
   2985.80     40000   -6.52695   -7.86412   -8.00561   -7.97970   -7.24671
   3009.12     45000   -6.61373   -7.79429   -7.67857   -7.66248   -7.29457
   3032.45     50000   -6.67134   -7.71788   -7.58551   -7.56317   -7.30853
   3055.77     55000   -6.67276   -7.86975   -7.82386   -7.79561   -7.36921
   3079.09     60000   -6.73844   -8.07377   -8.13575   -8.12581   -7.45087
   3102.42     65000   -6.82103   -7.91770   -7.78083   -7.76192   -7.47601
   3125.74     70000   -6.83915   -7.92547   -7.80997   -7.78573   -7.50198
   3149.06     75000   -6.86615   -8.15319   -8.20693   -8.17633   -7.58021
   3172.39     80000   -6.94885   -8.19881   -8.12383   -8.11045   -7.64475
   3195.71     85000   -7.03265   -8.07149   -7.93346   -7.91242   -7.65810
   3219.03     90000   -7.02240   -8.16499   -8.08129   -8.05486   -7.70402
   3242.36     95000   -7.07039   -8.41821   -8.57000   -8.55073   -7.78931
   3265.68    100000   -7.15607   -8.30788   -8.18221   -8.16513   -7.82946
   3289.01      5000   -7.19839   -8.25719   -8.12892   -8.10599   -7.84592
   3312.33     10000   -7.21017   -8.43468   -8.41300   -8.38385   -7.91282
   3335.65     15000   -7.28244   -8.59695   -8.60529   -8.59496   -7.99049
   3358.97     20000   -7.36509   -8.44023   -8.30154   -8.28191   -8.01044
   3382.30     25000   -7.37232   -8.47474   -8.36712   -8.34224   -8.04209
   3405.62     30000   -7.40607   -8.71918   -8.81577   -8.78582   -8.12393
   3428.94     35000   -7.49126   -8.70969   -8.61226   -8.59756   -8.18113
   3452.26     40000   -7.57111   -8.60398   -8.46794   -8.44631   -8.19387
   3475.59     45000   -7.55825   -8.72411   -8.65534   -8.62812   -8.24657
   3498.91     50000   -7.61445   -8.96293   -9.08785   -9.07491   -8.33112
   3522.23     55000   -7.69808   -8.82395   -8.69173   -8.67376   -8.36399
   3545.55     60000   -7.72832   -8.79961   -8.67643   -8.65292   -8.38415
   3568.88     65000   -7.74732   -9.00138   -9.00989   -8.97988   -8.45668
   3592.20     70000   -7.82624   -9.11341   -9.07747   -9.06584   -8.52904
   3615.52     75000   -7.90889   -8.96586   -8.82676   -8.80647   -8.54512
   3638.85     80000   -7.90792   -9.02712   -8.92906   -8.90350   -8.58303
   3662.17     85000   -7.94769   -9.28143   -9.41692   -9.38999   -8.66726
MyID= 0: Time=  0.1,has convergenced
     1686434 iterations for the convertgence of psi
 MyID=           0 has finish
