 START-UP FOR CHUNK...
     23.51      5000   -0.55700   -2.00695   -1.88975   -1.80778   -1.28122
     46.97     10000   -0.66542   -2.17562   -1.74803   -1.82005   -1.45654
     70.43     15000   -0.62057   -2.26832   -1.64235   -1.69131   -1.44299
     93.89     20000   -0.52571   -2.07999   -1.53145   -1.52761   -1.35418
    117.36     25000   -0.45171   -1.67343   -1.46337   -1.44717   -1.25404
    140.82     30000   -0.40614   -1.65705   -1.57552   -1.56540   -1.20058
    164.28     35000   -0.44521   -1.94761   -1.83992   -1.96666   -1.31530
    187.74     40000   -0.63304   -1.90400   -1.82123   -1.80484   -1.42590
    211.20     45000   -0.83202   -1.92405   -1.78942   -1.81176   -1.51759
    234.66     50000   -0.91831   -2.18902   -2.09543   -2.06053   -1.64015
    258.11     55000   -1.00046   -2.39171   -2.41057   -2.41455   -1.76445
    281.58     60000   -1.09287   -2.31473   -2.09642   -2.11033   -1.79656
    305.02     65000   -1.13042   -2.15513   -2.03081   -2.00024   -1.77262
    328.46     70000   -1.10014   -2.27489   -2.21157   -2.16314   -1.79988
    351.89     75000   -1.14828   -2.53817   -2.62069   -2.51778   -1.88990
    375.33     80000   -1.27021   -2.38155   -2.31812   -2.27608   -1.95051
    398.77     85000   -1.37378   -2.37327   -2.26013   -2.25275   -1.98569
    422.21     90000   -1.38447   -2.59835   -2.52010   -2.49782   -2.06177
    445.66     95000   -1.45346   -2.79069   -2.89392   -2.83353   -2.16551
    469.12    100000   -1.55792   -2.64726   -2.50526   -2.51343   -2.20984
 ITERATION...
    492.58      5000   -1.58263   -2.61237   -2.48297   -2.46493   -2.21439
    516.05     10000   -1.58414   -2.80993   -2.75452   -2.69158   -2.26878
    539.50     15000   -1.65013   -3.03004   -3.07324   -3.00565   -2.36326
    562.95     20000   -1.76586   -2.82972   -2.72360   -2.69789   -2.41208
    586.41     25000   -1.79563   -2.84402   -2.73026   -2.70776   -2.43946
    609.87     30000   -1.82873   -3.09835   -3.05196   -3.00879   -2.51429
    633.33     35000   -1.90675   -3.21306   -3.22940   -3.18480   -2.60942
    656.80     40000   -2.00971   -3.04154   -2.91849   -2.91405   -2.64457
    680.26     45000   -2.00893   -3.07857   -2.95681   -2.94033   -2.66362
    703.73     50000   -2.04146   -3.34095   -3.32549   -3.25435   -2.73638
    727.19     55000   -2.12771   -3.42283   -3.38453   -3.36158   -2.82708
    750.64     60000   -2.23326   -3.25773   -3.13542   -3.11968   -2.86045
    774.10     65000   -2.23187   -3.32242   -3.21246   -3.18466   -2.89130
    797.55     70000   -2.27450   -3.62176   -3.63776   -3.56050   -2.97451
    821.01     75000   -2.37054   -3.61124   -3.54942   -3.52407   -3.06034
    844.47     80000   -2.46575   -3.46763   -3.34579   -3.33321   -3.08493
    867.93     85000   -2.45012   -3.56033   -3.45146   -3.42907   -3.11707
    891.38     90000   -2.49633   -3.86518   -3.92827   -3.83186   -3.20282
    914.84     95000   -2.60046   -3.80131   -3.71977   -3.70702   -3.28271
    938.30    100000   -2.69335   -3.69172   -3.56631   -3.55293   -3.30512
    961.77      5000   -2.67519   -3.81225   -3.71302   -3.68184   -3.34601
    985.23     10000   -2.72695   -4.13089   -4.23104   -4.11936   -3.43746
   1008.69     15000   -2.83760   -3.99976   -3.89918   -3.88445   -3.50979
   1032.15     20000   -2.92111   -3.91135   -3.78793   -3.77160   -3.52808
   1055.61     25000   -2.90081   -4.05926   -3.96745   -3.93567   -3.57428
   1079.08     30000   -2.95624   -4.36094   -4.48437   -4.36910   -3.66787
   1102.54     35000   -3.06929   -4.19276   -4.08725   -4.07551   -3.73235
   1126.00     40000   -3.12697   -4.13935   -4.01533   -4.00002   -3.75037
   1149.47     45000   -3.12613   -4.31698   -4.23752   -4.19970   -3.80448
   1172.93     50000   -3.18844   -4.59014   -4.68388   -4.59480   -3.90021
   1196.39     55000   -3.30195   -4.39630   -4.27890   -4.26773   -3.95612
   1219.84     60000   -3.33736   -4.36814   -4.24549   -4.22687   -3.97403
   1243.30     65000   -3.35266   -4.57390   -4.50861   -4.46429   -4.03482
   1266.75     70000   -3.42052   -4.79853   -4.85033   -4.78275   -4.13036
   1290.22     75000   -3.53243   -4.59878   -4.48001   -4.46797   -4.17793
   1313.68     80000   -3.55125   -4.60151   -4.48123   -4.46231   -4.19812
   1337.14     85000   -3.57824   -4.83683   -4.79218   -4.74074   -4.26622
   1360.60     90000   -3.65522   -4.99566   -4.99597   -4.95510   -4.36045
   1384.05     95000   -3.76340   -4.80725   -4.68267   -4.67144   -4.40005
   1407.51    100000   -3.76834   -4.83774   -4.71954   -4.69808   -4.42331
   1430.97      5000   -3.80382   -5.10034   -5.08164   -5.01777   -4.49792
   1454.43     10000   -3.88981   -5.18934   -5.15233   -5.12292   -4.58892
   1477.89     15000   -3.99346   -5.01867   -4.89355   -4.88078   -4.62143
   1501.35     20000   -3.98927   -5.07787   -4.96428   -4.94091   -4.64929
   1524.81     25000   -4.02962   -5.36528   -5.38220   -5.30520   -4.73014
   1548.27     30000   -4.12516   -5.37744   -5.31178   -5.29166   -4.81655
   1571.73     35000   -4.22277   -5.23329   -5.10609   -5.09332   -4.84313
   1595.19     40000   -4.20979   -5.32107   -5.21172   -5.18588   -4.87632
   1618.64     45000   -4.25663   -5.62625   -5.68570   -5.58943   -4.96242
   1642.09     50000   -4.35990   -5.56900   -5.48379   -5.46794   -5.04271
   1665.53     55000   -4.45224   -5.45226   -5.32527   -5.31113   -5.06477
   1688.97     60000   -4.43344   -5.56858   -5.46643   -5.43735   -5.10422
   1712.41     65000   -4.48413   -5.88118   -5.98256   -5.87080   -5.19473
   1735.84     70000   -4.59459   -5.76106   -5.66161   -5.64836   -5.26787
   1759.28     75000   -4.68144   -5.67374   -5.54676   -5.53181   -5.28699
   1782.72     80000   -4.65978   -5.81908   -5.72485   -5.69223   -5.33311
   1806.15     85000   -4.71520   -6.12235   -6.24440   -6.12832   -5.42672
   1829.59     90000   -4.82796   -5.95751   -5.84873   -5.83681   -5.49181
   1853.04     95000   -4.88737   -5.89955   -5.77380   -5.75755   -5.50960
   1876.50    100000   -4.88470   -6.07410   -5.99148   -5.95399   -5.56281
   1899.96      5000   -4.94637   -6.34914   -6.44945   -6.35401   -5.65825
   1923.42     10000   -5.05972   -6.15696   -6.04091   -6.02949   -5.71494
   1946.88     15000   -5.09755   -6.12806   -6.00374   -5.98610   -5.73301
   1970.34     20000   -5.11189   -6.33199   -6.26364   -6.22018   -5.79336
   1993.80     25000   -5.17903   -6.55952   -6.61440   -6.54613   -5.88901
   2017.27     30000   -5.29079   -6.36057   -6.24021   -6.22882   -5.93725
   2040.73     35000   -5.31091   -6.36063   -6.23879   -6.21962   -5.95712
   2064.19     40000   -5.33689   -6.59373   -6.54538   -6.49395   -6.02453
   2087.65     45000   -5.41322   -6.75856   -6.76296   -6.71893   -6.11888
   2111.11     50000   -5.52157   -6.56770   -6.44375   -6.43209   -6.15915
   2134.57     55000   -5.52792   -6.59622   -6.47726   -6.45621   -6.18218
   2158.03     60000   -5.56264   -6.85719   -6.83471   -6.77255   -6.25629
   2181.49     65000   -5.64805   -6.95073   -6.91647   -6.88654   -6.34763
   2204.95     70000   -5.75193   -6.77876   -6.65308   -6.64083   -6.38070
   2228.42     75000   -5.74832   -6.83576   -6.72094   -6.69783   -6.40809
   2251.88     80000   -5.78841   -7.12159   -7.13399   -7.05778   -6.48840
   2275.34     85000   -5.88317   -7.14026   -7.07641   -7.05556   -6.57524
   2298.80     90000   -5.98117   -6.99323   -6.86618   -6.85324   -6.60228
   2322.25     95000   -5.96896   -7.07861   -6.96869   -6.94303   -6.63502
   2345.70    100000   -6.01556   -7.38311   -7.43785   -7.34369   -6.72072
   2369.14      5000   -6.11807   -7.33061   -7.24676   -7.23056   -6.80159
   2392.57     10000   -6.21088   -7.21148   -7.08427   -7.07039   -6.82398
   2416.01     15000   -6.19241   -7.32546   -7.22221   -7.19357   -6.86285
   2439.45     20000   -6.24263   -7.63804   -7.73598   -7.62496   -6.95300
   2462.88     25000   -6.35267   -7.52296   -7.42449   -7.41114   -7.02678
   2486.32     30000   -6.44010   -7.43302   -7.30595   -7.29106   -7.04609
   2509.77     35000   -6.41841   -7.57583   -7.48080   -7.44845   -7.09164
   2533.21     40000   -6.47357   -7.88090   -8.00196   -7.88575   -7.18504
   2556.65     45000   -6.58611   -7.71880   -7.61052   -7.59847   -7.25086
   2580.09     50000   -6.64775   -7.65821   -7.53223   -7.51610   -7.26870
   2603.53     55000   -6.64350   -7.83022   -7.74624   -7.70929   -7.32128
   2626.97     60000   -6.70478   -8.10846   -8.21248   -8.11420   -7.41660
   2650.41     65000   -6.81785   -7.91803   -7.80256   -7.79115   -7.47402
   2673.85     70000   -6.85771   -7.88666   -7.76214   -7.74466   -7.49201
   2697.29     75000   -6.87101   -8.08803   -8.01827   -7.97538   -7.55174
   2720.73     80000   -6.93726   -8.32035   -8.37912   -8.30886   -7.64745
   2744.17     85000   -7.04906   -8.12124   -8.00102   -7.98965   -7.69642
   2767.62     90000   -7.07063   -8.11874   -7.99656   -7.97751   -7.71608
   2791.07     95000   -7.09562   -8.34931   -8.29882   -8.24817   -7.78288
   2814.51    100000   -7.17116   -8.52007   -8.52884   -8.48283   -7.87739
   2837.96      5000   -7.27988   -8.32807   -8.20443   -8.19280   -7.91832
   2861.41     10000   -7.28745   -8.35416   -8.23489   -8.21404   -7.94103
   2884.86     15000   -7.32142   -8.61277   -8.58776   -8.52669   -8.01459
   2908.31     20000   -7.40617   -8.71260   -8.68113   -8.65037   -8.10626
   2931.76     25000   -7.51039   -8.53875   -8.41308   -8.40090   -8.13992
   2955.20     30000   -7.50744   -8.59327   -8.47795   -8.45502   -8.16689
   2978.65     35000   -7.54728   -8.87711   -8.88600   -8.81111   -8.24668
   3002.10     40000   -7.64131   -8.90230   -8.84079   -8.81925   -8.33396
   3025.54     45000   -7.73965   -8.75296   -8.62602   -8.61314   -8.36147
   3048.99     50000   -7.72814   -8.83589   -8.72548   -8.70007   -8.39371
   3072.44     55000   -7.77450   -9.13909   -9.18993   -9.09749   -8.47898
   3095.89     60000   -7.87624   -9.09241   -9.00998   -8.99352   -8.56043
   3119.35     65000   -7.96951   -8.97083   -8.84354   -8.82976   -8.58316
   3142.81     70000   -7.95143   -9.08232   -8.97834   -8.94998   -8.62147
MyID= 0: Time=  0.1,has convergenced
     1684194 iterations for the convertgence of psi
 MyID=           0 has finish
