 START-UP FOR CHUNK...
     23.44      5000   -0.67572   -2.04581   -2.36342   -2.93581   -1.29289
     46.98     10000   -0.95634   -2.11252   -2.65196   -2.97461   -1.54723
     70.52     15000   -1.10102   -2.19322   -2.61525   -2.85602   -1.69441
     94.06     20000   -1.19092   -2.68681   -2.52040   -2.65455   -1.81034
    117.60     25000   -1.21183   -2.93017   -2.44620   -2.43970   -1.88296
    141.14     30000   -1.15872   -2.59862   -2.19215   -2.21064   -1.87422
    164.68     35000   -1.04157   -2.37412   -1.94679   -1.96649   -1.75255
    188.23     40000   -0.87291   -2.17077   -1.70233   -1.71746   -1.54276
    211.77     45000   -0.68624   -1.84871   -1.49751   -1.49407   -1.31258
    235.32     50000   -0.46491   -1.56771   -1.40521   -1.38542   -1.13392
    258.86     55000   -0.35479   -1.58714   -1.54664   -1.57788   -1.09351
    282.40     60000   -0.41038   -1.87300   -1.63862   -1.59727   -1.17355
    305.93     65000   -0.64573   -1.73814   -1.58703   -1.54337   -1.29387
    329.48     70000   -0.73191   -1.94102   -1.82807   -1.79973   -1.44873
    353.02     75000   -0.81721   -2.16469   -2.12873   -2.13113   -1.53974
    376.56     80000   -0.83583   -2.02821   -1.79003   -1.77819   -1.50119
    400.10     85000   -0.78981   -1.86803   -1.72734   -1.71165   -1.44665
    423.64     90000   -0.75001   -1.98133   -1.97192   -1.99973   -1.47620
    447.19     95000   -0.81483   -2.17568   -2.01243   -1.98616   -1.54156
    470.73    100000   -0.96662   -2.02352   -1.87701   -1.85047   -1.59835
 ITERATION...
    494.27      5000   -0.99753   -2.16393   -2.07180   -2.05739   -1.70060
    517.80     10000   -1.06822   -2.42664   -2.44060   -2.44920   -1.78792
    541.34     15000   -1.11717   -2.29753   -2.10127   -2.08225   -1.78515
    564.88     20000   -1.11145   -2.19138   -2.06523   -2.04760   -1.77563
    588.42     25000   -1.10282   -2.34997   -2.35614   -2.37699   -1.83034
    611.96     30000   -1.17259   -2.50137   -2.35467   -2.33162   -1.88766
    635.50     35000   -1.29277   -2.34220   -2.19247   -2.16800   -1.91972
    659.04     40000   -1.29363   -2.44389   -2.36117   -2.34833   -1.99592
    682.58     45000   -1.35510   -2.71368   -2.74582   -2.75588   -2.07763
    706.11     50000   -1.41749   -2.59612   -2.41368   -2.39217   -2.08801
    729.65     55000   -1.43037   -2.50849   -2.38401   -2.36562   -2.09594
    753.19     60000   -1.43399   -2.67817   -2.68604   -2.69948   -2.16039
    776.73     65000   -1.50331   -2.83202   -2.69293   -2.67302   -2.21553
    800.27     70000   -1.60720   -2.66270   -2.50835   -2.48423   -2.23575
    823.81     75000   -1.59840   -2.73625   -2.65414   -2.64053   -2.29796
    847.35     80000   -1.65336   -3.00702   -3.05318   -3.06850   -2.37773
    870.89     85000   -1.72118   -2.90925   -2.73116   -2.70842   -2.39570
    894.42     90000   -1.74666   -2.82183   -2.69388   -2.67473   -2.41014
    917.96     95000   -1.75369   -2.98785   -2.98814   -2.99545   -2.47820
    941.50    100000   -1.82239   -3.15938   -3.03203   -3.01501   -2.53454
    965.04      5000   -1.91724   -2.98308   -2.82403   -2.80024   -2.54916
    988.58     10000   -1.90768   -3.03434   -2.94810   -2.93366   -2.60271
   1012.12     15000   -1.95582   -3.30150   -3.35764   -3.37758   -2.68202
   1035.66     20000   -2.02676   -3.22838   -3.05229   -3.02914   -2.70535
   1059.20     25000   -2.06197   -3.13331   -3.00089   -2.98103   -2.72156
   1082.74     30000   -2.06861   -3.29007   -3.27908   -3.28157   -2.79030
   1106.28     35000   -2.13655   -3.48287   -3.37151   -3.35716   -2.84925
   1129.82     40000   -2.22376   -3.30279   -3.14013   -3.11645   -2.86153
   1153.35     45000   -2.21750   -3.33538   -3.24352   -3.22839   -2.90903
   1176.90     50000   -2.26124   -3.59601   -3.65666   -3.67905   -2.98831
   1200.44     55000   -2.33155   -3.55030   -3.37625   -3.35303   -3.01606
   1223.98     60000   -2.37655   -3.44419   -3.30762   -3.28719   -3.03196
   1247.51     65000   -2.38036   -3.58891   -3.56645   -3.56533   -3.09979
   1271.06     70000   -2.44674   -3.80287   -3.71079   -3.69951   -3.16181
   1294.59     75000   -2.53076   -3.62242   -3.45691   -3.43320   -3.17351
   1318.13     80000   -2.52877   -3.63810   -3.54053   -3.52468   -3.21627
   1341.67     85000   -2.56741   -3.89019   -3.94994   -3.97257   -3.29553
   1365.21     90000   -2.63794   -3.87410   -3.70249   -3.67938   -3.32735
   1388.75     95000   -2.69186   -3.75552   -3.61507   -3.59413   -3.34211
   1412.29    100000   -2.69076   -3.88669   -3.85340   -3.84951   -3.40810
   1435.83      5000   -2.75604   -4.11943   -4.04939   -4.04190   -3.47321
   1459.36     10000   -2.83736   -3.94253   -3.77454   -3.75075   -3.48539
   1482.90     15000   -2.84043   -3.94217   -3.83899   -3.82241   -3.52410
   1506.43     20000   -2.87491   -4.18392   -4.23842   -4.25937   -3.60315
   1529.97     25000   -2.94590   -4.19904   -4.03067   -4.00790   -3.63892
   1553.51     30000   -3.00800   -4.06776   -3.92353   -3.90213   -3.65231
   1577.05     35000   -3.00184   -4.18460   -4.14121   -4.13501   -3.71591
   1600.58     40000   -3.06521   -4.43255   -4.38660   -4.38378   -3.78391
   1624.12     45000   -3.14282   -4.26333   -4.09315   -4.06926   -3.79727
   1647.66     50000   -3.15188   -4.24741   -4.13875   -4.12146   -3.83232
   1671.20     55000   -3.18212   -4.47744   -4.52342   -4.54136   -3.91088
   1694.74     60000   -3.25376   -4.52440   -4.36059   -4.33842   -3.95058
   1718.28     65000   -3.32361   -4.38095   -4.23307   -4.21126   -3.96266
   1741.82     70000   -3.31302   -4.48310   -4.43028   -4.42214   -4.02351
   1765.37     75000   -3.37263   -4.74221   -4.72130   -4.72397   -4.09413
   1788.91     80000   -3.44947   -4.58483   -4.41283   -4.38887   -4.10919
   1812.45     85000   -3.46416   -4.55366   -4.43973   -4.42177   -4.14084
   1836.00     90000   -3.49028   -4.77099   -4.80629   -4.82056   -4.21859
   1859.54     95000   -3.56195   -4.84970   -4.69218   -4.67084   -4.26222
   1883.08    100000   -3.64024   -4.69507   -4.54371   -4.52152   -4.27321
   1906.62      5000   -3.62500   -4.78237   -4.72076   -4.71094   -4.33106
   1930.16     10000   -3.68109   -5.04855   -5.05203   -5.06073   -4.40398
   1953.70     15000   -3.75724   -4.90707   -4.73366   -4.70966   -4.42116
   1977.24     20000   -3.77772   -4.86082   -4.74187   -4.72328   -4.44960
   2000.77     25000   -3.79839   -5.06472   -5.08819   -5.09865   -4.52623
   2024.31     30000   -3.86981   -5.17451   -5.02533   -5.00510   -4.57376
   2047.85     35000   -3.95652   -5.01010   -4.85543   -4.83292   -4.58397
   2071.39     40000   -3.93549   -5.08247   -5.01269   -5.00141   -4.63864
   2094.93     45000   -3.98886   -5.35182   -5.37711   -5.39184   -4.71350
   2118.47     50000   -4.06317   -5.23005   -5.05571   -5.03171   -4.73319
   2142.01     55000   -4.09023   -5.16887   -5.04514   -5.02597   -4.75860
   2165.55     60000   -4.10776   -5.35879   -5.37003   -5.37684   -4.83378
   2189.09     65000   -4.17728   -5.49841   -5.35995   -5.34119   -4.88516
   2212.63     70000   -4.26668   -5.32603   -5.16823   -5.14543   -4.89491
   2236.17     75000   -4.24700   -5.38344   -5.30603   -5.29346   -4.94630
   2259.71     80000   -4.29707   -5.65238   -5.69504   -5.71498   -5.02272
   2283.25     85000   -4.37002   -5.55377   -5.37903   -5.35509   -5.04524
   2306.79     90000   -4.40313   -5.47780   -5.34952   -5.32981   -5.06783
   2330.34     95000   -4.41680   -5.65336   -5.65245   -5.65591   -5.14125
   2353.88    100000   -4.48599   -5.82091   -5.69587   -5.67901   -5.19638
   2377.41      5000   -4.57414   -5.64289   -5.48213   -5.45906   -5.20605
   2400.95     10000   -4.55953   -5.68529   -5.60076   -5.58704   -5.25407
   2424.49     15000   -4.60482   -5.95067   -6.00491   -6.02840   -5.33167
   2448.03     20000   -4.67792   -5.87816   -5.70368   -5.67987   -5.35730
   2471.56     25000   -4.71727   -5.78762   -5.65499   -5.63477   -5.37728
   2495.10     30000   -4.72706   -5.94856   -5.93588   -5.93633   -5.44865
   2518.64     35000   -4.79521   -6.14153   -6.03280   -6.01840   -5.50738
   2542.17     40000   -4.87937   -5.96065   -5.79713   -5.77382   -5.51737
   2565.71     45000   -4.87091   -5.98805   -5.89684   -5.88209   -5.56198
   2589.25     50000   -4.91304   -6.24716   -6.30673   -6.33157   -5.64036
   2612.79     55000   -4.98415   -6.20312   -6.02971   -6.00612   -5.66935
   2636.34     60000   -5.03163   -6.09831   -5.96153   -5.94085   -5.68696
   2659.88     65000   -5.03672   -6.24446   -6.22056   -6.21836   -5.75602
   2683.42     70000   -5.10328   -6.45978   -6.37033   -6.35906   -5.81816
   2706.96     75000   -5.18584   -6.27932   -6.11325   -6.08973   -5.82884
   2730.50     80000   -5.18288   -6.29171   -6.19421   -6.17854   -5.87004
   2754.04     85000   -5.22053   -6.54235   -6.60140   -6.62544   -5.94881
   2777.58     90000   -5.29144   -6.52852   -6.35716   -6.33390   -5.98136
   2801.11     95000   -5.34691   -6.40990   -6.26915   -6.24803   -5.99687
   2824.64    100000   -5.34622   -6.54114   -6.50666   -6.50212   -6.06337
   2848.17      5000   -5.41150   -6.77527   -6.70778   -6.70043   -6.12869
   2871.71     10000   -5.49192   -6.59889   -6.43050   -6.40680   -6.14046
   2895.24     15000   -5.49502   -6.59627   -6.49285   -6.47634   -6.17827
   2918.77     20000   -5.52866   -6.83667   -6.89047   -6.91203   -6.25703
   2942.28     25000   -5.59996   -6.85419   -6.68607   -6.66329   -6.29331
   2965.79     30000   -5.66306   -6.72237   -6.57782   -6.55630   -6.30699
   2989.31     35000   -5.65695   -6.83864   -6.79423   -6.78764   -6.37073
   3012.83     40000   -5.72011   -7.08767   -7.04418   -7.04162   -6.43896
   3036.34     45000   -5.79733   -6.91935   -6.74891   -6.72508   -6.45221
   3059.86     50000   -5.80655   -6.90172   -6.79271   -6.77543   -6.48669
   3083.38     55000   -5.83631   -7.13051   -7.17567   -7.19374   -6.56506
   3106.90     60000   -5.90796   -7.17990   -7.01648   -6.99434   -6.60516
   3130.44     65000   -5.97871   -7.03572   -6.88755   -6.86566   -6.61734
   3153.97     70000   -5.96794   -7.13700   -7.08331   -7.07491   -6.67813
   3177.51     75000   -6.02732   -7.39685   -7.37825   -7.38125   -6.74896
   3201.05     80000   -6.10399   -7.24068   -7.06852   -7.04458   -6.76407
   3224.58     85000   -6.11900   -7.20806   -7.09376   -7.07579   -6.79531
   3248.12     90000   -6.14458   -7.42420   -7.45860   -7.47276   -6.87291
   3271.65     95000   -6.21638   -7.50536   -7.34838   -7.32711   -6.91689
   3295.18    100000   -6.29536   -7.34997   -7.19834   -7.17611   -6.92790
   3318.69      5000   -6.27987   -7.43623   -7.37388   -7.36388   -6.98559
   3342.20     10000   -6.33575   -7.70284   -7.70836   -7.71746   -7.05868
   3365.70     15000   -6.41155   -7.56285   -7.38935   -7.36536   -7.07601
   3389.21     20000   -6.43270   -7.51529   -7.39597   -7.37736   -7.10413
   3412.72     25000   -6.45287   -7.71801   -7.74053   -7.75079   -7.18061
   3436.23     30000   -6.52414   -7.83021   -7.68177   -7.66164   -7.22847
   3459.74     35000   -6.61154   -7.66512   -7.51019   -7.48765   -7.23867
   3483.26     40000   -6.59024   -7.73636   -7.66592   -7.65450   -7.29313
   3506.78     45000   -6.64337   -8.00583   -8.03279   -8.04792   -7.36813
   3530.30     50000   -6.71757   -7.88584   -7.71144   -7.68745   -7.38801
   3553.81     55000   -6.74506   -7.82341   -7.69932   -7.68011   -7.41316
   3577.33     60000   -6.76225   -8.01215   -8.02242   -8.02900   -7.48819
   3600.84     65000   -6.83174   -8.15407   -8.01656   -7.99793   -7.53988
   3624.35     70000   -6.92114   -7.98116   -7.82311   -7.80028   -7.54964
   3647.86     75000   -6.90183   -8.03739   -7.95938   -7.94670   -7.60077
   3671.38     80000   -6.95165   -8.30617   -8.35003   -8.37029   -7.67731
   3694.89     85000   -7.02446   -8.20958   -8.03484   -8.01091   -7.70006
   3718.41     90000   -7.05805   -8.13240   -8.00377   -7.98402   -7.72241
   3741.92     95000   -7.07140   -8.30678   -8.30491   -8.30814   -7.79567
   3765.44    100000   -7.14056   -8.47646   -8.35260   -8.33592   -7.85109
   3788.95      5000   -7.22835   -8.29810   -8.13712   -8.11402   -7.86079
   3812.46     10000   -7.21424   -8.33932   -8.25422   -8.24041   -7.90855
   3835.97     15000   -7.25928   -8.60429   -8.65921   -8.68287   -7.98622
   3859.48     20000   -7.33237   -8.53400   -8.35958   -8.33579   -8.01212
   3882.97     25000   -7.37230   -8.44229   -8.30932   -8.28907   -8.03189
   3906.26     30000   -7.38177   -8.60203   -8.58843   -8.58867   -8.10307
   3929.39     35000   -7.44965   -8.79692   -8.68963   -8.67545   -8.16209
   3952.82     40000   -7.53368   -8.61595   -8.45221   -8.42888   -8.17212
   3975.62     45000   -7.52572   -8.64215   -8.55041   -8.53558   -8.21646
   3998.61     50000   -7.56759   -8.90066   -8.96039   -8.98523   -8.29489
   4021.69     55000   -7.63853   -8.85900   -8.68571   -8.66215   -8.32416
   4044.62     60000   -7.68665   -8.75306   -8.61595   -8.59523   -8.34159
   4066.72     65000   -7.69127   -8.89800   -8.87322   -8.87083   -8.41044
   4088.54     70000   -7.75782   -9.11497   -9.02718   -9.01620   -8.47285
   4110.23     75000   -7.84026   -8.93469   -8.76842   -8.74489   -8.48361
   4131.83     80000   -7.83765   -8.94588   -8.84789   -8.83214   -8.52453
   4153.36     85000   -7.87500   -9.19576   -9.25455   -9.27843   -8.60331
   4174.63     90000   -7.94592   -9.18443   -9.01328   -8.99005   -8.63617
MyID= 0: Time=  0.1,has convergenced
     1684727 iterations for the convertgence of psi
 MyID=           0 has finish
