 START-UP FOR CHUNK...
     23.42      5000   -0.68245   -2.04482   -2.37324   -3.13455   -1.29439
     46.76     10000   -0.97401   -2.11032   -2.74982   -3.25687   -1.54920
     70.10     15000   -1.13538   -2.20018   -2.67894   -3.24797   -1.69833
     93.43     20000   -1.25547   -2.78656   -2.66585   -3.06000   -1.82170
    116.77     25000   -1.32195   -3.28405   -2.82504   -2.85223   -1.91613
    140.10     30000   -1.33097   -2.70279   -2.55825   -2.61958   -1.97598
    163.44     35000   -1.28473   -2.49994   -2.34972   -2.37042   -1.98382
    186.77     40000   -1.17502   -2.47687   -2.08329   -2.10771   -1.87994
    210.11     45000   -0.99526   -2.26261   -1.81746   -1.83956   -1.66137
    233.44     50000   -0.76958   -1.95492   -1.57303   -1.58092   -1.40533
    256.77     55000   -0.48829   -1.65921   -1.40473   -1.38462   -1.17599
    280.11     60000   -0.30776   -1.49278   -1.40062   -1.41394   -1.05686
    303.44     65000   -0.30037   -1.88066   -1.57479   -1.56777   -1.09581
    326.77     70000   -0.49339   -1.68914   -1.53294   -1.47707   -1.20979
    350.10     75000   -0.67187   -1.82946   -1.68892   -1.64430   -1.37226
    373.43     80000   -0.76074   -2.09389   -2.07929   -2.05768   -1.50209
    396.77     85000   -0.80721   -2.07548   -1.82276   -1.81555   -1.49050
    420.10     90000   -0.78591   -1.85771   -1.67224   -1.66128   -1.41534
    443.43     95000   -0.71016   -1.86983   -1.81224   -1.82496   -1.41550
    466.76    100000   -0.74869   -2.18898   -2.03227   -2.03123   -1.48655
 ITERATION...
    490.09      5000   -0.87735   -2.00128   -1.84709   -1.81254   -1.54588
    513.43     10000   -0.95660   -2.07712   -1.96107   -1.94088   -1.64411
    536.76     15000   -1.02114   -2.34634   -2.38197   -2.39411   -1.74835
    560.09     20000   -1.07778   -2.32874   -2.12867   -2.11122   -1.76284
    583.42     25000   -1.09494   -2.16415   -2.01271   -1.99460   -1.74018
    606.75     30000   -1.06017   -2.24480   -2.21364   -2.22020   -1.77808
    630.09     35000   -1.11734   -2.50562   -2.39813   -2.39164   -1.84342
    653.42     40000   -1.22471   -2.32445   -2.16298   -2.13607   -1.87573
    676.75     45000   -1.25464   -2.36600   -2.25812   -2.24136   -1.94273
    700.08     50000   -1.30558   -2.62790   -2.67460   -2.69003   -2.03302
    723.42     55000   -1.36895   -2.62000   -2.43287   -2.41238   -2.05714
    746.75     60000   -1.40681   -2.47436   -2.32774   -2.30788   -2.05438
    770.08     65000   -1.38849   -2.57770   -2.54393   -2.54543   -2.10647
    793.41     70000   -1.44930   -2.82667   -2.73867   -2.73236   -2.17120
    816.75     75000   -1.54271   -2.64689   -2.47963   -2.45420   -2.19243
    840.08     80000   -1.55768   -2.66177   -2.55422   -2.53782   -2.24373
    863.41     85000   -1.59960   -2.91163   -2.95920   -2.97587   -2.32799
    886.74     90000   -1.66688   -2.92569   -2.74643   -2.72484   -2.35858
    910.08     95000   -1.71847   -2.78248   -2.63512   -2.61472   -2.36376
    933.41    100000   -1.70500   -2.88759   -2.84637   -2.84388   -2.42092
    956.74      5000   -1.76593   -3.14203   -3.07546   -3.07249   -2.48718
    980.07     10000   -1.85001   -2.96728   -2.79579   -2.77088   -2.50395
   1003.41     15000   -1.86349   -2.96024   -2.85013   -2.83318   -2.54586
   1026.74     20000   -1.89783   -3.19757   -3.23934   -3.25620   -2.62700
   1050.07     25000   -1.96752   -3.23986   -3.06610   -3.04396   -2.66278
   1073.40     30000   -2.03006   -3.09070   -2.94082   -2.91976   -2.67098
   1096.74     35000   -2.01638   -3.18863   -3.13840   -3.13319   -2.72915
   1120.07     40000   -2.07564   -3.45102   -3.40890   -3.41053   -2.79771
   1143.40     45000   -2.15467   -3.28679   -3.11197   -3.08741   -2.81339
   1166.73     50000   -2.16960   -3.26098   -3.14684   -3.12939   -2.84904
   1190.06     55000   -2.19890   -3.48463   -3.51812   -3.53338   -2.92818
   1213.40     60000   -2.26898   -3.55774   -3.38935   -3.36754   -2.96845
   1236.73     65000   -2.34184   -3.39980   -3.24678   -3.22510   -2.97753
   1260.06     70000   -2.32541   -3.48671   -3.42763   -3.42011   -3.03470
   1283.37     75000   -2.38182   -3.75564   -3.73789   -3.74495   -3.10560
   1306.69     80000   -2.45898   -3.60594   -3.42864   -3.40420   -3.12194
   1330.01     85000   -2.47754   -3.56345   -3.44471   -3.42673   -3.15298
   1353.32     90000   -2.50145   -3.77309   -3.79655   -3.80923   -3.23050
   1376.64     95000   -2.57245   -3.87665   -3.71517   -3.69415   -3.27487
   1399.95    100000   -2.65387   -3.70988   -3.55357   -3.53145   -3.28400
   1423.27      5000   -2.63364   -3.78396   -3.71661   -3.70726   -3.33911
   1446.59     10000   -2.68770   -4.05640   -4.06141   -4.07424   -3.41211
   1469.90     15000   -2.76234   -3.92508   -3.74601   -3.72165   -3.43010
   1493.22     20000   -2.78697   -3.86705   -3.74369   -3.72515   -3.45743
   1516.53     25000   -2.80517   -4.06265   -4.07524   -4.08483   -3.53337
   1539.85     30000   -2.87488   -4.19558   -4.04296   -4.02308   -3.58162
   1563.17     35000   -2.96415   -4.02091   -3.86141   -3.83890   -3.59059
   1586.48     40000   -2.94053   -4.08134   -4.00632   -3.99547   -3.64305
   1609.81     45000   -2.99156   -4.35404   -4.37845   -4.39670   -3.71783
   1633.14     50000   -3.06498   -4.24446   -4.06428   -4.03999   -3.73808
   1656.47     55000   -3.09475   -4.17156   -4.04371   -4.02464   -3.76224
   1679.79     60000   -3.11003   -4.35298   -4.35451   -4.36097   -3.83649
   1703.10     65000   -3.17834   -4.51373   -4.37228   -4.35397   -3.88847
   1726.40     70000   -3.26772   -4.33286   -4.17031   -4.14745   -3.89735
   1749.70     75000   -3.24827   -4.37924   -4.29711   -4.28495   -3.94686
   1773.00     80000   -3.29623   -4.64923   -4.68823   -4.71082   -4.02304
   1796.30     85000   -3.36812   -4.56428   -4.38359   -4.35938   -4.04598
   1819.61     90000   -3.40363   -4.47691   -4.34473   -4.32514   -4.06732
   1842.91     95000   -3.41504   -4.64403   -4.63463   -4.63812   -4.13970
   1866.21    100000   -3.48306   -4.83046   -4.70280   -4.68655   -4.19526
   1889.51      5000   -3.56983   -4.64575   -4.48025   -4.45710   -4.20428
   1912.82     10000   -3.55645   -4.67784   -4.58906   -4.57576   -4.25066
   1936.12     15000   -3.59980   -4.94249   -4.99054   -5.01577   -4.32789
   1959.42     20000   -3.67166   -4.88457   -4.70403   -4.67997   -4.35382
   1982.73     25000   -3.71368   -4.78309   -4.64673   -4.62665   -4.37265
   2006.03     30000   -3.72125   -4.93583   -4.91583   -4.91658   -4.44294
   2029.33     35000   -3.78779   -5.14526   -5.03413   -5.02051   -4.50191
   2052.64     40000   -3.87139   -4.95952   -4.79124   -4.76783   -4.51137
   2075.94     45000   -3.86384   -4.97722   -4.88219   -4.86786   -4.55455
   2099.25     50000   -3.90416   -5.23430   -5.28586   -5.31172   -4.63244
   2122.55     55000   -3.97400   -5.20527   -5.02569   -5.00186   -4.66162
   2145.88     60000   -4.02365   -5.09009   -4.94970   -4.92914   -4.67819
   2169.21     65000   -4.02651   -5.22837   -5.19823   -5.19652   -4.74619
   2192.54     70000   -4.09191   -5.45765   -5.36576   -5.35547   -4.80839
   2215.87     75000   -4.17409   -5.27417   -5.10328   -5.07963   -4.81862
   2239.21     80000   -4.17143   -5.27741   -5.17647   -5.16122   -4.85856
   2262.53     85000   -4.20750   -5.52513   -5.57528   -5.59992   -4.93676
   2285.86     90000   -4.27744   -5.52629   -5.34862   -5.32513   -4.96936
   2309.20     95000   -4.33471   -5.39790   -5.25363   -5.23263   -4.98395
   2332.53    100000   -4.33195   -5.52170   -5.48193   -5.47801   -5.04945
   2355.86      5000   -4.39588   -5.76727   -5.69700   -5.69079   -5.11465
   2379.19     10000   -4.47545   -5.58966   -5.41636   -5.39252   -5.12600
   2402.53     15000   -4.47940   -5.57842   -5.47188   -5.45579   -5.16272
   2425.86     20000   -4.51154   -5.81536   -5.86020   -5.88227   -5.24085
   2449.18     25000   -4.58198   -5.84744   -5.67285   -5.64985   -5.27703
   2472.50     30000   -4.64646   -5.70653   -5.55852   -5.53711   -5.28991
   2495.83     35000   -4.63851   -5.81582   -5.76697   -5.76108   -5.35273
   2519.15     40000   -4.70038   -6.07393   -6.02690   -6.02558   -5.42067
   2542.45     45000   -4.77702   -5.90599   -5.73052   -5.70652   -5.43349
   2565.78     50000   -4.78679   -5.88026   -5.76839   -5.75153   -5.46704
   2589.12     55000   -4.81516   -6.10531   -6.14208   -6.16078   -5.54477
   2612.44     60000   -4.88573   -6.16853   -5.99843   -5.97607   -5.58460
   2635.74     65000   -4.95817   -6.01598   -5.86437   -5.84257   -5.59608
   2659.04     70000   -4.94535   -6.11075   -6.05335   -6.04570   -5.65605
   2682.35     75000   -5.00356   -6.37754   -6.35426   -6.35853   -5.72646
   2705.65     80000   -5.07974   -6.22312   -6.04577   -6.02165   -5.74108
   2728.95     85000   -5.09498   -6.18291   -6.06598   -6.04841   -5.77155
   2752.25     90000   -5.11938   -6.39527   -6.42222   -6.43722   -5.84852
   2775.56     95000   -5.19007   -6.48926   -6.32533   -6.30384   -5.89206
   2798.86    100000   -5.27047   -6.32624   -6.17119   -6.14902   -5.90244
   2822.18      5000   -5.25303   -6.40651   -6.34106   -6.33185   -5.95944
   2845.52     10000   -5.30785   -6.67820   -6.67766   -6.68793   -6.03199
   2868.86     15000   -5.38302   -6.54103   -6.36215   -6.33795   -6.04875
   2892.19     20000   -5.40429   -6.48638   -6.36462   -6.34639   -6.07624
   2915.52     25000   -5.42351   -6.68543   -6.70163   -6.71293   -6.15213
   2938.86     30000   -5.49381   -6.80931   -6.65354   -6.63319   -6.19939
   2962.19     35000   -5.58180   -6.63734   -6.47896   -6.45646   -6.20899
   2985.52     40000   -5.55932   -6.70310   -6.63008   -6.61947   -6.26290
   3008.86     45000   -5.61153   -6.97615   -6.99568   -7.01180   -6.33728
   3032.19     50000   -5.68501   -6.85969   -6.67968   -6.65545   -6.35648
   3055.52     55000   -5.71271   -6.79067   -6.66428   -6.64545   -6.38112
   3078.86     60000   -5.72875   -6.97598   -6.98107   -6.98886   -6.45563
   3102.19     65000   -5.79725   -7.12829   -6.98296   -6.96411   -6.50655
   3125.52     70000   -5.88701   -6.94926   -6.78772   -6.76491   -6.51572
   3148.86     75000   -5.86652   -7.00052   -6.92039   -6.90851   -6.56645
   3172.19     80000   -5.91557   -7.27175   -7.30714   -7.32821   -6.64231
   3195.53     85000   -5.98778   -7.17904   -6.99839   -6.97420   -6.66425
   3218.87     90000   -6.02128   -7.09577   -6.96495   -6.94556   -6.68621
   3242.21     95000   -6.03370   -7.26704   -7.26108   -7.26565   -6.75903
   3265.54    100000   -6.10180   -7.44579   -7.31345   -7.29652   -6.81354
   3288.88      5000   -6.19008   -7.26202   -7.09746   -7.07436   -6.82262
   3312.21     10000   -6.17484   -7.29878   -7.21194   -7.19892   -6.87012
   3335.55     15000   -6.21936   -7.56540   -7.61142   -7.63584   -6.94711
   3358.89     20000   -6.29154   -7.49901   -7.31833   -7.29424   -6.97203
   3382.22     25000   -6.33100   -7.40169   -7.26661   -7.24670   -6.99150
   3405.53     30000   -6.33966   -7.55872   -7.54200   -7.54366   -7.06237
   3428.85     35000   -6.40719   -7.76136   -7.64475   -7.63027   -7.12033
   3452.16     40000   -6.49130   -7.57562   -7.40819   -7.38484   -7.12968
   3475.47     45000   -6.48202   -7.59788   -7.50470   -7.49065   -7.17392
   3498.78     50000   -6.52333   -7.85754   -7.90865   -7.93440   -7.25168
   3522.10     55000   -6.59375   -7.81950   -7.63953   -7.61563   -7.27980
   3545.41     60000   -6.64102   -7.70842   -7.56926   -7.54886   -7.29699
   3568.72     65000   -6.64555   -7.85108   -7.82404   -7.82311   -7.36567
   3592.03     70000   -6.71100   -8.07459   -7.97645   -7.96506   -7.42691
   3615.35     75000   -6.79366   -7.89005   -7.71994   -7.69636   -7.43689
   3638.66     80000   -6.78975   -7.89780   -7.79863   -7.78364   -7.47787
   3661.97     85000   -6.82693   -8.14860   -8.19967   -8.22479   -7.55602
   3685.28     90000   -6.89682   -8.14038   -7.96201   -7.93841   -7.58754
   3708.60     95000   -6.95172   -8.01597   -7.87288   -7.85202   -7.60269
   3731.91    100000   -6.95067   -8.14419   -8.10734   -8.10410   -7.66895
   3755.22      5000   -7.01516   -8.38513   -8.30795   -8.30041   -7.73325
   3778.53     10000   -7.09572   -8.20531   -8.03273   -8.00894   -7.74424
   3801.85     15000   -7.09737   -8.19856   -8.09370   -8.07785   -7.78196
   3825.16     20000   -7.13101   -8.43896   -8.48579   -8.50873   -7.86017
   3848.47     25000   -7.20101   -8.46149   -8.28582   -8.26265   -7.89522
   3871.78     30000   -7.26353   -8.32433   -8.17746   -8.15618   -7.90859
   3895.09     35000   -7.25690   -8.43807   -8.39197   -8.38667   -7.97224
   3918.40     40000   -7.31955   -8.69272   -8.63841   -8.63550   -8.03937
   3941.45     45000   -7.39694   -8.52139   -8.34657   -8.32261   -8.05170
   3964.41     50000   -7.40504   -8.50014   -8.38988   -8.37325   -8.08623
   3987.25     55000   -7.43447   -8.72896   -8.76845   -8.78822   -8.16412
   4009.82     60000   -7.50516   -8.78261   -8.61096   -8.58839   -8.20282
   4032.37     65000   -7.57510   -8.63352   -8.48301   -8.46133   -8.21469
   4054.89     70000   -7.56375   -8.73275   -8.67793   -8.67081   -8.27556
   4077.44     75000   -7.62299   -8.99727   -8.96670   -8.96920   -8.34523
   4099.98     80000   -7.69931   -8.83828   -8.66149   -8.63740   -8.35927
   4122.20     85000   -7.71287   -8.80254   -8.68714   -8.66978   -8.39068
   4144.24     90000   -7.73886   -9.01888   -9.04899   -9.06513   -8.46792
   4165.97     95000   -7.80915   -9.10347   -8.93745   -8.91567   -8.51032
   4187.73    100000   -7.88723   -8.94353   -8.78952   -8.76747   -8.52099
   4209.44      5000   -7.87108   -9.02826   -8.96524   -8.95649   -8.57892
   4231.12     10000   -7.92694   -9.29883   -9.29149   -9.29990   -8.65085
MyID= 0: Time=  0.1,has convergenced
     1684023 iterations for the convertgence of psi
 MyID=           0 has finish
