 START-UP FOR CHUNK...
     23.50      5000   -0.62754   -2.03839   -2.17891   -2.17793   -1.29185
     46.93     10000   -0.82615   -2.12439   -2.11179   -2.17899   -1.52795
     70.35     15000   -0.86247   -2.22914   -1.99745   -2.03677   -1.61397
     93.77     20000   -0.80985   -2.51022   -1.83869   -1.83956   -1.58696
    117.18     25000   -0.69324   -2.08296   -1.64755   -1.64587   -1.46423
    140.60     30000   -0.56901   -1.78067   -1.49239   -1.49294   -1.31209
    164.01     35000   -0.47604   -1.61916   -1.47746   -1.47097   -1.19662
    187.43     40000   -0.46525   -1.78619   -1.78099   -1.78298   -1.21363
    210.85     45000   -0.56796   -1.92149   -1.84053   -1.84708   -1.31363
    234.28     50000   -0.71825   -1.81800   -1.68822   -1.67437   -1.39494
    257.70     55000   -0.84016   -2.00775   -1.90281   -1.86365   -1.52333
    281.12     60000   -0.92264   -2.29731   -2.40927   -2.42467   -1.63907
    304.54     65000   -0.97838   -2.16951   -2.00025   -1.98762   -1.65295
    327.99     70000   -0.98440   -2.00762   -1.87169   -1.84619   -1.61007
    351.44     75000   -0.93195   -2.08784   -2.04516   -2.01339   -1.62361
    374.89     80000   -0.97134   -2.30177   -2.40721   -2.39803   -1.69348
    398.31     85000   -1.07321   -2.18197   -2.05970   -2.03701   -1.73651
    421.74     90000   -1.13655   -2.21369   -2.09282   -2.07594   -1.79271
    445.16     95000   -1.18267   -2.44999   -2.49892   -2.47318   -1.89078
    468.59    100000   -1.25954   -2.52421   -2.43582   -2.43497   -1.95242
 ITERATION...
    492.02      5000   -1.31316   -2.36670   -2.21644   -2.19776   -1.94461
    515.45     10000   -1.28556   -2.40815   -2.32973   -2.30033   -1.96634
    538.87     15000   -1.31980   -2.65905   -2.79247   -2.79639   -2.04249
    562.29     20000   -1.40975   -2.58328   -2.45831   -2.43528   -2.09005
    585.70     25000   -1.47464   -2.53254   -2.40148   -2.37759   -2.12013
    609.11     30000   -1.49550   -2.71510   -2.68545   -2.66237   -2.19791
    632.51     35000   -1.56818   -2.88228   -2.89220   -2.88312   -2.27502
    655.92     40000   -1.63857   -2.72416   -2.57643   -2.55863   -2.28601
    679.36     45000   -1.63643   -2.73657   -2.62986   -2.60680   -2.30750
    702.81     50000   -1.66306   -2.96509   -3.06127   -3.04496   -2.38352
    726.25     55000   -1.74687   -2.97373   -2.86768   -2.85293   -2.44011
    749.69     60000   -1.83230   -2.87113   -2.73180   -2.70919   -2.45847
    773.14     65000   -1.82727   -2.99796   -2.93079   -2.90450   -2.51876
    796.60     70000   -1.88702   -3.23506   -3.33972   -3.33207   -2.60274
    820.07     75000   -1.96496   -3.09124   -2.95039   -2.93120   -2.62855
    843.54     80000   -1.98655   -3.06363   -2.94154   -2.91836   -2.64576
    867.01     85000   -2.00364   -3.26321   -3.28604   -3.26466   -2.71709
    890.46     90000   -2.08263   -3.36104   -3.30219   -3.28983   -2.78477
    913.89     95000   -2.16867   -3.22075   -3.07798   -3.05707   -2.80084
    937.30    100000   -2.16551   -3.29440   -3.20179   -3.17759   -2.84570
    960.71      5000   -2.21056   -3.54929   -3.69295   -3.67829   -2.93077
    984.14     10000   -2.29227   -3.46868   -3.34009   -3.32306   -2.97154
   1007.57     15000   -2.34001   -3.39610   -3.26397   -3.24126   -2.98437
   1030.98     20000   -2.34457   -3.55363   -3.52308   -3.49865   -3.04717
   1054.38     25000   -2.41309   -3.74055   -3.75769   -3.75092   -3.12438
   1077.79     30000   -2.49578   -3.58265   -3.43956   -3.41897   -3.14518
   1101.20     35000   -2.50704   -3.60467   -3.49409   -3.47036   -3.17684
   1124.61     40000   -2.53905   -3.84183   -3.92638   -3.90500   -3.25811
   1148.03     45000   -2.62090   -3.85331   -3.75134   -3.73614   -3.31370
   1171.45     50000   -2.70132   -3.73826   -3.59884   -3.57715   -3.32486
   1194.88     55000   -2.68616   -3.84822   -3.78063   -3.75618   -3.37663
   1218.30     60000   -2.74201   -4.08944   -4.20280   -4.20072   -3.45946
   1241.72     65000   -2.82361   -3.95543   -3.81617   -3.79711   -3.49022
   1265.14     70000   -2.85361   -3.92695   -3.80296   -3.77959   -3.51145
   1288.58     75000   -2.87314   -4.12623   -4.14047   -4.11601   -3.58501
   1312.03     80000   -2.95105   -4.23890   -4.18688   -4.17495   -3.65369
   1335.46     85000   -3.03324   -4.09086   -3.94739   -3.92632   -3.66739
   1358.88     90000   -3.02842   -4.15234   -4.05850   -4.03439   -3.70728
   1382.30     95000   -3.07023   -4.40480   -4.54211   -4.53147   -3.79087
   1405.72    100000   -3.15320   -4.33668   -4.21055   -4.19334   -3.83478
   1429.14      5000   -3.20735   -4.26019   -4.12616   -4.10360   -3.84921
   1452.56     10000   -3.21109   -4.41318   -4.37581   -4.35082   -3.91224
   1475.97     15000   -3.27837   -4.61050   -4.64335   -4.63669   -3.99060
   1499.38     20000   -3.35965   -4.45378   -4.31014   -4.29009   -4.01147
   1522.78     25000   -3.37181   -4.46638   -4.35402   -4.33030   -4.04010
   1546.20     30000   -3.40145   -4.69765   -4.77183   -4.75120   -4.11975
   1569.65     35000   -3.48352   -4.72360   -4.62600   -4.61127   -4.17764
   1593.12     40000   -3.56859   -4.60379   -4.46314   -4.44132   -4.18975
   1616.55     45000   -3.55215   -4.70822   -4.63538   -4.61069   -4.24070
   1639.97     50000   -3.60583   -4.95352   -5.07910   -5.07455   -4.32412
   1663.39     55000   -3.68694   -4.82664   -4.68869   -4.66998   -4.35618
   1686.81     60000   -3.71971   -4.79059   -4.66494   -4.64186   -4.37559
   1710.23     65000   -3.73658   -4.98280   -4.98883   -4.96474   -4.44738
   1733.64     70000   -3.81390   -5.10843   -5.06562   -5.05482   -4.51775
   1757.06     75000   -3.89581   -4.95776   -4.81380   -4.79286   -4.53254
   1780.48     80000   -3.89399   -5.01301   -4.91571   -4.89148   -4.57116
   1803.90     85000   -3.93365   -5.26450   -5.39629   -5.38239   -4.65462
   1827.32     90000   -4.01712   -5.20842   -5.08553   -5.06856   -4.70035
   1850.73     95000   -4.07494   -5.12512   -4.99008   -4.96766   -4.71389
   1874.15    100000   -4.07548   -5.27105   -5.22790   -5.20317   -4.77506
   1897.59      5000   -4.14121   -5.47727   -5.52386   -5.51837   -4.85443
   1921.01     10000   -4.22212   -5.32214   -5.17891   -5.15903   -4.87681
   1944.43     15000   -4.23758   -5.32817   -5.21350   -5.18985   -4.90415
   1967.85     20000   -4.26591   -5.55488   -5.61838   -5.59645   -4.98300
   1991.26     25000   -4.34736   -5.59538   -5.50400   -5.48967   -5.04275
   2014.67     30000   -4.43224   -5.47006   -5.32887   -5.30719   -5.05481
   2038.07     35000   -4.41753   -5.56738   -5.49068   -5.46611   -5.10389
   2061.48     40000   -4.46869   -5.81594   -5.94910   -5.94449   -5.18760
   2084.89     45000   -4.54994   -5.69659   -5.56006   -5.54154   -5.22156
   2108.32     50000   -4.58621   -5.65381   -5.52659   -5.50357   -5.23998
   2131.76     55000   -4.60091   -5.83984   -5.83761   -5.81320   -5.31046
   2155.19     60000   -4.67654   -5.97877   -5.94694   -5.93669   -5.38234
   2178.61     65000   -4.75807   -5.82548   -5.68143   -5.66064   -5.39787
   2202.05     70000   -4.75947   -5.87364   -5.77361   -5.74950   -5.43474
   2225.49     75000   -4.79682   -6.12306   -6.24729   -6.23217   -5.51779
   2248.94     80000   -4.88079   -6.07957   -5.95983   -5.94320   -5.56558
   2272.39     85000   -4.94238   -5.98987   -5.85375   -5.83141   -5.57865
   2295.84     90000   -4.94049   -6.12902   -6.08025   -6.05545   -5.63819
   2319.28     95000   -5.00468   -6.34399   -6.40533   -6.40035   -5.71848
   2342.73    100000   -5.08500   -6.19131   -6.04864   -6.02893   -5.74228
   2366.16      5000   -5.10359   -6.19031   -6.07364   -6.05009   -5.76815
   2389.58     10000   -5.13043   -6.41187   -6.46502   -6.44262   -5.84600
   2412.99     15000   -5.21038   -6.46676   -6.38174   -6.36792   -5.90765
   2436.40     20000   -5.29508   -6.33634   -6.19451   -6.17294   -5.91991
   2459.81     25000   -5.28290   -6.42671   -6.34614   -6.32160   -5.96725
   2483.23     30000   -5.33200   -6.67777   -6.81693   -6.81115   -6.05117
   2506.64     35000   -5.41331   -6.56707   -6.43221   -6.41392   -6.08699
   2530.06     40000   -5.45290   -6.51743   -6.38876   -6.36584   -6.10440
   2553.48     45000   -5.46544   -6.69702   -6.68708   -6.66257   -6.17344
   2576.88     50000   -5.53940   -6.84860   -6.82807   -6.81858   -6.24678
   2600.28     55000   -5.62063   -6.69326   -6.54911   -6.52845   -6.26322
   2623.70     60000   -5.62440   -6.73444   -6.63169   -6.60764   -6.29842
   2647.10     65000   -5.66035   -6.98128   -7.09680   -7.08011   -6.38100
   2670.52     70000   -5.74346   -6.95098   -6.83487   -6.81857   -6.43080
   2693.94     75000   -5.81016   -6.85496   -6.71784   -6.69561   -6.44346
   2717.35     80000   -5.80575   -6.98722   -6.93319   -6.90842   -6.50131
   2740.77     85000   -5.86735   -7.20997   -7.28560   -7.28126   -6.58242
   2764.16     90000   -5.94817   -7.06057   -6.91853   -6.89900   -6.60773
   2787.58     95000   -5.96991   -7.05261   -6.93398   -6.91051   -6.63222
   2811.00    100000   -5.99420   -7.26880   -7.31181   -7.28887   -6.70902
   2834.42      5000   -6.07371   -7.33813   -7.26020   -7.24688   -6.77251
   2857.83     10000   -6.15752   -7.20290   -7.06052   -7.03908   -6.78505
   2881.25     15000   -6.14781   -7.28628   -7.20208   -7.17761   -6.83063
   2904.66     20000   -6.19478   -7.53896   -7.68145   -7.67445   -6.91465
   2928.07     25000   -6.27698   -7.43765   -7.30463   -7.28658   -6.95240
   2951.48     30000   -6.31939   -7.38121   -7.25114   -7.22831   -6.96888
   2974.89     35000   -6.33028   -7.55427   -7.53698   -7.51237   -7.03644
   2998.31     40000   -6.40257   -7.71806   -7.70968   -7.70093   -7.11116
   3021.73     45000   -6.48350   -7.56131   -7.41715   -7.39663   -7.12859
   3045.14     50000   -6.48963   -7.59549   -7.49015   -7.46618   -7.16215
   3068.56     55000   -6.52418   -7.83920   -7.94510   -7.92711   -7.24416
   3091.98     60000   -6.60643   -7.82243   -7.71030   -7.69434   -7.29598
   3115.40     65000   -6.67827   -7.72023   -7.58216   -7.56004   -7.30833
   3138.81     70000   -6.67090   -7.84559   -7.78655   -7.76180   -7.36446
   3162.23     75000   -6.73022   -8.07528   -8.16485   -8.16092   -7.44629
   3185.64     80000   -6.81164   -7.93005   -7.78880   -7.76945   -7.47319
   3209.06     85000   -6.83549   -7.91514   -7.79465   -7.77126   -7.49635
   3232.48     90000   -6.85784   -8.12570   -8.15894   -8.13559   -7.57202
   3255.89     95000   -6.93734   -8.20935   -8.13911   -8.12634   -7.63730
   3279.31    100000   -7.02026   -8.06966   -7.92679   -7.90547   -7.65023
   3302.73      5000   -7.01246   -8.14605   -8.05838   -8.03397   -7.69406
   3326.14     10000   -7.05768   -8.39955   -8.54286   -8.53436   -7.77809
   3349.56     15000   -7.14073   -8.30841   -8.17748   -8.15968   -7.81778
   3372.97     20000   -7.18619   -8.24522   -8.11382   -8.09108   -7.83341
   3396.39     25000   -7.19542   -8.41167   -8.38742   -8.36273   -7.89946
   3419.81     30000   -7.26604   -8.58703   -8.59149   -8.58352   -7.97546
   3443.22     35000   -7.34667   -8.42955   -8.28547   -8.26511   -7.99398
   3466.63     40000   -7.35483   -8.45674   -8.34893   -8.32504   -8.02594
   3490.04     45000   -7.38754   -8.69684   -8.79253   -8.77337   -8.10728
   3513.45     50000   -7.46970   -8.69394   -8.58621   -8.57063   -8.16111
   3536.86     55000   -7.54632   -8.58571   -8.44677   -8.42475   -8.17324
   3560.28     60000   -7.53547   -8.70416   -8.64038   -8.61565   -8.22765
   3583.70     65000   -7.59338   -8.93988   -9.04255   -9.03885   -8.31010
   3607.11     70000   -7.67522   -8.79973   -8.65940   -8.64025   -8.33866
   3630.52     75000   -7.70106   -8.77787   -8.65560   -8.63230   -8.36054
   3653.93     80000   -7.72179   -8.98261   -9.00644   -8.98274   -8.43501
   3677.34     85000   -7.80072   -9.08040   -9.01855   -9.00635   -8.50203
   3700.75     90000   -7.88331   -8.93663   -8.79335   -8.77216   -8.51545
   3724.16     95000   -7.87714   -9.00603   -8.91506   -8.89072   -8.55753
   3747.58    100000   -7.92089   -9.25957   -9.40126   -9.39111   -8.64147
MyID= 0: Time=  0.1,has convergenced
     1686103 iterations for the convertgence of psi
 MyID=           0 has finish
