 START-UP FOR CHUNK...
     23.43      5000   -0.61598   -2.03521   -2.12577   -2.09605   -1.29071
     46.77     10000   -0.79929   -2.13028   -2.03264   -2.09805   -1.51907
     70.12     15000   -0.81459   -2.24260   -1.91798   -1.95692   -1.58551
     93.47     20000   -0.74687   -2.44192   -1.76109   -1.76306   -1.53557
    116.82     25000   -0.62691   -1.98462   -1.58443   -1.58070   -1.40742
    140.16     30000   -0.52277   -1.69015   -1.46583   -1.46509   -1.26873
    163.51     35000   -0.44210   -1.64617   -1.54202   -1.52354   -1.18937
    186.86     40000   -0.47612   -1.86577   -1.88492   -2.03351   -1.25993
    210.20     45000   -0.61102   -1.87103   -1.77259   -1.75281   -1.35246
    233.54     50000   -0.79425   -1.85920   -1.73250   -1.72175   -1.44520
    256.89     55000   -0.87968   -2.09698   -2.04364   -2.00508   -1.57613
    280.23     60000   -0.95866   -2.31119   -2.33916   -2.38490   -1.67464
    303.57     65000   -1.00321   -2.12880   -1.95568   -1.94693   -1.66554
    326.92     70000   -0.98768   -2.02528   -1.91150   -1.88173   -1.63219
    350.26     75000   -0.96468   -2.18047   -2.18721   -2.14163   -1.66804
    373.60     80000   -1.02740   -2.32935   -2.34477   -2.31504   -1.73989
    396.94     85000   -1.13517   -2.19472   -2.07238   -2.04858   -1.77697
    420.28     90000   -1.17613   -2.28250   -2.17532   -2.15639   -1.84080
    443.62     95000   -1.22914   -2.53784   -2.67750   -2.64478   -1.93980
    466.97    100000   -1.30801   -2.50790   -2.39348   -2.38867   -1.98865
 ITERATION...
    490.31      5000   -1.35938   -2.38895   -2.24876   -2.23083   -1.98071
    513.65     10000   -1.32879   -2.48324   -2.42715   -2.39424   -2.01539
    537.00     15000   -1.37719   -2.72395   -2.84987   -2.84543   -2.09567
    560.34     20000   -1.47014   -2.59654   -2.46743   -2.44592   -2.13645
    583.68     25000   -1.51537   -2.58856   -2.46441   -2.43893   -2.16990
    607.03     30000   -1.54541   -2.80662   -2.81456   -2.78249   -2.25219
    630.37     35000   -1.62471   -2.90492   -2.86872   -2.85566   -2.32458
    653.71     40000   -1.69671   -2.75389   -2.61243   -2.59383   -2.33321
    677.05     45000   -1.68697   -2.80463   -2.70674   -2.68205   -2.36174
    700.40     50000   -1.72222   -3.04938   -3.18878   -3.16188   -2.44209
    723.74     55000   -1.81094   -2.99740   -2.88787   -2.87324   -2.49508
    747.08     60000   -1.88036   -2.92371   -2.78895   -2.76704   -2.51406
    770.42     65000   -1.88491   -3.07766   -3.02301   -2.99249   -2.57777
    793.76     70000   -1.94929   -3.29058   -3.36916   -3.35588   -2.66171
    817.10     75000   -2.02963   -3.13170   -2.99518   -2.97672   -2.68626
    840.45     80000   -2.04474   -3.12790   -3.01023   -2.98578   -2.70629
    863.79     85000   -2.06756   -3.34768   -3.38700   -3.35662   -2.78053
    887.13     90000   -2.15076   -3.40775   -3.34567   -3.33199   -2.84851
    910.48     95000   -2.23683   -3.27769   -3.13979   -3.11939   -2.86475
    933.82    100000   -2.23098   -3.36715   -3.27650   -3.25050   -2.91030
    957.17      5000   -2.27809   -3.62380   -3.78106   -3.75204   -2.99662
    980.51     10000   -2.36325   -3.52469   -3.40274   -3.38703   -3.03943
   1003.85     15000   -2.40980   -3.46274   -3.33293   -3.31036   -3.05278
   1027.19     20000   -2.41546   -3.62951   -3.59705   -3.56737   -3.11550
   1050.54     25000   -2.48529   -3.81049   -3.84048   -3.83055   -3.19548
   1073.88     30000   -2.56937   -3.65138   -3.51401   -3.49455   -3.21876
   1097.22     35000   -2.58193   -3.67645   -3.56426   -3.53952   -3.24847
   1120.56     40000   -2.61428   -3.91627   -3.99250   -3.95912   -3.32932
   1143.90     45000   -2.69817   -3.93048   -3.84410   -3.83009   -3.39057
   1167.25     50000   -2.78211   -3.81356   -3.67651   -3.65557   -3.40270
   1190.59     55000   -2.76679   -3.92015   -3.84324   -3.81620   -3.45083
   1213.93     60000   -2.81831   -4.16841   -4.31342   -4.29665   -3.53606
   1237.27     65000   -2.90377   -4.04187   -3.91274   -3.89562   -3.57366
   1260.62     70000   -2.94070   -4.00421   -3.87751   -3.85422   -3.59182
   1283.96     75000   -2.95648   -4.19413   -4.18385   -4.15272   -3.66133
   1307.30     80000   -3.03203   -4.33561   -4.32531   -4.31398   -3.73748
   1330.64     85000   -3.11378   -4.18094   -4.04188   -4.02221   -3.75567
   1353.98     90000   -3.11764   -4.22633   -4.12168   -4.09640   -3.78895
   1377.33     95000   -3.15333   -4.47600   -4.58964   -4.55856   -3.87172
   1400.67    100000   -3.23934   -4.44545   -4.34177   -4.32707   -3.92693
   1424.01      5000   -3.31330   -4.34889   -4.21314   -4.19148   -3.93990
   1447.35     10000   -3.30458   -4.47907   -4.41490   -4.38665   -3.99462
   1470.69     15000   -3.36360   -4.71062   -4.82385   -4.80994   -4.07902
   1494.03     20000   -3.44750   -4.56450   -4.43078   -4.41295   -4.11020
   1517.38     25000   -3.47337   -4.54856   -4.42639   -4.40267   -4.13113
   1540.72     30000   -3.49466   -4.75759   -4.77512   -4.74355   -4.20479
   1564.06     35000   -3.57542   -4.85376   -4.80853   -4.79677   -4.27624
   1587.41     40000   -3.65850   -4.70994   -4.57055   -4.55035   -4.29181
   1610.75     45000   -3.65502   -4.77861   -4.68190   -4.65586   -4.33089
   1634.09     50000   -3.69618   -5.03463   -5.17874   -5.14915   -4.41560
   1657.44     55000   -3.78328   -4.96299   -4.84769   -4.83201   -4.46410
   1680.78     60000   -3.84119   -4.88700   -4.75402   -4.73184   -4.47776
   1704.12     65000   -3.84256   -5.03909   -4.99154   -4.96256   -4.53784
   1727.47     70000   -3.90755   -5.24400   -5.31008   -5.29945   -4.62011
   1750.81     75000   -3.99084   -5.08751   -4.95070   -4.93218   -4.64604
   1774.15     80000   -4.00869   -5.09440   -4.97748   -4.95318   -4.67125
   1797.49     85000   -4.03562   -5.32155   -5.37135   -5.33863   -4.74901
   1820.83     90000   -4.11905   -5.37098   -5.29959   -5.28658   -4.81492
   1844.17     95000   -4.20214   -5.24185   -5.10336   -5.08263   -4.82845
   1867.51    100000   -4.19242   -5.33289   -5.24643   -5.21974   -4.87303
   1890.85      5000   -4.23978   -5.58755   -5.74281   -5.71956   -4.95851
   1914.19     10000   -4.32584   -5.48103   -5.35691   -5.34039   -5.00051
   1937.54     15000   -4.37070   -5.42678   -5.29707   -5.27433   -5.01619
   1960.88     20000   -4.38045   -5.60066   -5.57293   -5.54288   -5.08165
   1984.22     25000   -4.45175   -5.77122   -5.79143   -5.78085   -5.16077
   2007.56     30000   -4.53513   -5.61333   -5.47485   -5.45570   -5.18205
   2030.91     35000   -4.54389   -5.64265   -5.53221   -5.50735   -5.21188
   2054.25     40000   -4.57662   -5.88452   -5.97085   -5.93818   -5.29289
   2077.59     45000   -4.66186   -5.88698   -5.79519   -5.78118   -5.35276
   2100.93     50000   -4.74599   -5.77569   -5.63861   -5.61733   -5.36547
   2124.28     55000   -4.73063   -5.88922   -5.81470   -5.78719   -5.41579
   2147.62     60000   -4.78409   -6.13396   -6.27366   -6.25651   -5.50103
   2170.96     65000   -4.86840   -6.00120   -5.87095   -5.85364   -5.53670
   2194.30     70000   -4.90249   -5.96901   -5.84335   -5.82007   -5.55517
   2217.64     75000   -4.91905   -6.16367   -6.16013   -6.12913   -5.62556
   2240.99     80000   -4.99593   -6.29316   -6.27298   -6.26187   -5.70059
   2264.33     85000   -5.07825   -6.14117   -6.00190   -5.98215   -5.71818
   2287.67     90000   -5.08054   -6.19303   -6.09006   -6.06455   -5.75315
   2311.02     95000   -5.11796   -6.44524   -6.56775   -6.53614   -5.83662
   2334.36    100000   -5.20386   -6.40338   -6.29660   -6.28158   -5.89003
   2357.70      5000   -5.27388   -6.31190   -6.17696   -6.15515   -5.90294
   2381.05     10000   -5.26746   -6.44772   -6.38761   -6.35927   -5.95894
   2404.39     15000   -5.32845   -6.67304   -6.77432   -6.76187   -6.04287
   2427.73     20000   -5.41238   -6.52318   -6.38863   -6.37061   -6.07270
   2451.07     25000   -5.43550   -6.51336   -6.39244   -6.36859   -6.09477
   2474.42     30000   -5.45863   -6.72744   -6.75275   -6.72074   -6.16961
   2497.76     35000   -5.54049   -6.81173   -6.75934   -6.74718   -6.23968
   2521.14     40000   -5.62360   -6.67131   -6.53219   -6.51188   -6.25456
   2544.51     45000   -5.61806   -6.74569   -6.65160   -6.62541   -6.29498
   2567.87     50000   -5.66051   -7.00214   -7.15133   -7.12347   -6.37997
   2591.25     55000   -5.74779   -6.92065   -6.80276   -6.78685   -6.42680
   2614.61     60000   -5.80205   -6.85024   -6.71807   -6.69573   -6.44094
   2637.98     65000   -5.80538   -7.00808   -6.96527   -6.93599   -6.50246
   2661.35     70000   -5.87257   -7.20493   -7.25909   -7.24843   -6.58402
   2684.72     75000   -5.95529   -7.04731   -6.91003   -6.89135   -6.60865
   2708.09     80000   -5.97151   -7.05995   -6.94468   -6.92025   -6.63497
   2731.46     85000   -5.99968   -7.29120   -7.35025   -7.31756   -6.71363
   2754.83     90000   -6.08309   -7.32839   -7.25106   -7.23783   -6.77804
   2778.19     95000   -6.16694   -7.20362   -7.06541   -7.04454   -6.79127
   2801.56    100000   -6.15578   -7.30049   -7.21691   -7.18999   -6.83734
   2824.93      5000   -6.20428   -7.55351   -7.70753   -7.68572   -6.92287
   2848.30     10000   -6.29048   -7.43942   -7.31353   -7.29679   -6.96319
   2871.67     15000   -6.33190   -7.39080   -7.26210   -7.23922   -6.97949
   2895.04     20000   -6.34400   -7.57012   -7.54826   -7.51800   -7.04626
   2918.41     25000   -6.41653   -7.73058   -7.73954   -7.72895   -7.12442
   2941.78     30000   -6.49970   -7.57358   -7.43478   -7.41547   -7.14466
   2965.15     35000   -6.50647   -7.60873   -7.50009   -7.47506   -7.17579
   2988.51     40000   -6.54031   -7.85376   -7.94973   -7.91709   -7.25752
   3011.88     45000   -6.62622   -7.84450   -7.74842   -7.73414   -7.31574
   3035.25     50000   -6.70701   -7.73816   -7.60157   -7.58016   -7.32840
   3058.62     55000   -6.69331   -7.85745   -7.78642   -7.75871   -7.38019
   3081.99     60000   -6.74854   -8.09807   -8.22943   -8.21383   -7.46520
   3105.36     65000   -6.83276   -7.95997   -7.82842   -7.81092   -7.49931
   3128.73     70000   -6.86407   -7.93354   -7.80902   -7.78559   -7.51864
   3152.09     75000   -6.88228   -8.13338   -8.13680   -8.10552   -7.59024
   3175.46     80000   -6.96049   -8.25153   -8.22231   -8.21093   -7.66406
   3198.83     85000   -7.04304   -8.10206   -7.96275   -7.94286   -7.68085
   3222.20     90000   -7.04330   -8.15973   -8.05892   -8.03324   -7.71720
   3245.57     95000   -7.08244   -8.41368   -8.54448   -8.51361   -7.80115
   3268.94    100000   -7.16834   -8.36102   -8.25101   -8.23575   -7.85287
   3292.30      5000   -7.23421   -8.27488   -8.14059   -8.11864   -7.86600
   3315.67     10000   -7.23073   -8.41643   -8.36047   -8.33189   -7.92345
   3339.04     15000   -7.29293   -8.63524   -8.72470   -8.71292   -8.00687
   3362.41     20000   -7.37718   -8.48252   -8.34714   -8.32894   -8.03528
   3385.78     25000   -7.39783   -8.47849   -8.35894   -8.33495   -8.05839
   3409.15     30000   -7.42251   -8.69726   -8.73085   -8.69863   -8.13429
   3432.52     35000   -7.50476   -8.76945   -8.70994   -8.69751   -8.20295
   3455.88     40000   -7.58780   -8.63274   -8.49378   -8.47332   -8.21730
   3479.25     45000   -7.58080   -8.71293   -8.62138   -8.59501   -8.25917
   3502.62     50000   -7.62513   -8.96929   -9.12228   -9.09579   -8.34440
   3525.98     55000   -7.71182   -8.87865   -8.75844   -8.74230   -8.38953
   3549.35     60000   -7.76313   -8.81381   -8.68247   -8.65999   -8.40414
   3572.71     65000   -7.76836   -8.97727   -8.93949   -8.90997   -8.46705
   3596.08     70000   -7.83737   -9.16539   -9.20738   -9.19687   -8.54783
   3619.45     75000   -7.91993   -9.00718   -8.86940   -8.85055   -8.57124
   3642.82     80000   -7.93368   -9.02563   -8.91197   -8.88739   -8.59876
   3666.18     85000   -7.96399   -9.26082   -9.32923   -9.29644   -8.67829
MyID= 0: Time=  0.1,has convergenced
     1686194 iterations for the convertgence of psi
 MyID=           0 has finish
