 START-UP FOR CHUNK...
     23.51      5000   -0.63376   -2.04180   -2.21042   -2.24463   -1.29031
     46.88     10000   -0.84420   -2.12461   -2.16656   -2.24516   -1.53119
     70.26     15000   -0.89537   -2.21175   -2.06319   -2.09978   -1.63095
     93.64     20000   -0.85505   -2.51446   -1.90458   -1.90101   -1.62475
    117.02     25000   -0.74767   -2.15644   -1.70583   -1.70366   -1.51302
    140.39     30000   -0.61514   -1.85804   -1.52497   -1.52955   -1.35412
    163.77     35000   -0.51063   -1.63389   -1.45250   -1.45118   -1.21513
    187.15     40000   -0.45939   -1.69817   -1.65246   -1.62206   -1.18213
    210.52     45000   -0.52934   -1.93070   -1.89961   -1.99460   -1.27319
    233.90     50000   -0.65446   -1.80413   -1.67902   -1.65523   -1.35259
    257.27     55000   -0.80499   -1.92613   -1.80004   -1.76739   -1.47349
    280.65     60000   -0.88607   -2.21660   -2.26110   -2.25306   -1.60062
    304.02     65000   -0.95337   -2.19752   -2.06958   -2.05844   -1.64038
    327.40     70000   -0.96270   -2.00831   -1.85514   -1.83704   -1.59747
    350.78     75000   -0.91010   -2.01891   -1.94717   -1.92155   -1.59134
    374.15     80000   -0.92713   -2.24081   -2.37740   -2.38814   -1.65388
    397.54     85000   -1.02109   -2.19473   -2.07603   -2.05360   -1.70445
    420.94     90000   -1.10875   -2.16441   -2.03814   -2.01790   -1.75368
    444.35     95000   -1.14538   -2.36799   -2.34970   -2.32509   -1.84862
    467.75    100000   -1.21983   -2.53999   -2.51088   -2.51071   -1.92322
 ITERATION...
    491.16      5000   -1.27433   -2.36375   -2.20802   -2.18778   -1.92067
    514.56     10000   -1.25820   -2.35464   -2.25673   -2.23097   -1.93088
    537.94     15000   -1.27756   -2.57770   -2.66916   -2.67142   -2.00069
    561.32     20000   -1.36209   -2.58830   -2.47867   -2.45719   -2.05609
    584.69     25000   -1.45216   -2.49651   -2.35973   -2.33767   -2.08364
    608.07     30000   -1.45888   -2.63889   -2.57983   -2.55907   -2.15553
    631.44     35000   -1.52475   -2.86239   -2.93576   -2.93378   -2.23811
    654.82     40000   -1.59463   -2.71700   -2.56669   -2.54892   -2.25485
    678.20     45000   -1.60588   -2.68899   -2.57279   -2.54954   -2.26958
    701.58     50000   -1.62263   -2.89173   -2.93552   -2.92151   -2.34018
    724.96     55000   -1.70108   -2.97121   -2.88447   -2.86895   -2.40222
    748.34     60000   -1.79519   -2.83898   -2.69756   -2.67444   -2.42079
    771.72     65000   -1.78896   -2.93366   -2.85141   -2.82886   -2.47593
    795.10     70000   -1.84139   -3.18644   -3.31368   -3.31047   -2.56087
    818.48     75000   -1.91748   -3.07629   -2.93696   -2.91795   -2.59139
    841.86     80000   -1.95206   -3.01887   -2.89227   -2.87018   -2.60527
    865.23     85000   -1.96073   -3.19225   -3.18933   -3.17166   -2.67229
    888.61     90000   -2.03510   -3.34323   -3.30437   -3.29463   -2.74243
    911.99     95000   -2.11995   -3.18924   -3.04466   -3.02277   -2.75986
    935.37    100000   -2.12346   -3.23809   -3.14031   -3.11723   -2.80167
    958.76      5000   -2.16409   -3.48992   -3.60735   -3.60002   -2.88574
    982.15     10000   -2.24383   -3.44612   -3.31925   -3.30088   -2.92886
   1005.55     15000   -2.30105   -3.35308   -3.21889   -3.19632   -2.94073
   1028.94     20000   -2.29891   -3.49117   -3.45139   -3.43109   -3.00109
   1052.33     25000   -2.36383   -3.70195   -3.73336   -3.73063   -3.07822
   1075.72     30000   -2.44580   -3.54737   -3.40189   -3.38069   -3.09979
   1099.12     35000   -2.46153   -3.55344   -3.44175   -3.41888   -3.13070
   1122.53     40000   -2.49095   -3.78150   -3.84964   -3.83560   -3.21104
   1145.92     45000   -2.57022   -3.81922   -3.71568   -3.69975   -3.26611
   1169.30     50000   -2.65451   -3.69391   -3.55316   -3.53091   -3.27722
   1192.67     55000   -2.63712   -3.79356   -3.72572   -3.70369   -3.32899
   1216.05     60000   -2.69171   -4.03916   -4.14316   -4.14777   -3.41060
   1239.43     65000   -2.77215   -3.91193   -3.76937   -3.74903   -3.43996
   1262.81     70000   -2.80391   -3.87714   -3.75402   -3.73110   -3.46222
   1286.19     75000   -2.82204   -4.07232   -4.08763   -4.06925   -3.53643
   1309.57     80000   -2.89881   -4.19027   -4.12801   -4.11537   -3.60219
   1332.95     85000   -2.98076   -4.04093   -3.89615   -3.87439   -3.61501
   1356.32     90000   -2.97568   -4.10148   -4.01207   -3.98953   -3.65736
   1379.70     95000   -3.01844   -4.35383   -4.48183   -4.48319   -3.74030
   1403.09    100000   -3.09952   -4.28155   -4.14814   -4.12922   -3.77980
   1426.48      5000   -3.14925   -4.20762   -4.07571   -4.05297   -3.79584
   1449.86     10000   -3.15592   -4.36544   -4.33881   -4.31801   -3.86205
   1473.23     15000   -3.22514   -4.55271   -4.55358   -4.54638   -3.93645
   1496.61     20000   -3.30505   -4.39453   -4.24851   -4.22722   -3.95390
   1519.99     25000   -3.31455   -4.41552   -4.30984   -4.28708   -3.98692
   1543.37     30000   -3.34653   -4.65310   -4.74412   -4.73540   -4.06805
   1566.75     35000   -3.42690   -4.65503   -4.53998   -4.52292   -4.11873
   1590.14     40000   -3.50083   -4.54486   -4.40634   -4.38392   -4.13135
   1613.52     45000   -3.49213   -4.66328   -4.60537   -4.58343   -4.18828
   1636.90     50000   -3.55170   -4.89758   -4.97578   -4.97588   -4.26855
   1660.28     55000   -3.63092   -4.75503   -4.61082   -4.59026   -4.29349
   1683.66     60000   -3.65515   -4.73621   -4.61798   -4.59516   -4.31811
   1707.05     65000   -3.67843   -4.94531   -4.98213   -4.96627   -4.39455
   1730.43     70000   -3.75561   -5.02910   -4.94654   -4.93233   -4.45617
   1753.82     75000   -3.84032   -4.88907   -4.74586   -4.72379   -4.46853
   1777.20     80000   -3.83041   -4.96746   -4.88604   -4.86352   -4.51555
   1800.58     85000   -3.87775   -5.22043   -5.34834   -5.35072   -4.59851
   1823.96     90000   -3.95701   -5.12193   -4.98414   -4.96462   -4.63321
   1847.34     95000   -3.99933   -5.06380   -4.93568   -4.91295   -4.65109
   1870.72    100000   -4.01028   -5.23731   -5.22746   -5.20791   -4.72055
   1894.10      5000   -4.08360   -5.39719   -5.36783   -5.35830   -4.79164
   1917.48     10000   -4.16455   -5.24022   -5.09444   -5.07285   -4.80703
   1940.85     15000   -4.16759   -5.27845   -5.17905   -5.15625   -4.84423
   1964.22     20000   -4.20440   -5.52478   -5.63639   -5.63095   -4.92662
   1987.60     25000   -4.28565   -5.49391   -5.36992   -5.35193   -4.97241
   2010.97     30000   -4.34832   -5.39825   -5.26245   -5.23992   -4.98591
   2034.35     35000   -4.34590   -5.53315   -5.48766   -5.46631   -5.04671
   2057.73     40000   -4.40987   -5.75074   -5.79561   -5.79307   -5.12487
   2081.10     45000   -4.48995   -5.59815   -5.45260   -5.43169   -5.14643
   2104.48     50000   -4.50680   -5.59632   -5.48295   -5.46008   -5.17458
   2127.85     55000   -4.53394   -5.81879   -5.87832   -5.86457   -5.25339
   2151.23     60000   -4.61335   -5.86819   -5.76985   -5.75421   -5.31045
   2174.61     65000   -4.69923   -5.73954   -5.59809   -5.57587   -5.32243
   2197.99     70000   -4.68323   -5.83473   -5.76258   -5.74032   -5.37360
   2221.37     75000   -4.73667   -6.08313   -6.19679   -6.19999   -5.45581
   2244.75     80000   -4.81588   -5.96258   -5.82125   -5.80124   -5.48621
   2268.13     85000   -4.84995   -5.92105   -5.79674   -5.77393   -5.50675
   2291.52     90000   -4.86600   -6.11021   -6.11864   -6.10020   -5.57944
   2314.92     95000   -4.94196   -6.23959   -6.18503   -6.17319   -5.64676
   2338.30    100000   -5.02445   -6.08769   -5.94271   -5.92091   -5.66042
   2361.67      5000   -5.02109   -6.14284   -6.05052   -6.02784   -5.70169
   2385.04     10000   -5.06269   -6.39454   -6.52026   -6.51913   -5.78469
   2408.43     15000   -5.14346   -6.33269   -6.20164   -6.18293   -5.82572
   2431.82     20000   -5.19643   -6.25261   -6.11975   -6.09712   -5.84078
   2455.20     25000   -5.20122   -6.40410   -6.37237   -6.35158   -5.90542
   2478.59     30000   -5.26893   -6.60025   -6.61210   -6.60628   -5.98093
   2501.97     35000   -5.34875   -6.44270   -6.29668   -6.27546   -5.99950
   2525.34     40000   -5.36021   -6.45778   -6.34993   -6.32708   -6.03132
   2548.72     45000   -5.39109   -6.69187   -6.77473   -6.76418   -6.11198
   2572.10     50000   -5.47075   -6.70649   -6.59543   -6.57868   -6.16434
   2595.48     55000   -5.54902   -6.59101   -6.45168   -6.42931   -6.17660
   2618.86     60000   -5.53786   -6.70309   -6.64127   -6.61929   -6.23192
   2642.24     65000   -5.59501   -6.94202   -7.03076   -7.03219   -6.31281
   2665.62     70000   -5.67483   -6.80440   -6.66073   -6.64029   -6.33919
   2689.00     75000   -5.70184   -6.77959   -6.65960   -6.63676   -6.36272
   2712.38     80000   -5.72269   -6.98360   -7.01249   -6.99570   -6.43827
   2735.77     85000   -5.79960   -7.07996   -7.00419   -6.99053   -6.50145
   2759.15     90000   -5.88344   -6.93626   -6.79250   -6.77050   -6.51401
   2782.53     95000   -5.87592   -7.00838   -6.92393   -6.90138   -6.55945
   2805.91    100000   -5.92169   -7.26175   -7.39124   -7.39323   -6.64252
   2829.29      5000   -6.00101   -7.17225   -7.03594   -7.01662   -6.67889
   2852.67     10000   -6.04609   -7.10825   -6.97875   -6.95604   -6.69597
   2876.05     15000   -6.05525   -7.27600   -7.25991   -7.23993   -6.76421
   2899.43     20000   -6.12707   -7.44627   -7.42731   -7.41866   -6.83656
   2922.82     25000   -6.20770   -7.28839   -7.14245   -7.12097   -6.85268
   2946.21     30000   -6.21357   -7.32042   -7.21866   -7.19586   -6.88840
   2969.59     35000   -6.24823   -7.56396   -7.66861   -7.66183   -6.97041
   2992.97     40000   -6.32992   -7.54484   -7.42383   -7.40615   -7.01797
   3016.36     45000   -6.39585   -7.44375   -7.30692   -7.28443   -7.03105
   3039.74     50000   -6.39113   -7.57262   -7.52248   -7.50092   -7.09043
   3063.13     55000   -6.45373   -7.79684   -7.85398   -7.85253   -7.16941
   3086.51     60000   -6.53327   -7.64730   -7.50213   -7.48134   -7.19217
   3109.89     65000   -6.55283   -7.63933   -7.52412   -7.50126   -7.21903
   3133.27     70000   -6.57859   -7.85712   -7.90826   -7.89363   -7.29705
   3156.66     75000   -6.65791   -7.91911   -7.82611   -7.81096   -7.35578
   3180.04     80000   -6.74351   -7.78610   -7.64396   -7.62179   -7.36782
   3203.43     85000   -6.72882   -7.87516   -7.79952   -7.77717   -7.41747
   3226.81     90000   -6.78003   -8.12577   -8.24602   -8.24927   -7.50001
   3250.20     95000   -6.85927   -8.01267   -7.87247   -7.85263   -7.53194
   3273.58    100000   -6.89634   -7.96510   -7.83934   -7.81656   -7.55149
   3296.96      5000   -6.91082   -8.14866   -8.15020   -8.13130   -7.62305
   3320.34     10000   -6.98593   -8.28945   -8.24358   -8.23251   -7.69178
   3343.72     15000   -7.06842   -8.13531   -7.98999   -7.96827   -7.70600
   3367.11     20000   -7.06644   -8.18431   -8.08933   -8.06661   -7.74577
   3390.49     25000   -7.10669   -8.43445   -8.55605   -8.55343   -7.82861
   3413.88     30000   -7.18724   -8.38350   -8.25479   -8.23633   -7.87137
   3437.26     35000   -7.24384   -8.29770   -8.16373   -8.14113   -7.88581
   3460.64     40000   -7.24613   -8.44321   -8.40628   -8.38525   -7.94908
   3484.02     45000   -7.31252   -8.64769   -8.67139   -8.66671   -8.02561
   3507.40     50000   -7.39277   -8.49137   -8.34546   -8.32435   -8.04521
   3530.78     55000   -7.40560   -8.50031   -8.39039   -8.36754   -8.07566
   3554.16     60000   -7.43511   -8.73040   -8.80483   -8.79305   -8.15571
   3577.55     65000   -7.51469   -8.75758   -8.65079   -8.63442   -8.20979
   3600.95     70000   -7.59694   -8.63715   -8.49701   -8.47470   -8.22188
   3624.35     75000   -7.58281   -8.74311   -8.67739   -8.65531   -8.27571
   3647.75     80000   -7.63868   -8.98609   -9.08491   -9.08716   -8.35714
   3671.13     85000   -7.71903   -8.85408   -8.71115   -8.69086   -8.38493
   3694.49     90000   -7.74811   -8.82317   -8.70157   -8.67874   -8.40734
   3717.84     95000   -7.76688   -9.02190   -9.04313   -9.02569   -8.48190
   3741.19    100000   -7.84375   -9.13046   -9.06190   -9.04886   -8.54661
   3764.55      5000   -7.92680   -8.98346   -8.83920   -8.81728   -8.55951
   3787.91     10000   -7.92106   -9.04943   -8.96201   -8.93940   -8.60343
   3811.26     15000   -7.96504   -9.30266   -9.43222   -9.43324   -8.68654
MyID= 0: Time=  0.1,has convergenced
     1686537 iterations for the convertgence of psi
 MyID=           0 has finish
