 START-UP FOR CHUNK...
     23.50      5000   -0.67236   -2.04465   -2.35860   -2.78935   -1.29420
     46.88     10000   -0.94387   -2.11141   -2.61211   -2.80655   -1.54795
     70.25     15000   -1.07560   -2.20036   -2.52261   -2.67410   -1.69290
     93.62     20000   -1.14287   -2.73745   -2.41244   -2.47079   -1.79973
    116.99     25000   -1.13167   -2.75599   -2.26048   -2.25447   -1.84077
    140.36     30000   -1.04658   -2.46032   -2.01259   -2.02654   -1.77389
    163.73     35000   -0.90356   -2.24096   -1.77174   -1.78842   -1.60325
    187.10     40000   -0.73019   -1.97269   -1.55598   -1.56143   -1.38642
    210.47     45000   -0.55726   -1.65442   -1.42775   -1.41199   -1.19305
    233.84     50000   -0.41204   -1.55290   -1.50318   -1.49969   -1.10768
    257.21     55000   -0.41543   -1.90325   -1.73044   -1.73637   -1.16720
    280.57     60000   -0.57172   -1.75017   -1.59304   -1.55027   -1.26882
    303.93     65000   -0.72505   -1.87232   -1.72404   -1.69477   -1.41142
    327.29     70000   -0.80753   -2.12953   -2.15423   -2.14929   -1.53890
    350.67     75000   -0.85816   -2.12549   -1.91413   -1.90642   -1.54675
    374.04     80000   -0.85005   -1.92695   -1.74272   -1.72563   -1.48461
    397.42     85000   -0.77898   -1.92282   -1.86861   -1.86151   -1.47994
    420.79     90000   -0.80918   -2.20279   -2.15798   -2.17820   -1.54425
    444.17     95000   -0.91813   -2.06442   -1.90923   -1.88053   -1.59430
    467.55    100000   -0.99893   -2.10013   -1.97334   -1.95384   -1.67414
 ITERATION...
    490.93      5000   -1.05439   -2.35229   -2.37790   -2.38153   -1.77966
    514.30     10000   -1.12054   -2.40212   -2.23451   -2.21960   -1.81473
    537.67     15000   -1.16369   -2.22707   -2.06437   -2.04414   -1.79426
    561.04     20000   -1.11928   -2.27074   -2.21338   -2.20561   -1.82246
    584.40     25000   -1.16430   -2.53999   -2.53035   -2.54828   -1.89216
    607.76     30000   -1.25674   -2.40009   -2.23889   -2.21215   -1.92591
    631.13     35000   -1.30500   -2.39235   -2.27029   -2.25116   -1.97782
    654.49     40000   -1.34280   -2.62094   -2.64599   -2.64957   -2.06876
    677.85     45000   -1.41290   -2.70616   -2.55699   -2.53971   -2.11254
    701.21     50000   -1.48021   -2.53815   -2.38078   -2.35953   -2.10834
    724.58     55000   -1.44729   -2.59438   -2.53096   -2.52054   -2.14903
    747.94     60000   -1.49561   -2.86162   -2.88109   -2.90156   -2.22170
    771.30     65000   -1.57804   -2.73458   -2.56774   -2.54235   -2.24889
    794.67     70000   -1.61686   -2.69638   -2.57259   -2.55256   -2.28570
    818.03     75000   -1.64344   -2.90261   -2.91848   -2.92056   -2.36833
    841.40     80000   -1.71367   -3.02387   -2.88881   -2.87131   -2.41835
    864.76     85000   -1.79321   -2.85368   -2.69528   -2.67328   -2.42135
    888.12     90000   -1.76791   -2.90580   -2.83260   -2.82008   -2.46576
    911.50     95000   -1.81539   -3.17117   -3.21697   -3.24116   -2.54098
    934.87    100000   -1.89223   -3.06723   -2.89720   -2.87298   -2.56718
    958.24      5000   -1.92994   -3.00491   -2.87651   -2.85602   -2.59495
    981.62     10000   -1.94882   -3.18988   -3.19249   -3.19194   -2.67209
   1005.00     15000   -2.01917   -3.34571   -3.22696   -3.21104   -2.72740
   1028.38     20000   -2.10224   -3.17126   -3.01035   -2.98783   -2.73393
   1051.76     25000   -2.08471   -3.21205   -3.12885   -3.11453   -2.77796
   1075.14     30000   -2.12868   -3.47390   -3.53697   -3.56319   -2.85512
   1098.51     35000   -2.20374   -3.39838   -3.22796   -3.20441   -2.88318
   1121.89     40000   -2.24585   -3.31553   -3.18210   -3.16127   -2.90507
   1145.27     45000   -2.25825   -3.48061   -3.46875   -3.46567   -2.97791
   1168.64     50000   -2.32654   -3.66740   -3.56925   -3.55590   -3.03791
   1192.01     55000   -2.40809   -3.49038   -3.32695   -3.30412   -3.04661
   1215.38     60000   -2.39959   -3.51637   -3.42427   -3.40860   -3.08828
   1238.75     65000   -2.43972   -3.77162   -3.84135   -3.86692   -3.16665
   1262.11     70000   -2.51201   -3.72903   -3.56020   -3.53722   -3.19804
   1285.47     75000   -2.56243   -3.62754   -3.48938   -3.46817   -3.21582
   1308.83     80000   -2.56729   -3.77356   -3.74777   -3.74225   -3.28480
   1332.19     85000   -2.63457   -3.98726   -3.91377   -3.90411   -3.34900
   1355.55     90000   -2.71553   -3.81124   -3.64545   -3.62234   -3.35956
   1378.91     95000   -2.71371   -3.82066   -3.72066   -3.70391   -3.39795
   1402.29    100000   -2.74944   -4.06611   -4.13289   -4.15538   -3.47678
   1425.67      5000   -2.82142   -4.05967   -3.89421   -3.87185   -3.51228
   1449.05     10000   -2.88074   -3.94091   -3.79823   -3.77666   -3.52704
   1472.43     15000   -2.87832   -4.06820   -4.02950   -4.02174   -3.59225
   1495.80     20000   -2.94316   -4.30375   -4.25865   -4.25403   -3.66018
   1519.17     25000   -3.02079   -4.13384   -3.96586   -3.94255   -3.67279
   1542.53     30000   -3.02710   -4.12582   -4.01864   -4.00095   -3.70750
   1565.90     35000   -3.05826   -4.35883   -4.41568   -4.43354   -3.78611
   1589.27     40000   -3.13092   -4.39029   -4.23023   -4.20864   -3.82612
   1612.64     45000   -3.19844   -4.25566   -4.10865   -4.08673   -3.83866
   1636.00     50000   -3.19042   -4.36443   -4.31377   -4.30402   -3.90004
   1659.36     55000   -3.25094   -4.61594   -4.60160   -4.60329   -3.97122
   1682.73     60000   -3.32765   -4.45799   -4.28818   -4.26476   -3.98625
   1706.09     65000   -3.34139   -4.43217   -4.31834   -4.29984   -4.01718
   1729.47     70000   -3.36750   -4.65077   -4.69359   -4.70627   -4.09495
   1752.83     75000   -3.44035   -4.72054   -4.56840   -4.54786   -4.13965
   1776.21     80000   -3.51773   -4.57173   -4.42062   -4.39837   -4.15063
   1799.59     85000   -3.50340   -4.66213   -4.60046   -4.58894   -4.20806
   1822.97     90000   -3.56018   -4.92360   -4.93959   -4.94848   -4.28197
   1846.34     95000   -3.63560   -4.78352   -4.61242   -4.58897   -4.29987
   1869.72    100000   -3.65674   -4.73980   -4.61978   -4.60057   -4.32710
   1893.10      5000   -3.67708   -4.94261   -4.96953   -4.97723   -4.40345
   1916.48     10000   -3.74868   -5.04991   -4.90880   -4.88967   -4.45288
   1939.86     15000   -3.83688   -4.88909   -4.73416   -4.71162   -4.46291
   1963.24     20000   -3.81553   -4.96123   -4.88944   -4.87639   -4.51628
   1986.62     25000   -3.86823   -5.22688   -5.26916   -5.28511   -4.59238
   2010.00     30000   -3.94240   -5.11029   -4.93862   -4.91524   -4.61360
   2033.38     35000   -3.97072   -5.04871   -4.92293   -4.90310   -4.63731
   2056.75     40000   -3.98735   -5.23481   -5.24550   -5.24875   -4.71172
   2080.12     45000   -4.05767   -5.37777   -5.25135   -5.23416   -4.76581
   2103.49     50000   -4.14634   -5.20775   -5.04929   -5.02648   -4.77549
   2126.87     55000   -4.12951   -5.26168   -5.18061   -5.16622   -4.82470
   2150.24     60000   -4.17702   -5.52632   -5.58730   -5.60860   -4.90242
   2173.60     65000   -4.25058   -5.43820   -5.26684   -5.24362   -4.92738
   2196.97     70000   -4.28654   -5.35893   -5.22776   -5.20737   -4.94784
   2220.34     75000   -4.29856   -5.52771   -5.52267   -5.52209   -5.01984
   2243.71     80000   -4.36817   -5.70336   -5.59581   -5.58124   -5.07840
   2267.08     85000   -4.45241   -5.52772   -5.36604   -5.34301   -5.08834
   2290.46     90000   -4.44251   -5.56347   -5.47386   -5.45831   -5.13334
   2313.84     95000   -4.48585   -5.82267   -5.89265   -5.91622   -5.21208
   2337.21    100000   -4.55776   -5.76707   -5.59716   -5.57422   -5.24116
   2360.59      5000   -4.60315   -5.67045   -5.53423   -5.51334   -5.25870
   2383.96     10000   -4.60948   -5.82153   -5.80170   -5.79788   -5.32788
   2407.34     15000   -4.67703   -6.02586   -5.94160   -5.93054   -5.39064
   2430.72     20000   -4.75927   -5.84902   -5.68444   -5.66123   -5.40143
   2454.09     25000   -4.75617   -5.86660   -5.76912   -5.75255   -5.44223
   2477.47     30000   -4.79407   -6.11675   -6.18619   -6.20870   -5.52140
   2500.84     35000   -4.86580   -6.09668   -5.92965   -5.90715   -5.55489
   2524.21     40000   -4.92102   -5.98329   -5.84232   -5.82099   -5.56990
   2547.58     45000   -4.92043   -6.11644   -6.08292   -6.07637   -5.63590
   2570.95     50000   -4.98605   -6.34451   -6.28767   -6.28124   -5.70249
   2594.32     55000   -5.06562   -6.17164   -6.00455   -5.98120   -5.71473
   2617.69     60000   -5.06961   -6.17105   -6.06630   -6.04882   -5.75138
   2641.07     65000   -5.10265   -6.40937   -6.47072   -6.48969   -5.83039
   2664.44     70000   -5.17543   -6.42673   -6.26439   -6.24253   -5.86851
   2687.81     75000   -5.23881   -6.29744   -6.15201   -6.13027   -5.88143
   2711.19     80000   -5.23266   -6.41253   -6.36646   -6.35761   -5.94393
   2734.57     85000   -5.29472   -6.65872   -6.63230   -6.63171   -6.01395
   2757.94     90000   -5.37187   -6.49556   -6.32641   -6.30297   -6.02822
   2781.31     95000   -5.38310   -6.47684   -6.36532   -6.34705   -6.06083
   2804.69    100000   -5.41179   -6.70122   -6.74961   -6.76385   -6.13911
   2828.06      5000   -5.48401   -6.75681   -6.60144   -6.58049   -6.18197
   2851.44     10000   -5.55773   -6.61291   -6.46329   -6.44120   -6.19328
   2874.81     15000   -5.54579   -6.70988   -6.65232   -6.64153   -6.25204
   2898.16     20000   -5.60351   -6.96826   -6.97291   -6.97923   -6.32498
   2921.52     25000   -5.67997   -6.82076   -6.65008   -6.62661   -6.34184
   2944.88     30000   -5.69842   -6.78394   -6.66613   -6.64714   -6.37057
   2968.24     35000   -5.72058   -6.99290   -7.02584   -7.03516   -6.44758
   2991.60     40000   -5.79304   -7.08640   -6.94084   -6.92113   -6.49522
   3014.95     45000   -5.87729   -6.92971   -6.77618   -6.75376   -6.50545
   3038.31     50000   -5.85787   -7.00853   -6.94047   -6.92801   -6.56027
   3061.67     55000   -5.91207   -7.27322   -7.30625   -7.31978   -6.63561
   3085.03     60000   -5.98675   -7.14718   -6.97563   -6.95220   -6.65557
   3108.38     65000   -6.01245   -7.09236   -6.96866   -6.94904   -6.68064
   3131.74     70000   -6.03084   -7.28486   -7.30156   -7.30631   -6.75586
   3155.10     75000   -6.10131   -7.41482   -7.28250   -7.26452   -6.80822
   3178.46     80000   -6.19007   -7.24783   -7.09066   -7.06796   -6.81792
   3201.81     85000   -6.17120   -7.30850   -7.23083   -7.21694   -6.86865
   3225.17     90000   -6.22131   -7.57406   -7.62905   -7.64872   -6.94582
   3248.53     95000   -6.29447   -7.47474   -7.30314   -7.27984   -6.96936
   3271.89    100000   -6.32757   -7.40209   -7.27289   -7.25269   -6.99103
   3295.24      5000   -6.34134   -7.57744   -7.57816   -7.57890   -7.06400
   3318.60     10000   -6.41141   -7.74132   -7.62624   -7.61059   -7.12092
   3341.96     15000   -6.49748   -7.56729   -7.40678   -7.38383   -7.13067
   3365.32     20000   -6.48470   -7.60980   -7.52331   -7.50819   -7.17723
   3388.67     25000   -6.52947   -7.87148   -7.93925   -7.96242   -7.25565
   3412.03     30000   -6.60237   -7.80330   -7.63270   -7.60964   -7.28316
   3435.39     35000   -6.64412   -7.71313   -7.57876   -7.55805   -7.30177
   3458.75     40000   -6.65303   -7.87088   -7.85644   -7.85375   -7.37205
   3482.11     45000   -6.72068   -8.06504   -7.97159   -7.95910   -7.43328
   3505.46     50000   -6.80365   -7.88808   -7.72455   -7.70140   -7.44367
   3528.82     55000   -6.79845   -7.91243   -7.81783   -7.80162   -7.48603
   3552.17     60000   -6.83803   -8.16632   -8.23697   -8.26026   -7.56510
   3575.53     65000   -6.90973   -8.13268   -7.96438   -7.94170   -7.59692
   3598.89     70000   -6.96128   -8.02548   -7.88625   -7.86508   -7.61283
   3622.24     75000   -6.96329   -8.16536   -8.13682   -8.13123   -7.68006
   3645.60     80000   -7.02982   -8.38520   -8.31770   -8.30939   -7.74527
   3668.96     85000   -7.11092   -8.21020   -8.04400   -8.02070   -7.75689
   3692.34     90000   -7.11205   -8.21639   -8.11429   -8.09714   -7.79508
   3715.72     95000   -7.14684   -8.45940   -8.52449   -8.54500   -7.87422
   3739.10    100000   -7.21892   -8.46262   -8.29828   -8.27616   -7.91059
   3762.48      5000   -7.27939   -8.33915   -8.19535   -8.17376   -7.92424
   3785.87     10000   -7.27537   -8.46100   -8.41948   -8.41145   -7.98808
   3809.25     15000   -7.33907   -8.70111   -8.66311   -8.66019   -8.05687
   3832.63     20000   -7.41647   -8.53363   -8.36519   -8.34178   -8.07032
   3856.02     25000   -7.42500   -8.52168   -8.41263   -8.39465   -8.10442
   3879.40     30000   -7.45532   -8.75147   -8.80510   -8.82119   -8.18303
   3902.47     35000   -7.52774   -8.79275   -8.63448   -8.61315   -8.22412
   3925.05     40000   -7.59759   -8.65413   -8.50604   -8.48408   -8.23597
   3947.63     45000   -7.58783   -8.75788   -8.70448   -8.69438   -8.29616
   3970.23     50000   -7.64717   -9.01240   -9.00556   -9.00921   -8.36806
   3992.80     55000   -7.72388   -8.85836   -8.68818   -8.66471   -8.38389
   4015.36     60000   -7.73963   -8.82829   -8.71278   -8.69405   -8.41405
   4037.63     65000   -7.76423   -9.04316   -9.08203   -9.09317   -8.49159
   4059.61     70000   -7.83747   -9.12259   -8.97300   -8.95278   -8.53745
   4081.90     75000   -7.91697   -8.97043   -8.81833   -8.79603   -8.54803
   4103.69     80000   -7.90051   -9.05604   -8.99179   -8.97992   -8.60434
   4125.46     85000   -7.95622   -9.31903   -9.34202   -9.35290   -8.67884
MyID= 0: Time=  0.1,has convergenced
     1684630 iterations for the convertgence of psi
 MyID=           0 has finish
