 START-UP FOR CHUNK...
     23.43      5000   -0.55526   -2.00558   -1.88372   -1.80056   -1.28102
     46.76     10000   -0.66180   -2.17632   -1.74128   -1.81338   -1.45432
     70.10     15000   -0.61586   -2.26660   -1.63578   -1.68557   -1.43895
     93.43     20000   -0.51964   -2.07003   -1.52745   -1.52322   -1.35024
    116.77     25000   -0.44630   -1.66786   -1.46306   -1.44711   -1.25146
    140.10     30000   -0.40617   -1.66585   -1.58535   -1.57396   -1.20179
    163.44     35000   -0.44774   -1.94992   -1.83730   -1.96957   -1.32033
    186.77     40000   -0.63869   -1.90352   -1.81901   -1.80162   -1.43027
    210.11     45000   -0.83922   -1.92958   -1.79475   -1.81754   -1.52336
    233.44     50000   -0.92289   -2.20065   -2.10666   -2.07416   -1.64619
    256.77     55000   -1.00404   -2.39374   -2.40257   -2.40945   -1.76999
    280.12     60000   -1.09726   -2.31527   -2.09569   -2.11145   -1.80098
    303.46     65000   -1.13577   -2.16063   -2.03595   -2.00611   -1.77781
    326.79     70000   -1.10550   -2.28541   -2.22205   -2.17269   -1.80657
    350.12     75000   -1.15479   -2.55027   -2.62296   -2.52051   -1.89773
    373.47     80000   -1.27808   -2.38870   -2.32332   -2.28028   -1.95837
    396.80     85000   -1.38150   -2.37986   -2.26794   -2.25996   -1.99360
    420.14     90000   -1.39243   -2.60733   -2.52773   -2.50682   -2.06960
    443.47     95000   -1.46071   -2.79937   -2.90041   -2.83679   -2.17382
    466.81    100000   -1.56738   -2.65560   -2.51369   -2.52257   -2.21922
 ITERATION...
    490.14      5000   -1.59338   -2.62141   -2.49075   -2.47421   -2.22406
    513.48     10000   -1.59370   -2.81793   -2.75989   -2.69769   -2.27810
    536.82     15000   -1.65962   -3.04512   -3.08738   -3.01776   -2.37327
    560.16     20000   -1.77664   -2.84344   -2.73621   -2.71059   -2.42354
    583.50     25000   -1.80799   -2.85285   -2.73900   -2.71615   -2.45040
    606.83     30000   -1.83974   -3.10375   -3.05198   -3.01003   -2.52405
    630.17     35000   -1.91620   -3.23242   -3.25493   -3.20454   -2.62036
    653.51     40000   -2.02192   -3.05617   -2.93380   -2.92939   -2.65797
    676.85     45000   -2.02354   -3.08787   -2.96442   -2.94941   -2.67623
    700.18     50000   -2.05465   -3.34495   -3.31874   -3.25154   -2.74733
    723.51     55000   -2.13822   -3.44684   -3.41632   -3.39006   -2.83975
    746.82     60000   -2.24648   -3.27536   -3.15244   -3.13764   -2.87567
    770.13     65000   -2.24674   -3.33084   -3.21876   -3.19177   -2.90475
    793.44     70000   -2.28915   -3.62351   -3.62342   -3.55071   -2.98595
    816.74     75000   -2.38177   -3.64164   -3.58660   -3.55787   -3.07466
    840.05     80000   -2.48067   -3.48600   -3.36432   -3.35192   -3.10210
    863.36     85000   -2.46752   -3.56725   -3.45529   -3.43442   -3.13174
    886.69     90000   -2.51182   -3.86840   -3.90637   -3.81846   -3.21528
    910.02     95000   -2.61267   -3.83412   -3.76054   -3.74554   -3.29904
    933.35    100000   -2.70979   -3.71081   -3.58496   -3.57276   -3.32389
    956.68      5000   -2.69308   -3.81709   -3.71293   -3.68397   -3.36126
    980.02     10000   -2.74266   -4.13635   -4.21251   -4.10632   -3.45070
   1003.35     15000   -2.85088   -4.03702   -3.94162   -3.92580   -3.52828
   1026.69     20000   -2.94045   -3.93061   -3.80645   -3.79095   -3.54849
   1050.03     25000   -2.91787   -4.06104   -3.96269   -3.93345   -3.59031
   1073.37     30000   -2.97102   -4.37531   -4.48523   -4.36808   -3.68230
   1096.71     35000   -3.08422   -4.23130   -4.13149   -4.11865   -3.75312
   1120.05     40000   -3.16060   -4.15772   -4.03275   -4.01878   -3.77207
   1143.38     45000   -3.14661   -4.31530   -4.22587   -4.19214   -3.82090
   1166.72     50000   -3.20462   -4.61559   -4.72746   -4.61840   -3.91588
   1190.06     55000   -3.31868   -4.43669   -4.32302   -4.31192   -3.97927
   1213.39     60000   -3.37070   -4.38553   -4.26103   -4.24397   -3.99693
   1236.72     65000   -3.37288   -4.56793   -4.48875   -4.44968   -4.05172
   1260.06     70000   -3.43603   -4.83826   -4.92698   -4.83337   -4.14768
   1283.39     75000   -3.55093   -4.63970   -4.52438   -4.51230   -4.20340
   1306.73     80000   -3.58458   -4.61681   -4.49427   -4.47710   -4.22192
   1330.07     85000   -3.60153   -4.82669   -4.76158   -4.71793   -4.28345
   1353.40     90000   -3.67027   -5.04779   -5.09037   -5.02719   -4.37966
   1376.74     95000   -3.78323   -4.84810   -4.72586   -4.71531   -4.42780
   1400.08    100000   -3.80076   -4.85062   -4.72888   -4.70974   -4.44785
   1423.41      5000   -3.82803   -5.08610   -5.03818   -4.98546   -4.51558
   1446.76     10000   -3.90475   -5.25192   -5.25261   -5.20682   -4.61039
   1470.10     15000   -4.01448   -5.05905   -4.93560   -4.92362   -4.65126
   1493.44     20000   -4.02031   -5.08743   -4.96922   -4.94848   -4.67430
   1516.78     25000   -4.05540   -5.34888   -5.32456   -5.26333   -4.74823
   1540.12     30000   -4.14050   -5.44664   -5.41132   -5.38060   -4.84056
   1563.45     35000   -4.24617   -5.27231   -5.14600   -5.13440   -4.87487
   1586.79     40000   -4.24203   -5.32667   -5.21083   -5.18840   -4.90165
   1610.12     45000   -4.28288   -5.61081   -5.61574   -5.54068   -4.98117
   1633.45     50000   -4.37621   -5.64228   -5.58088   -5.55816   -5.06955
   1656.79     55000   -4.47647   -5.48962   -5.36274   -5.35006   -5.09815
   1680.12     60000   -4.46511   -5.56944   -5.45856   -5.43364   -5.12965
   1703.45     65000   -4.51093   -5.87269   -5.91446   -5.82435   -5.21432
   1726.78     70000   -4.61218   -5.83611   -5.75461   -5.73724   -5.29770
   1750.12     75000   -4.70785   -5.70864   -5.58097   -5.56775   -5.32173
   1773.45     80000   -4.68974   -5.81443   -5.70826   -5.68100   -5.35854
   1796.78     85000   -4.73888   -6.12828   -6.20937   -6.10159   -5.44749
   1820.12     90000   -4.84756   -6.03267   -5.93779   -5.92345   -5.52473
   1843.45     95000   -4.93760   -5.93155   -5.80424   -5.79008   -5.54540
   1866.80    100000   -4.91565   -6.06330   -5.96434   -5.93378   -5.58810
   1890.14      5000   -4.96932   -6.37691   -6.48764   -6.37011   -5.68055
   1913.47     10000   -5.08270   -6.23111   -6.12535   -6.11285   -5.75095
   1936.81     15000   -5.15699   -6.15645   -6.02953   -6.01434   -5.76958
   1960.16     20000   -5.14376   -6.31447   -6.22360   -6.18934   -5.81848
   1983.49     25000   -5.20195   -6.61252   -6.72688   -6.61385   -5.91329
   2006.83     30000   -5.31584   -6.43276   -6.32025   -6.30861   -5.97622
   2030.17     35000   -5.36739   -6.38480   -6.25923   -6.24295   -5.99413
   2053.51     40000   -5.37055   -6.56942   -6.48979   -6.45082   -6.04948
   2076.85     45000   -5.43398   -6.83543   -6.91965   -6.83025   -6.14557
   2100.18     50000   -5.54889   -6.63724   -6.51887   -6.50773   -6.20088
   2123.52     55000   -5.58124   -6.61548   -6.49130   -6.47368   -6.21937
   2146.85     60000   -5.59882   -6.82668   -6.76071   -6.71574   -6.28117
   2170.19     65000   -5.66782   -7.04587   -7.08702   -7.02222   -6.37721
   2193.53     70000   -5.78079   -6.84506   -6.72333   -6.71208   -6.42489
   2216.87     75000   -5.79781   -6.84937   -6.72760   -6.70855   -6.44519
   2240.20     80000   -5.82560   -7.08704   -7.03956   -6.98705   -6.51334
   2263.54     85000   -5.90282   -7.24719   -7.24442   -7.20073   -6.60809
   2286.88     90000   -6.01235   -7.05572   -6.93100   -6.91960   -6.64859
   2310.21     95000   -6.01728   -7.08580   -6.96661   -6.94586   -6.67179
   2333.55    100000   -6.05284   -7.34875   -7.32461   -7.26200   -6.74600
   2356.88      5000   -6.13837   -7.44357   -7.40672   -7.37591   -6.83807
   2380.22     10000   -6.24368   -7.26968   -7.14349   -7.13154   -6.87201
   2403.55     15000   -6.23935   -7.32544   -7.20995   -7.18729   -6.89908
   2426.90     20000   -6.28028   -7.61135   -7.61781   -7.54243   -6.97895
   2450.23     25000   -6.37429   -7.63763   -7.57416   -7.55203   -7.06710
   2473.56     30000   -6.47415   -7.48635   -7.35895   -7.34644   -7.09543
   2496.89     35000   -6.46228   -7.56777   -7.45648   -7.43159   -7.12721
   2520.22     40000   -6.50851   -7.87188   -7.91514   -7.82358   -7.21210
   2543.55     45000   -6.61007   -7.83231   -7.75016   -7.73289   -7.29511
   2566.88     50000   -6.70525   -7.70618   -7.57857   -7.56524   -7.31891
   2590.21     55000   -6.68716   -7.81339   -7.70773   -7.68021   -7.35606
   2613.54     60000   -6.73641   -8.12790   -8.21071   -8.10261   -7.44527
   2636.88     65000   -6.84560   -8.02843   -7.93222   -7.91809   -7.52217
   2660.20     70000   -6.93536   -7.92865   -7.80106   -7.78687   -7.54269
   2683.53     75000   -6.91308   -8.06186   -7.96291   -7.93223   -7.58572
   2706.86     80000   -6.96704   -8.37502   -8.48695   -8.36845   -7.67830
   2730.20     85000   -7.08041   -8.22729   -8.12133   -8.10884   -7.74826
   2753.53     90000   -7.15340   -8.15415   -8.02735   -8.01212   -7.76682
   2776.86     95000   -7.14108   -8.31366   -8.22350   -8.18899   -7.81609
   2800.19    100000   -7.19975   -8.61037   -8.72298   -8.61180   -7.91102
   2823.53      5000   -7.31358   -8.42887   -8.31552   -8.30399   -7.97356
   2846.86     10000   -7.36398   -8.38230   -8.25655   -8.24018   -7.99148
   2870.20     15000   -7.36807   -8.56834   -8.48909   -8.44981   -8.04717
   2893.54     20000   -7.43170   -8.83224   -8.91500   -8.82615   -8.14327
   2916.88     25000   -7.54644   -8.63368   -8.51528   -8.50407   -8.19812
   2940.22     30000   -7.57801   -8.61341   -8.48941   -8.47174   -8.21669
   2963.55     35000   -7.59613   -8.82613   -8.76121   -8.71592   -8.27885
   2986.89     40000   -7.66561   -9.04207   -9.07991   -9.01708   -8.37488
   3010.22     45000   -7.77864   -8.84147   -8.71925   -8.70806   -8.42217
   3033.55     50000   -7.79474   -8.84722   -8.72536   -8.70621   -8.44260
   3056.88     55000   -7.82312   -9.08628   -9.03970   -8.98662   -8.51109
   3080.21     60000   -7.90075   -9.24312   -9.23869   -9.19547   -8.60570
MyID= 0: Time=  0.1,has convergenced
     1683977 iterations for the convertgence of psi
 MyID=           0 has finish
