 START-UP FOR CHUNK...
     23.51      5000   -0.59322   -2.02829   -2.02813   -1.97221   -1.28642
     46.95     10000   -0.74572   -2.14844   -1.90754   -1.97670   -1.49790
     70.39     15000   -0.73578   -2.26149   -1.79812   -1.83669   -1.53051
     93.83     20000   -0.64942   -2.30313   -1.65116   -1.65146   -1.45455
    117.27     25000   -0.53944   -1.83794   -1.50976   -1.49899   -1.33096
    140.71     30000   -0.46387   -1.60003   -1.45973   -1.46308   -1.21955
    164.15     35000   -0.43006   -1.77906   -1.71565   -1.68042   -1.21648
    187.59     40000   -0.52362   -1.91724   -1.88657   -2.03567   -1.33211
    211.04     45000   -0.68462   -1.85342   -1.73332   -1.72530   -1.40941
    234.49     50000   -0.84252   -1.97344   -1.85720   -1.82376   -1.52169
    257.93     55000   -0.93172   -2.25367   -2.31796   -2.26132   -1.65189
    281.38     60000   -1.01105   -2.29652   -2.18459   -2.18741   -1.72035
    304.83     65000   -1.04541   -2.09739   -1.95037   -1.93484   -1.69333
    328.27     70000   -1.01499   -2.09656   -2.00615   -1.97741   -1.68410
    351.71     75000   -1.02710   -2.32178   -2.42721   -2.35666   -1.74707
    375.14     80000   -1.11876   -2.32570   -2.27786   -2.25074   -1.81420
    398.58     85000   -1.22856   -2.25351   -2.12795   -2.11092   -1.84832
    422.02     90000   -1.24880   -2.40738   -2.32296   -2.29182   -1.92054
    445.47     95000   -1.30999   -2.65902   -2.84116   -2.78514   -2.01942
    468.91    100000   -1.39166   -2.52805   -2.39830   -2.38931   -2.05734
 ITERATION...
    492.35      5000   -1.42045   -2.45741   -2.33063   -2.30778   -2.05488
    515.78     10000   -1.41251   -2.61938   -2.57982   -2.53710   -2.10403
    539.23     15000   -1.47632   -2.80373   -2.88316   -2.85257   -2.18783
    562.67     20000   -1.57492   -2.65104   -2.53199   -2.51231   -2.22463
    586.11     25000   -1.60220   -2.68799   -2.56935   -2.54614   -2.26006
    609.55     30000   -1.63881   -2.93812   -2.97561   -2.92513   -2.34477
    632.99     35000   -1.72557   -2.97058   -2.91834   -2.90726   -2.41822
    656.42     40000   -1.80127   -2.83476   -2.70214   -2.68565   -2.42946
    679.86     45000   -1.78841   -2.91538   -2.81979   -2.79030   -2.46189
    703.31     50000   -1.82881   -3.18269   -3.32761   -3.26400   -2.54579
    726.75     55000   -1.92451   -3.09119   -2.99392   -2.97831   -2.60323
    750.20     60000   -1.99475   -3.02464   -2.89797   -2.87615   -2.62208
    773.65     65000   -1.99647   -3.18975   -3.12557   -3.09148   -2.68271
    797.09     70000   -2.05979   -3.41126   -3.51711   -3.48123   -2.77147
    820.53     75000   -2.14807   -3.24294   -3.12059   -3.10522   -2.80531
    843.97     80000   -2.16906   -3.23697   -3.11849   -3.09533   -2.82320
    867.41     85000   -2.19069   -3.45723   -3.46078   -3.41694   -2.89413
    890.86     90000   -2.27205   -3.55374   -3.53260   -3.51777   -2.97310
    914.29     95000   -2.36051   -3.40586   -3.27657   -3.25850   -2.99531
    937.74    100000   -2.36256   -3.47450   -3.37110   -3.34357   -3.03138
    961.18      5000   -2.40365   -3.74320   -3.85788   -3.79706   -3.11702
    984.62     10000   -2.49502   -3.68873   -3.59765   -3.58390   -3.17853
   1008.06     15000   -2.57408   -3.59377   -3.46468   -3.44430   -3.19186
   1031.50     20000   -2.55965   -3.72770   -3.65353   -3.62135   -3.24196
   1054.94     25000   -2.61486   -3.97451   -4.11948   -4.07508   -3.33017
   1078.38     30000   -2.70829   -3.82501   -3.70664   -3.69151   -3.37240
   1101.82     35000   -2.74388   -3.80126   -3.67782   -3.65506   -3.39121
   1125.26     40000   -2.76125   -4.00461   -3.98310   -3.94202   -3.46003
   1148.71     45000   -2.83797   -4.14575   -4.15779   -4.14028   -3.54274
   1172.15     50000   -2.92454   -3.98549   -3.85591   -3.83875   -3.56692
   1195.60     55000   -2.93083   -4.02929   -3.91939   -3.89314   -3.59593
   1219.04     60000   -2.96536   -4.28526   -4.36186   -4.30682   -3.67740
   1242.48     65000   -3.05686   -4.27611   -4.20168   -4.18824   -3.74533
   1265.92     70000   -3.14111   -4.16447   -4.03350   -4.01402   -3.76098
   1289.35     75000   -3.12929   -4.27902   -4.19223   -4.16169   -3.80700
   1312.79     80000   -3.17885   -4.54055   -4.70428   -4.64638   -3.89544
   1336.24     85000   -3.27315   -4.41151   -4.29948   -4.28513   -3.94333
   1359.69     90000   -3.32001   -4.36550   -4.23927   -4.21737   -3.95907
   1383.13     95000   -3.32869   -4.54794   -4.50520   -4.46750   -4.02203
   1406.58    100000   -3.39891   -4.72851   -4.78265   -4.76007   -4.10761
   1430.02      5000   -3.48836   -4.56329   -4.43635   -4.41985   -4.13697
   1453.46     10000   -3.50109   -4.58688   -4.47144   -4.44646   -4.16234
   1476.90     15000   -3.53123   -4.82999   -4.86961   -4.81924   -4.24054
   1500.34     20000   -3.61943   -4.86685   -4.81354   -4.79972   -4.31378
   1523.80     25000   -3.70461   -4.73675   -4.60605   -4.58739   -4.33089
   1547.25     30000   -3.69671   -4.82940   -4.73397   -4.70508   -4.37115
   1570.70     35000   -3.74184   -5.09763   -5.24998   -5.18799   -4.45833
   1594.15     40000   -3.83564   -4.99786   -4.89467   -4.88076   -4.51277
   1617.59     45000   -3.89780   -4.93083   -4.80281   -4.78170   -4.52753
   1641.02     50000   -3.89723   -5.09262   -5.03301   -4.99797   -4.58534
   1664.46     55000   -3.96066   -5.30822   -5.40821   -5.37639   -4.67288
   1687.91     60000   -4.05102   -5.14430   -5.02094   -5.00510   -4.70748
   1711.36     65000   -4.07374   -5.14594   -5.02678   -5.00287   -4.72898
   1734.80     70000   -4.09868   -5.37202   -5.38054   -5.33519   -4.80286
   1758.24     75000   -4.18149   -5.45676   -5.42940   -5.41469   -4.88092
   1781.68     80000   -4.26720   -5.31087   -5.18065   -5.16267   -4.90094
   1805.11     85000   -4.26628   -5.38186   -5.27909   -5.25156   -4.93615
   1828.56     90000   -4.30700   -5.64876   -5.77079   -5.70965   -5.02135
   1852.00     95000   -4.39943   -5.58686   -5.49503   -5.48144   -5.08205
   1875.44    100000   -4.47681   -5.49873   -5.36940   -5.34907   -5.09645
   1898.89      5000   -4.46544   -5.63887   -5.56583   -5.53308   -5.14871
   1922.33     10000   -4.52229   -5.88100   -6.02080   -5.97752   -5.23720
   1945.77     15000   -4.61515   -5.72727   -5.60823   -5.59304   -5.27775
   1969.21     20000   -4.64747   -5.70723   -5.58461   -5.56162   -5.29628
   1992.64     25000   -4.66561   -5.91428   -5.89669   -5.85517   -5.36548
   2016.09     30000   -4.74368   -6.04543   -6.05147   -6.03428   -5.44750
   2039.52     35000   -4.83039   -5.88748   -5.75842   -5.74113   -5.47123
   2062.97     40000   -4.83566   -5.93670   -5.82777   -5.80150   -5.50160
   2086.41     45000   -4.87153   -6.19550   -6.27939   -6.22301   -5.58398
   2109.86     50000   -4.96341   -6.17679   -6.09959   -6.08620   -5.65072
   2133.30     55000   -5.04713   -6.06863   -5.93829   -5.91872   -5.66582
   2156.74     60000   -5.03411   -6.18713   -6.10275   -6.07187   -5.71259
   2180.18     65000   -5.08452   -6.44670   -6.60859   -6.55317   -5.80105
   2203.62     70000   -5.17905   -6.31239   -6.19941   -6.18481   -5.84783
   2227.07     75000   -5.22347   -6.27072   -6.14533   -6.12323   -5.86410
   2250.51     80000   -5.23420   -6.45748   -6.41851   -6.38032   -5.92823
   2273.94     85000   -5.30513   -6.63080   -6.67695   -6.65528   -6.01334
   2297.39     90000   -5.39402   -6.46601   -6.33887   -6.32226   -6.04164
   2320.83     95000   -5.40552   -6.49354   -6.37938   -6.35423   -6.06765
   2344.27    100000   -5.43653   -6.73941   -6.78609   -6.73491   -6.14651
   2367.71      5000   -5.52563   -6.76744   -6.70960   -6.69597   -6.21879
   2391.15     10000   -5.61102   -6.64063   -6.50998   -6.49114   -6.23554
   2414.59     15000   -5.60164   -6.73743   -6.64376   -6.61453   -6.27690
   2438.03     20000   -5.64788   -7.00522   -7.16173   -7.09993   -6.36440
   2461.48     25000   -5.74154   -6.89926   -6.79428   -6.78022   -6.41758
   2484.94     30000   -5.80098   -6.83615   -6.70858   -6.68731   -6.43245
   2508.40     35000   -5.80196   -7.00188   -6.94544   -6.90997   -6.49126
   2531.85     40000   -5.86670   -7.21140   -7.30257   -7.27295   -6.57850
   2555.31     45000   -5.95693   -7.04667   -6.92251   -6.90655   -6.61205
   2578.77     50000   -5.97767   -7.05248   -6.93402   -6.90991   -6.63425
   2602.23     55000   -6.00362   -7.28197   -7.29616   -7.24985   -6.70900
   2625.69     60000   -6.08802   -7.35778   -7.32489   -7.31042   -6.78619
   2649.15     65000   -6.17307   -7.21464   -7.08426   -7.06614   -6.80558
   2672.61     70000   -6.17107   -7.28973   -7.18832   -7.16052   -6.84174
   2696.06     75000   -6.21238   -7.55745   -7.68631   -7.62467   -6.92738
   2719.52     80000   -6.30555   -7.48780   -7.39348   -7.37983   -6.98690
   2742.98     85000   -6.37964   -7.40366   -7.27450   -7.25402   -7.00129
   2766.43     90000   -6.37041   -7.54795   -7.47728   -7.44410   -7.05462
   2789.89     95000   -6.42843   -7.78569   -7.91888   -7.87789   -7.14301
   2813.35    100000   -6.52132   -7.62934   -7.50933   -7.49402   -7.18238
   2836.80      5000   -6.55123   -7.61345   -7.49142   -7.46826   -7.20142
   2860.26     10000   -6.57077   -7.82427   -7.81130   -7.76910   -7.27156
   2883.72     15000   -6.64963   -7.94675   -7.94572   -7.92917   -7.35288
   2907.18     20000   -6.73661   -7.79074   -7.66136   -7.64393   -7.37584
   2930.63     25000   -6.74039   -7.84413   -7.73627   -7.70976   -7.40710
   2954.08     30000   -6.77725   -8.10492   -8.19620   -8.13879   -7.49008
   2977.53     35000   -6.86906   -8.07759   -7.99726   -7.98384   -7.55569
   3000.99     40000   -6.95321   -7.97318   -7.84298   -7.82327   -7.57057
   3024.44     45000   -6.93903   -8.09585   -8.01347   -7.98225   -7.61840
   3047.90     50000   -6.99064   -8.35279   -8.51241   -8.45908   -7.70694
   3071.36     55000   -7.08467   -8.21402   -8.09971   -8.08500   -7.75251
   3094.82     60000   -7.12704   -8.17648   -8.05157   -8.02930   -7.76914
   3118.28     65000   -7.13925   -8.36722   -8.33201   -8.29322   -7.83427
   3141.74     70000   -7.21123   -8.53285   -8.57082   -8.55022   -7.91886
   3165.20     75000   -7.29970   -8.36890   -8.24131   -8.22456   -7.94622
   3188.66     80000   -7.31011   -8.40058   -8.28735   -8.26199   -7.97303
   3212.12     85000   -7.34208   -8.64925   -8.70277   -8.65061   -8.05262
   3235.58     90000   -7.43205   -8.66813   -8.60614   -8.59261   -8.12388
   3259.04     95000   -7.51700   -8.54476   -8.41411   -8.39513   -8.14024
   3282.49    100000   -7.50664   -8.64573   -8.55370   -8.52417   -8.18262
   3305.93      5000   -7.55392   -8.91262   -9.07222   -9.01107   -8.27038
   3329.37     10000   -7.64748   -8.80056   -8.69386   -8.67970   -8.32233
   3352.81     15000   -7.70396   -8.74155   -8.61434   -8.59292   -8.33740
   3376.26     20000   -7.70684   -8.91135   -8.85800   -8.82204   -8.39724
   3399.66     25000   -7.77289   -9.11447   -9.19689   -9.16910   -8.48415
   3423.08     30000   -7.86298   -8.94913   -8.82430   -8.80822   -8.51665
   3446.49     35000   -7.88170   -8.95911   -8.84141   -8.81711   -8.53953
   3469.90     40000   -7.90863   -9.19196   -9.21196   -9.16477   -8.61511
   3493.31     45000   -7.99409   -9.25861   -9.22044   -9.20619   -8.69141
MyID= 0: Time=  0.1,has convergenced
     1686412 iterations for the convertgence of psi
 MyID=           0 has finish
