 START-UP FOR CHUNK...
     23.52      5000   -0.55209   -2.00435   -1.87257   -1.79155   -1.27948
     46.95     10000   -0.65664   -2.18302   -1.73052   -1.80473   -1.45066
     70.38     15000   -0.60918   -2.25507   -1.62799   -1.67640   -1.43350
     93.82     20000   -0.51276   -2.06007   -1.52296   -1.51600   -1.34510
    117.25     25000   -0.44097   -1.66148   -1.46090   -1.44587   -1.24801
    140.68     30000   -0.40464   -1.67200   -1.59136   -1.58124   -1.20200
    164.11     35000   -0.44944   -1.94471   -1.83400   -1.96650   -1.32386
    187.54     40000   -0.64277   -1.90410   -1.81649   -1.80199   -1.43347
    210.97     45000   -0.84398   -1.93775   -1.79923   -1.82263   -1.52741
    234.40     50000   -0.92526   -2.21364   -2.11774   -2.08036   -1.65026
    257.83     55000   -1.00608   -2.40420   -2.39893   -2.40602   -1.77395
    281.26     60000   -1.10047   -2.31959   -2.10014   -2.11243   -1.80513
    304.69     65000   -1.14076   -2.16538   -2.04282   -2.01086   -1.78333
    328.12     70000   -1.11112   -2.29238   -2.22729   -2.18083   -1.81305
    351.55     75000   -1.16025   -2.55503   -2.62813   -2.52150   -1.90489
    374.98     80000   -1.28494   -2.39286   -2.33195   -2.29045   -1.96637
    398.41     85000   -1.39146   -2.38752   -2.27431   -2.26942   -2.00161
    421.84     90000   -1.39864   -2.61581   -2.53130   -2.50940   -2.07675
    445.27     95000   -1.46685   -2.81754   -2.91324   -2.84747   -2.18162
    468.70    100000   -1.57586   -2.67091   -2.52754   -2.53633   -2.22965
 ITERATION...
    492.13      5000   -1.60763   -2.62990   -2.50088   -2.48222   -2.23501
    515.56     10000   -1.60452   -2.82298   -2.75909   -2.69843   -2.28784
    538.99     15000   -1.66933   -3.06777   -3.11692   -3.03294   -2.38347
    562.42     20000   -1.78812   -2.85612   -2.75591   -2.72879   -2.43647
    585.85     25000   -1.82395   -2.85882   -2.74677   -2.72685   -2.46268
    609.28     30000   -1.85207   -3.10421   -3.04248   -3.00546   -2.53404
    632.71     35000   -1.92590   -3.25869   -3.29223   -3.23681   -2.63182
    656.14     40000   -2.03571   -3.07660   -2.95442   -2.95206   -2.67370
    679.57     45000   -2.04153   -3.09608   -2.97317   -2.95805   -2.69097
    703.00     50000   -2.06975   -3.34425   -3.30362   -3.23969   -2.75924
    726.43     55000   -2.14910   -3.48842   -3.46698   -3.43038   -2.85367
    749.86     60000   -2.26095   -3.29654   -3.17804   -3.16149   -2.89378
    773.29     65000   -2.26595   -3.33541   -3.22511   -3.19992   -2.92064
    796.72     70000   -2.30557   -3.61598   -3.59488   -3.53333   -2.99846
    820.15     75000   -2.39326   -3.68152   -3.64151   -3.60674   -3.09067
    843.58     80000   -2.49754   -3.50954   -3.38913   -3.37876   -3.12296
    867.01     85000   -2.48897   -3.57236   -3.45887   -3.44006   -3.14942
    890.43     90000   -2.53041   -3.86249   -3.87003   -3.79263   -3.22931
    913.87     95000   -2.62523   -3.88544   -3.82089   -3.80189   -3.31782
    937.29    100000   -2.72712   -3.73676   -3.61238   -3.59980   -3.34702
    960.73      5000   -2.71577   -3.81918   -3.71337   -3.68609   -3.37997
    984.16     10000   -2.76287   -4.13103   -4.16968   -4.07878   -3.46578
   1007.59     15000   -2.86474   -4.08886   -4.00466   -3.98447   -3.54985
   1031.02     20000   -2.96124   -3.95596   -3.83259   -3.81857   -3.57407
   1054.45     25000   -2.94173   -4.06078   -3.95694   -3.93161   -3.61030
   1077.88     30000   -2.99124   -4.37639   -4.44984   -4.34482   -3.69894
   1101.31     35000   -3.09954   -4.28762   -4.19633   -4.18208   -3.77775
   1124.74     40000   -3.19150   -4.18438   -4.05894   -4.04605   -3.79963
   1148.17     45000   -3.17007   -4.31199   -4.21455   -4.18419   -3.84172
   1171.60     50000   -3.22344   -4.63179   -4.73127   -4.61575   -3.93411
   1195.03     55000   -3.33698   -4.49492   -4.38864   -4.37549   -4.00710
   1218.47     60000   -3.41878   -4.41040   -4.28526   -4.26963   -4.02650
   1241.90     65000   -3.39976   -4.55995   -4.46791   -4.43508   -4.07347
   1265.33     70000   -3.45659   -4.86879   -4.98119   -4.86191   -4.16786
   1288.76     75000   -3.57155   -4.69857   -4.59038   -4.57783   -4.23443
   1312.19     80000   -3.63236   -4.64080   -4.51636   -4.50135   -4.25305
   1335.62     85000   -3.62886   -4.81456   -4.73104   -4.69467   -4.30584
   1359.05     90000   -3.69121   -5.10038   -5.19449   -5.09419   -4.40204
   1382.48     95000   -3.80622   -4.90809   -4.79089   -4.78007   -4.46208
   1405.91    100000   -3.84855   -4.87197   -4.74765   -4.73060   -4.48048
   1429.34      5000   -3.85889   -5.06840   -4.99409   -4.95220   -4.53873
   1452.77     10000   -3.92439   -5.32144   -5.38604   -5.30233   -4.63538
   1476.20     15000   -4.03997   -5.11823   -5.00001   -4.98823   -4.68863
   1499.63     20000   -4.06703   -5.10584   -4.98391   -4.96624   -4.70803
   1523.06     25000   -4.08836   -5.32650   -5.26550   -5.21895   -4.77201
   1546.49     30000   -4.15995   -5.53153   -5.55498   -5.49658   -4.86846
   1569.92     35000   -4.27425   -5.33101   -5.20811   -5.19739   -4.91523
   1593.35     40000   -4.28753   -5.34129   -5.22022   -5.20108   -4.93636
   1616.78     45000   -4.31764   -5.58470   -5.53894   -5.48418   -5.00576
   1640.21     50000   -4.39610   -5.73839   -5.72827   -5.68400   -5.10075
   1663.64     55000   -4.50669   -5.54675   -5.42311   -5.41138   -5.14122
   1687.07     60000   -4.51039   -5.57943   -5.46172   -5.44106   -5.16502
   1710.50     65000   -4.54690   -5.84559   -5.82084   -5.75797   -5.23976
   1733.93     70000   -4.63270   -5.93873   -5.89838   -5.86710   -5.33249
   1757.36     75000   -4.73980   -5.76379   -5.63794   -5.62639   -5.36731
   1780.79     80000   -4.73484   -5.81909   -5.70352   -5.68135   -5.39444
   1804.22     85000   -4.77674   -6.10536   -6.10521   -6.03028   -5.47406
   1827.65     90000   -4.86940   -6.13977   -6.07811   -6.05382   -5.56338
   1851.08     95000   -4.97195   -5.98426   -5.85816   -5.84578   -5.59314
   1874.51    100000   -4.96095   -6.06179   -5.95053   -5.92627   -5.62428
   1897.94      5000   -5.00604   -6.36546   -6.39626   -6.30827   -5.70847
   1921.37     10000   -5.10641   -6.33941   -6.25973   -6.24095   -5.79362
   1944.81     15000   -5.20428   -6.20588   -6.07894   -6.06613   -5.81921
   1968.24     20000   -5.18709   -6.30596   -6.19847   -6.17216   -5.85486
   1991.67     25000   -5.23647   -6.62105   -6.68491   -6.58119   -5.94296
   2015.10     30000   -5.34308   -6.54118   -6.44961   -6.43384   -6.02300
   2038.53     35000   -5.43572   -6.43065   -6.30409   -6.29049   -6.04528
   2061.96     40000   -5.41487   -6.55332   -6.45165   -6.42265   -6.08590
   2085.38     45000   -5.46707   -6.87230   -6.96616   -6.85073   -6.17738
   2108.82     50000   -5.57980   -6.74408   -6.64205   -6.62859   -6.25175
   2132.25     55000   -5.66746   -6.65681   -6.53029   -6.51590   -6.27174
   2155.68     60000   -5.64423   -6.80228   -6.70662   -6.67463   -6.31763
   2179.11     65000   -5.70037   -7.11437   -7.22404   -7.10423   -6.41165
   2202.54     70000   -5.81514   -6.94959   -6.84102   -6.82865   -6.47973
   2225.97     75000   -5.88062   -6.88577   -6.76029   -6.74499   -6.49841
   2249.40     80000   -5.87376   -7.05437   -6.96705   -6.93142   -6.54981
   2272.83     85000   -5.93461   -7.34714   -7.44719   -7.33981   -6.64563
   2296.26     90000   -6.04970   -7.15702   -7.04239   -7.03092   -6.70719
   2319.69     95000   -6.09611   -7.11633   -6.99166   -6.97532   -6.72558
   2343.12    100000   -6.10323   -7.30815   -7.23028   -7.19019   -6.78258
   2366.55      5000   -6.16799   -7.56921   -7.64107   -7.55341   -6.87922
   2389.98     10000   -6.28408   -7.36720   -7.24896   -7.23769   -6.93405
   2413.41     15000   -6.31416   -7.34949   -7.22656   -7.20909   -6.95312
   2436.84     20000   -6.33348   -7.56477   -7.49951   -7.45404   -7.01576
   2460.27     25000   -6.40333   -7.78223   -7.81496   -7.75067   -7.11233
   2483.71     30000   -6.51749   -7.57942   -7.45775   -7.44664   -7.16058
   2507.17     35000   -6.53407   -7.58442   -7.46311   -7.44435   -7.18124
   2530.62     40000   -6.56213   -7.82280   -7.77262   -7.72026   -7.24940
   2554.08     45000   -6.63894   -7.98863   -7.98598   -7.93878   -7.34483
   2577.54     50000   -6.75048   -7.79434   -7.67079   -7.65943   -7.38674
   2600.99     55000   -6.75658   -7.82187   -7.70312   -7.68292   -7.40983
   2624.45     60000   -6.79167   -8.08280   -8.05232   -7.99152   -7.48333
   2647.91     65000   -6.87545   -8.19064   -8.15685   -8.12294   -7.57668
   2671.36     70000   -6.98384   -8.01128   -7.88594   -7.87432   -7.61278
   2694.82     75000   -6.98046   -8.06122   -7.94510   -7.92328   -7.63906
   2718.27     80000   -7.02177   -8.34300   -8.33641   -8.26472   -7.71757
   2741.73     85000   -7.11231   -8.39105   -8.33402   -8.30828   -7.80779
   2765.19     90000   -7.21643   -8.23079   -8.10469   -8.09255   -7.83868
   2788.64     95000   -7.20679   -8.30311   -8.19063   -8.16695   -7.86881
   2812.10    100000   -7.25051   -8.60294   -8.62592   -8.54119   -7.95196
   2835.55      5000   -7.34936   -8.59101   -8.51535   -8.49549   -8.03818
   2859.01     10000   -7.44801   -8.45228   -8.32550   -8.31281   -8.06467
   2882.47     15000   -7.43231   -8.54703   -8.43855   -8.41273   -8.09921
   2905.92     20000   -7.48127   -8.85997   -8.91589   -8.81600   -8.18644
   2929.38     25000   -7.58630   -8.79218   -8.70316   -8.68678   -8.26777
   2952.84     30000   -7.67997   -8.67621   -8.54950   -8.53609   -8.29074
   2976.29     35000   -7.65994   -8.79355   -8.69027   -8.66198   -8.33015
   2999.75     40000   -7.71124   -9.11233   -9.20006   -9.08672   -8.42089
   3023.21     45000   -7.82317   -8.99478   -8.89517   -8.88124   -8.49666
   3046.66     50000   -7.91233   -8.90210   -8.77555   -8.76138   -8.51710
   3070.12     55000   -7.88868   -9.04220   -8.94495   -8.91373   -8.56171
   3093.57     60000   -7.94389   -9.35687   -9.46463   -9.34481   -8.65520
MyID= 0: Time=  0.1,has convergenced
     1684045 iterations for the convertgence of psi
 MyID=           0 has finish
