 START-UP FOR CHUNK...
     23.42      5000   -0.57841   -2.02067   -1.96857   -1.89928   -1.28452
     46.77     10000   -0.71141   -2.15956   -1.83677   -1.90645   -1.48205
     70.11     15000   -0.68794   -2.27497   -1.72783   -1.77020   -1.49339
     93.44     20000   -0.59244   -2.20695   -1.59227   -1.59256   -1.40816
    116.78     25000   -0.49402   -1.75788   -1.48128   -1.46583   -1.29288
    140.12     30000   -0.43429   -1.59547   -1.48945   -1.49073   -1.20246
    163.45     35000   -0.43319   -1.88392   -1.82247   -1.82744   -1.25578
    186.79     40000   -0.56806   -1.91977   -1.85825   -1.89049   -1.37488
    210.13     45000   -0.74217   -1.87285   -1.74324   -1.75138   -1.45328
    233.47     50000   -0.87205   -2.06297   -1.95893   -1.91349   -1.57217
    256.81     55000   -0.96306   -2.33979   -2.46108   -2.39631   -1.70084
    280.15     60000   -1.04560   -2.30603   -2.12756   -2.12550   -1.75070
    303.48     65000   -1.07788   -2.10789   -1.97614   -1.94983   -1.72110
    326.82     70000   -1.04536   -2.16477   -2.08904   -2.05450   -1.72846
    350.16     75000   -1.07603   -2.41014   -2.55095   -2.46309   -1.80449
    373.50     80000   -1.18213   -2.33160   -2.27475   -2.24486   -1.86747
    396.84     85000   -1.29043   -2.30201   -2.17753   -2.16780   -1.90188
    420.18     90000   -1.30227   -2.49054   -2.41737   -2.38437   -1.97727
    443.51     95000   -1.36817   -2.71367   -2.85329   -2.80616   -2.07704
    466.84    100000   -1.45608   -2.56645   -2.42804   -2.42451   -2.11361
 ITERATION...
    490.17      5000   -1.47749   -2.51708   -2.39355   -2.36817   -2.11462
    513.51     10000   -1.47929   -2.70802   -2.67030   -2.61493   -2.16892
    536.85     15000   -1.54693   -2.87783   -2.93396   -2.88880   -2.25605
    560.19     20000   -1.64948   -2.70838   -2.59734   -2.57538   -2.29428
    583.54     25000   -1.67288   -2.75368   -2.63635   -2.61476   -2.32781
    606.88     30000   -1.71119   -3.01537   -3.03628   -2.98124   -2.41124
    630.23     35000   -1.79890   -3.04305   -3.00427   -2.99132   -2.49148
    653.58     40000   -1.88070   -2.90639   -2.77632   -2.76499   -2.50788
    676.93     45000   -1.86787   -2.98389   -2.88011   -2.85157   -2.53699
    700.28     50000   -1.90798   -3.26553   -3.37422   -3.28663   -2.62047
    723.63     55000   -2.00812   -3.19476   -3.10977   -3.09522   -2.68864
    746.97     60000   -2.09674   -3.10358   -2.97975   -2.95858   -2.70797
    770.31     65000   -2.08285   -3.24837   -3.16349   -3.12964   -2.75964
    793.65     70000   -2.13825   -3.51917   -3.66832   -3.58852   -2.85177
    816.99     75000   -2.23701   -3.35360   -3.24578   -3.23194   -2.90174
    840.32     80000   -2.27900   -3.31472   -3.19213   -3.17308   -2.91588
    863.66     85000   -2.28725   -3.50605   -3.45514   -3.41476   -2.97602
    886.99     90000   -2.35591   -3.69815   -3.76140   -3.72491   -3.06536
    910.33     95000   -2.45352   -3.52449   -3.40312   -3.38944   -3.10198
    933.69    100000   -2.47103   -3.54339   -3.42711   -3.40274   -3.12600
    957.03      5000   -2.50079   -3.79006   -3.79563   -3.73878   -3.20191
    980.38     10000   -2.58711   -3.86393   -3.82919   -3.81056   -3.28428
   1003.73     15000   -2.67606   -3.70928   -3.58321   -3.56639   -3.30693
   1027.08     20000   -2.67145   -3.78038   -3.67525   -3.64808   -3.33889
   1050.43     25000   -2.71187   -4.05876   -4.15208   -4.07617   -3.42323
   1073.77     30000   -2.81045   -4.00723   -3.92676   -3.91324   -3.49312
   1097.10     35000   -2.89590   -3.90672   -3.77900   -3.76154   -3.51032
   1120.44     40000   -2.88013   -4.03511   -3.94720   -3.91478   -3.55669
   1143.77     45000   -2.93265   -4.30963   -4.46616   -4.38316   -3.64735
   1167.12     50000   -3.03303   -4.16606   -4.05663   -4.04394   -3.70120
   1190.46     55000   -3.08377   -4.11752   -3.99232   -3.97160   -3.71688
   1213.79     60000   -3.08977   -4.30013   -4.24197   -4.20143   -3.77632
   1237.12     65000   -3.15577   -4.50905   -4.58937   -4.54523   -3.86655
   1260.45     70000   -3.25403   -4.33248   -4.21182   -4.19752   -3.90485
   1283.78     75000   -3.27374   -4.34119   -4.22162   -4.19873   -3.92629
   1307.12     80000   -3.29987   -4.57675   -4.56964   -4.51696   -3.99929
   1330.46     85000   -3.38323   -4.67032   -4.65241   -4.63277   -4.08331
   1353.80     90000   -3.47401   -4.51457   -4.38736   -4.37198   -4.10838
   1377.15     95000   -3.47336   -4.57792   -4.46848   -4.44172   -4.13913
   1400.48    100000   -3.51207   -4.85269   -4.92918   -4.85504   -4.22248
   1423.82      5000   -3.60902   -4.81968   -4.74448   -4.73067   -4.29467
   1447.16     10000   -3.69546   -4.70925   -4.58115   -4.56344   -4.31213
   1470.50     15000   -3.68085   -4.82838   -4.73541   -4.70397   -4.35575
   1493.85     20000   -3.73108   -5.10679   -5.26171   -5.17472   -4.44564
   1517.20     25000   -3.83207   -4.97340   -4.86927   -4.85639   -4.50239
   1540.54     30000   -3.88930   -4.91732   -4.79119   -4.77149   -4.51805
   1563.90     35000   -3.89061   -5.09167   -5.02614   -4.98758   -4.57538
   1587.24     40000   -3.95434   -5.31472   -5.41421   -5.36366   -4.66615
   1610.59     45000   -4.05282   -5.13934   -5.02032   -5.00659   -4.70687
   1633.96     50000   -4.07732   -5.13856   -5.01784   -4.99527   -4.72687
   1657.32     55000   -4.10066   -5.36630   -5.34756   -5.29733   -4.79764
   1680.69     60000   -4.18092   -5.48092   -5.47719   -5.45466   -4.88316
   1704.05     65000   -4.27294   -5.31850   -5.19279   -5.17744   -4.91020
   1727.42     70000   -4.27489   -5.37290   -5.26155   -5.23568   -4.93916
   1750.79     75000   -4.31198   -5.64304   -5.70265   -5.63316   -5.02102
   1774.15     80000   -4.40716   -5.63018   -5.56295   -5.54871   -5.09555
   1797.51     85000   -4.49423   -5.51125   -5.38341   -5.36625   -5.11383
   1820.84     90000   -4.48228   -5.62086   -5.52476   -5.49429   -5.15508
   1844.17     95000   -4.53047   -5.90267   -6.05066   -5.96296   -5.24421
   1867.50    100000   -4.63035   -5.78291   -5.68258   -5.66970   -5.30375
   1890.84      5000   -4.69538   -5.71719   -5.59084   -5.57141   -5.31929
   1914.18     10000   -4.69173   -5.88214   -5.81112   -5.77403   -5.37429
   1937.52     15000   -4.75242   -6.11928   -6.23680   -6.17864   -5.46534
   1960.87     20000   -4.85166   -5.94650   -5.82958   -5.81600   -5.50871
   1984.21     25000   -4.88149   -5.93621   -5.81453   -5.79253   -5.52756
   2007.56     30000   -4.90170   -6.15506   -6.12668   -6.07901   -5.59613
   2030.91     35000   -4.97905   -6.29086   -6.30253   -6.27724   -5.68300
   2054.26     40000   -5.07242   -6.12351   -5.99860   -5.98358   -5.71210
   2077.60     45000   -5.07688   -6.16842   -6.05526   -6.02998   -5.73925
   2100.95     50000   -5.11229   -6.43269   -6.47665   -6.41103   -5.81945
   2124.30     55000   -5.20572   -6.44150   -6.38246   -6.36749   -5.89622
   2147.65     60000   -5.29269   -6.31397   -6.18629   -6.16942   -5.91558
   2170.99     65000   -5.28375   -6.41405   -6.31487   -6.28531   -5.95455
   2194.32     70000   -5.33024   -6.69718   -6.83440   -6.74769   -6.04278
   2217.65     75000   -5.42894   -6.59273   -6.49668   -6.48378   -6.10507
   2241.00     80000   -5.50148   -6.51768   -6.39086   -6.37187   -6.12064
   2264.35     85000   -5.49320   -6.67315   -6.59692   -6.56117   -6.17324
   2287.70     90000   -5.55047   -6.92244   -7.05585   -6.98994   -6.26440
   2311.05     95000   -5.65098   -6.75428   -6.63943   -6.62605   -6.31048
   2334.40    100000   -5.68555   -6.73448   -6.61176   -6.59022   -6.32837
   2357.75      5000   -5.70193   -6.94440   -6.90698   -6.86151   -6.39470
   2381.10     10000   -5.77655   -7.10045   -7.12870   -7.09977   -6.48273
   2404.44     15000   -5.87138   -6.92893   -6.80497   -6.79023   -6.51401
   2427.78     20000   -5.87938   -6.96441   -6.84946   -6.82481   -6.53945
   2451.13     25000   -5.91309   -7.22211   -7.25114   -7.18925   -6.61787
   2474.46     30000   -6.00321   -7.25279   -7.20298   -7.18712   -6.69673
   2497.80     35000   -6.09166   -7.11710   -6.98962   -6.97310   -6.71736
   2521.14     40000   -6.08419   -7.20772   -7.10565   -7.07691   -6.75414
   2544.49     45000   -6.12890   -7.49070   -7.61393   -7.52961   -6.84131
   2567.84     50000   -6.22804   -7.40297   -7.31162   -7.29862   -6.90629
   2591.19     55000   -6.30776   -7.31857   -7.19138   -7.17277   -6.92206
   2614.54     60000   -6.29361   -7.46454   -7.38351   -7.34901   -6.97228
   2637.89     65000   -6.34902   -7.72418   -7.87006   -7.79671   -7.06334
   2661.24     70000   -6.44941   -7.56242   -7.44995   -7.43674   -7.11219
   2684.60     75000   -6.48947   -7.53312   -7.40947   -7.38841   -7.12928
   2707.95     80000   -6.50267   -7.73393   -7.68829   -7.64485   -7.19332
   2731.29     85000   -6.57458   -7.90931   -7.95527   -7.92196   -7.28233
   2754.64     90000   -6.66993   -7.73477   -7.61190   -7.59742   -7.31593
   2777.99     95000   -6.68240   -7.76079   -7.64421   -7.62015   -7.33976
   2801.34    100000   -6.71356   -8.01129   -8.02645   -7.96801   -7.41629
   2824.70      5000   -6.80116   -8.06408   -8.02456   -8.00752   -7.49712
   2848.05     10000   -6.89115   -7.92064   -7.79346   -7.77726   -7.51919
   2871.40     15000   -6.88510   -8.00179   -7.89705   -7.86911   -7.55382
   2894.75     20000   -6.92807   -8.28313   -8.39049   -8.30953   -7.63980
   2918.10     25000   -7.02704   -8.21350   -8.12742   -8.11425   -7.70740
   2941.45     30000   -7.11119   -8.11985   -7.99237   -7.97414   -7.72356
   2964.80     35000   -7.09366   -8.25632   -8.17089   -8.13755   -7.77140
   2988.15     40000   -7.14761   -8.52439   -8.67828   -8.59856   -7.86220
   3011.51     45000   -7.24785   -8.37097   -8.26115   -8.24808   -7.91384
   3034.86     50000   -7.29394   -8.33216   -8.20767   -8.18705   -7.93028
   3058.21     55000   -7.30392   -8.52373   -8.47059   -8.42901   -7.99201
   3081.56     60000   -7.37247   -8.71725   -8.78187   -8.74329   -8.08181
   3104.91     65000   -7.46899   -8.54102   -8.41940   -8.40518   -8.11782
   3128.27     70000   -7.48537   -8.55757   -8.43949   -8.41599   -8.14017
   3151.62     75000   -7.51358   -8.80035   -8.80270   -8.74743   -8.21473
   3174.97     80000   -7.59949   -8.87524   -8.84721   -8.82866   -8.29736
   3198.32     85000   -7.68953   -8.72457   -8.59780   -8.58192   -8.32105
   3221.67     90000   -7.68652   -8.79627   -8.68907   -8.66187   -8.35361
   3245.02     95000   -7.72716   -9.07467   -9.16524   -9.08818   -8.43826
   3268.38    100000   -7.82546   -9.02428   -8.94414   -8.93070   -8.50840
   3291.73      5000   -7.91023   -8.92151   -8.79383   -8.77597   -8.52513
   3315.08     10000   -7.89423   -9.04849   -8.95902   -8.92676   -8.57061
   3338.43     15000   -7.94615   -9.32307   -9.47976   -9.39535   -8.66097
MyID= 0: Time=  0.1,has convergenced
     1685799 iterations for the convertgence of psi
 MyID=           0 has finish
