 START-UP FOR CHUNK...
     23.62      5000   -0.65510   -2.04380   -2.30335   -2.46593   -1.29308
     47.33     10000   -0.89707   -2.11534   -2.37108   -2.46795   -1.54269
     71.04     15000   -0.98757   -2.20330   -2.26842   -2.32493   -1.67162
     94.75     20000   -0.99556   -2.63489   -2.11641   -2.12247   -1.72730
    118.46     25000   -0.91923   -2.40116   -1.91665   -1.91192   -1.67091
    142.17     30000   -0.78631   -2.13327   -1.68903   -1.69975   -1.51706
    165.88     35000   -0.64083   -1.86368   -1.50727   -1.51222   -1.33191
    189.60     40000   -0.51173   -1.62667   -1.44875   -1.43610   -1.18418
    213.31     45000   -0.46739   -1.68026   -1.66268   -1.66174   -1.15962
    237.02     50000   -0.51676   -1.92708   -1.79306   -1.78618   -1.24709
    260.72     55000   -0.67283   -1.78493   -1.63752   -1.60954   -1.33933
    284.43     60000   -0.79160   -1.96309   -1.82846   -1.80089   -1.47606
    308.13     65000   -0.86856   -2.22726   -2.29656   -2.30621   -1.58839
    331.84     70000   -0.91132   -2.11638   -1.92718   -1.91448   -1.58785
    355.55     75000   -0.89904   -1.95580   -1.80060   -1.77934   -1.53728
    379.26     80000   -0.84276   -2.01362   -1.98008   -1.96680   -1.54875
    402.96     85000   -0.88772   -2.24878   -2.23893   -2.23838   -1.61459
    426.67     90000   -0.99767   -2.10327   -1.96173   -1.93771   -1.65832
    450.38     95000   -1.05795   -2.16179   -2.04471   -2.02706   -1.73220
    474.08    100000   -1.11235   -2.41955   -2.48702   -2.48722   -1.83352
 ITERATION...
    497.79      5000   -1.18018   -2.42905   -2.27827   -2.26557   -1.86975
    521.50     10000   -1.22353   -2.27539   -2.12610   -2.10433   -1.85439
    545.20     15000   -1.18674   -2.34484   -2.29584   -2.28083   -1.88772
    568.91     20000   -1.23613   -2.59921   -2.62286   -2.63874   -1.96013
    592.62     25000   -1.32804   -2.45763   -2.30715   -2.28140   -1.99336
    616.33     30000   -1.37191   -2.45795   -2.33898   -2.31840   -2.04051
    640.04     35000   -1.40814   -2.68554   -2.72677   -2.72424   -2.12975
    663.75     40000   -1.48055   -2.75664   -2.63304   -2.61808   -2.17911
    687.45     45000   -1.55124   -2.60372   -2.45197   -2.43073   -2.17789
    711.16     50000   -1.52351   -2.66789   -2.60289   -2.58660   -2.21851
    734.87     55000   -1.57127   -2.92342   -2.99078   -3.01303   -2.29457
    758.57     60000   -1.65311   -2.80809   -2.65212   -2.62894   -2.32499
    782.28     65000   -1.69342   -2.77031   -2.64507   -2.62307   -2.35695
    805.99     70000   -1.71818   -2.96987   -2.98475   -2.97631   -2.43750
    829.69     75000   -1.79181   -3.09419   -2.99590   -2.98150   -2.49552
    853.40     80000   -1.86942   -2.93321   -2.77887   -2.75676   -2.50099
    877.11     85000   -1.85267   -2.98325   -2.90167   -2.88398   -2.54191
    900.82     90000   -1.89655   -3.23742   -3.33146   -3.35416   -2.62051
    924.53     95000   -1.97399   -3.15559   -3.00125   -2.97938   -2.65336
    948.23    100000   -2.02089   -3.08783   -2.95590   -2.93406   -2.67604
    971.94      5000   -2.03389   -3.25897   -3.24900   -3.23763   -2.74951
    995.65     10000   -2.10531   -3.43082   -3.36619   -3.35519   -2.81448
   1019.36     15000   -2.18417   -3.26464   -3.10822   -3.08598   -2.82422
   1043.06     20000   -2.17939   -3.29399   -3.19952   -3.18042   -2.86199
   1066.77     25000   -2.21690   -3.54221   -3.63746   -3.65535   -2.94176
   1090.48     30000   -2.29318   -3.50400   -3.35490   -3.33383   -2.97976
   1114.18     35000   -2.34959   -3.40889   -3.27124   -3.24906   -2.99657
   1137.89     40000   -2.35300   -3.55249   -3.52024   -3.50683   -3.06352
   1161.60     45000   -2.42014   -3.76332   -3.74114   -3.73531   -3.13420
   1185.31     50000   -2.49755   -3.59946   -3.44144   -3.41919   -3.14790
   1209.01     55000   -2.50390   -3.60486   -3.49953   -3.47963   -3.18103
   1232.72     60000   -2.53547   -3.83909   -3.91657   -3.92632   -3.26044
   1256.43     65000   -2.61176   -3.85306   -3.71323   -3.69357   -3.30494
   1280.13     70000   -2.68096   -3.73339   -3.59033   -3.56790   -3.31810
   1303.84     75000   -2.67501   -3.84959   -3.79835   -3.78291   -3.37867
   1327.55     80000   -2.73612   -4.08861   -4.11394   -4.11607   -3.45384
   1351.26     85000   -2.81340   -3.93792   -3.77899   -3.75672   -3.47204
   1374.97     90000   -2.82974   -3.91802   -3.80314   -3.78250   -3.50007
   1398.67     95000   -2.85424   -4.13300   -4.18288   -4.18471   -3.57772
   1422.38    100000   -2.92907   -4.20143   -4.07692   -4.05910   -3.62916
   1446.09      5000   -3.01467   -4.06102   -3.91299   -3.89046   -3.64044
   1469.79     10000   -2.99721   -4.15013   -4.08239   -4.06537   -3.69457
   1493.50     15000   -3.05228   -4.40430   -4.47378   -4.48478   -3.77298
   1517.21     20000   -3.12787   -4.27940   -4.12094   -4.09896   -3.79650
   1540.91     25000   -3.15546   -4.23384   -4.11054   -4.08930   -3.81958
   1564.62     30000   -3.17397   -4.42635   -4.44709   -4.44255   -3.89422
   1588.33     35000   -3.24790   -4.54769   -4.44614   -4.43096   -3.95253
   1612.04     40000   -3.33382   -4.39150   -4.23928   -4.21667   -3.96346
   1635.74     45000   -3.32072   -4.45389   -4.37182   -4.35354   -4.01112
   1659.45     50000   -3.36856   -4.71121   -4.80753   -4.82387   -4.09144
   1683.16     55000   -3.44348   -4.62339   -4.46760   -4.44611   -4.12108
   1706.87     60000   -3.48408   -4.55239   -4.42171   -4.40004   -4.13973
   1730.58     65000   -3.49422   -4.72049   -4.71442   -4.70524   -4.21033
   1754.29     70000   -3.56563   -4.88968   -4.82037   -4.80914   -4.27501
   1778.00     75000   -3.64772   -4.72475   -4.56924   -4.54663   -4.28706
   1801.71     80000   -3.64527   -4.76059   -4.66616   -4.64687   -4.32828
   1825.42     85000   -3.68485   -5.01122   -5.10926   -5.12410   -4.40918
   1849.13     90000   -3.75991   -4.96948   -4.81927   -4.79851   -4.44558
   1872.84     95000   -3.81315   -4.87374   -4.73661   -4.71460   -4.46060
   1896.55    100000   -3.81535   -5.01638   -4.98694   -4.97444   -4.52630
   1920.26      5000   -3.88265   -5.22504   -5.19757   -5.19209   -4.59656
   1943.97     10000   -3.96151   -5.06084   -4.90302   -4.88049   -4.61112
   1967.68     15000   -3.96833   -5.07020   -4.96503   -4.94494   -4.64611
   1991.39     20000   -4.00150   -5.30665   -5.38631   -5.39482   -4.72627
   2015.09     25000   -4.07730   -5.31691   -5.17628   -5.15664   -4.76981
   2038.80     30000   -4.14438   -5.19797   -5.05516   -5.03290   -4.78220
   2062.51     35000   -4.13839   -5.31458   -5.26517   -5.25025   -4.84236
   2086.22     40000   -4.19965   -5.55170   -5.57241   -5.57479   -4.91717
   2109.93     45000   -4.27729   -5.39974   -5.24080   -5.21844   -4.93553
   2133.64     50000   -4.29392   -5.38273   -5.26815   -5.24742   -4.96463
   2157.35     55000   -4.31912   -5.59986   -5.65170   -5.65308   -5.04282
   2181.06     60000   -4.39410   -5.66449   -5.53893   -5.52097   -5.09359
   2204.77     65000   -4.47788   -5.52509   -5.37735   -5.35491   -5.10450
   2228.48     70000   -4.46076   -5.61543   -5.54900   -5.53227   -5.15867
   2252.18     75000   -4.51610   -5.86863   -5.93467   -5.94578   -5.23681
   2275.89     80000   -4.59206   -5.74135   -5.58282   -5.56077   -5.26015
   2299.60     85000   -4.61916   -5.69816   -5.57528   -5.55402   -5.28389
   2323.30     90000   -4.63839   -5.89273   -5.91530   -5.91072   -5.35899
   2347.01     95000   -4.71234   -6.01049   -5.90734   -5.89190   -5.41675
   2370.71    100000   -4.79861   -5.85512   -5.70321   -5.68065   -5.42746
   2394.42      5000   -4.78449   -5.91908   -5.83810   -5.81999   -5.47537
   2418.13     10000   -4.83265   -6.17641   -6.27127   -6.28794   -5.55555
   2441.83     15000   -4.90795   -6.08544   -5.92938   -5.90781   -5.58482
   2465.54     20000   -4.94762   -6.01646   -5.88624   -5.86457   -5.60392
   2489.24     25000   -4.95858   -6.18656   -6.18216   -6.17309   -5.67494
   2512.95     30000   -5.03002   -6.35266   -6.28100   -6.26936   -5.73917
   2536.66     35000   -5.11222   -6.18805   -6.03279   -6.01020   -5.75100
   2560.36     40000   -5.10906   -6.22561   -6.13209   -6.11291   -5.79258
   2584.07     45000   -5.14917   -6.47692   -6.57551   -6.59098   -5.87345
   2607.77     50000   -5.22414   -6.43157   -6.28082   -6.25999   -5.90939
   2631.48     55000   -5.27669   -6.33764   -6.20093   -6.17892   -5.92471
   2655.18     60000   -5.27951   -6.48222   -6.45426   -6.44189   -5.99084
   2678.89     65000   -5.34727   -6.68849   -6.65795   -6.65191   -6.06073
   2702.59     70000   -5.42617   -6.52388   -6.36621   -6.34368   -6.07502
   2726.30     75000   -5.43215   -6.53504   -6.43063   -6.41061   -6.11039
   2750.00     80000   -5.46587   -6.77264   -6.85403   -6.86322   -6.19063
   2773.71     85000   -5.54160   -6.77904   -6.63752   -6.61779   -6.23367
   2797.41     90000   -5.60761   -6.66170   -6.51926   -6.49700   -6.24624
   2821.11     95000   -5.60258   -6.78022   -6.73210   -6.71729   -6.30684
   2844.82    100000   -5.66394   -7.01576   -7.03312   -7.03482   -6.38137
   2868.52      5000   -5.74165   -6.86255   -6.70365   -6.68128   -6.39940
   2892.23     10000   -5.75788   -6.84737   -6.73343   -6.71275   -6.42888
   2915.93     15000   -5.78331   -7.06597   -7.11991   -7.12184   -6.50724
   2939.64     20000   -5.85854   -7.12670   -6.99982   -6.98172   -6.55751
   2963.34     25000   -5.94097   -6.98864   -6.84122   -6.81878   -6.56850
   2987.04     30000   -5.92465   -7.08087   -7.01555   -6.99891   -6.62311
   3010.75     35000   -5.98042   -7.33337   -7.39663   -7.40711   -6.70107
   3034.45     40000   -6.05652   -7.20395   -7.04534   -7.02326   -6.72400
   3058.15     45000   -6.08283   -7.16258   -7.04027   -7.01905   -6.74810
   3081.86     50000   -6.10251   -7.35882   -7.38343   -7.37925   -6.82344
   3105.56     55000   -6.17651   -7.47290   -7.36786   -7.35221   -6.88073
   3129.27     60000   -6.26341   -7.31848   -7.16683   -7.14428   -6.89141
   3152.97     65000   -6.24842   -7.38432   -7.30429   -7.28626   -6.93977
   3176.67     70000   -6.29698   -7.64173   -7.73536   -7.75181   -7.01986
   3200.37     75000   -6.37256   -7.54786   -7.39155   -7.36994   -7.04868
   3224.08     80000   -6.41119   -7.48068   -7.35096   -7.32931   -7.06807
   3247.78     85000   -6.42283   -7.65255   -7.64997   -7.64118   -7.13941
   3271.48     90000   -6.49429   -7.81544   -7.74121   -7.72925   -7.20321
   3295.18     95000   -6.57672   -7.65121   -7.49615   -7.47356   -7.21492
   3318.89    100000   -6.57292   -7.69065   -7.59795   -7.57884   -7.25694
   3342.59      5000   -6.61350   -7.94267   -8.04181   -8.05756   -7.33781
   3366.29     10000   -6.68846   -7.89385   -7.74262   -7.72173   -7.37326
   3390.00     15000   -6.74026   -7.80165   -7.66538   -7.64339   -7.38881
   3413.70     20000   -6.74362   -7.94806   -7.92166   -7.90949   -7.45531
   3437.40     25000   -6.81185   -8.15181   -8.11805   -8.11155   -7.52483
   3461.10     30000   -6.89083   -7.98684   -7.82930   -7.80676   -7.53890
   3484.81     35000   -6.89600   -7.99987   -7.89619   -7.87622   -7.57471
   3508.51     40000   -6.93016   -8.23865   -8.32172   -8.33142   -7.65504
   3532.21     45000   -7.00596   -8.24125   -8.09893   -8.07910   -7.69757
   3555.92     50000   -7.07088   -8.12550   -7.98345   -7.96121   -7.71029
   3579.62     55000   -7.06646   -8.24588   -8.19909   -8.18443   -7.77130
   3603.32     60000   -7.12823   -8.47974   -8.49361   -8.49471   -7.84553
   3627.03     65000   -7.20602   -8.32531   -8.16646   -8.14407   -7.86326
   3650.73     70000   -7.22187   -8.31200   -8.19870   -8.17806   -7.89315
   3674.43     75000   -7.24755   -8.53208   -8.58810   -8.59051   -7.97168
   3698.14     80000   -7.32303   -8.58895   -8.46082   -8.44258   -8.02144
   3721.84     85000   -7.40408   -8.45224   -8.30515   -8.28272   -8.03250
   3745.54     90000   -7.38855   -8.54634   -8.48215   -8.46563   -8.08755
   3769.25     95000   -7.44475   -8.79804   -8.85839   -8.86828   -8.16530
   3792.95    100000   -7.52099   -8.66653   -8.50783   -8.48573   -8.18786
   3816.65      5000   -7.54653   -8.62701   -8.50526   -8.48407   -8.21231
   3840.36     10000   -7.56666   -8.82491   -8.85156   -8.84776   -8.28791
   3864.06     15000   -7.64070   -8.93532   -8.82845   -8.81259   -8.34471
   3887.64     20000   -7.72786   -8.78187   -8.63050   -8.60795   -8.35537
   3910.81     25000   -7.71237   -8.84959   -8.77053   -8.75259   -8.40418
   3934.10     30000   -7.76133   -9.10701   -9.19926   -9.21549   -8.48415
   3957.02     35000   -7.83719   -9.01027   -8.85371   -8.83206   -8.51253
   3980.14     40000   -7.87478   -8.94490   -8.81568   -8.79406   -8.53223
   4003.30     45000   -7.88710   -9.11854   -9.11778   -9.10928   -8.60388
   4025.86     50000   -7.95858   -9.27820   -9.20146   -9.18918   -8.66724
MyID= 0: Time=  0.1,has convergenced
     1685543 iterations for the convertgence of psi
 MyID=           0 has finish
