 START-UP FOR CHUNK...
     23.41      5000   -0.65296   -2.04502   -2.29590   -2.45658   -1.29137
     46.71     10000   -0.89390   -2.11790   -2.35123   -2.45838   -1.54075
     70.01     15000   -0.98298   -2.19652   -2.26258   -2.31322   -1.66877
     93.30     20000   -0.98902   -2.57585   -2.10781   -2.11111   -1.72216
    116.60     25000   -0.91239   -2.38491   -1.90854   -1.90299   -1.66473
    139.90     30000   -0.78015   -2.11661   -1.68182   -1.69299   -1.51075
    163.19     35000   -0.63648   -1.84978   -1.50253   -1.50789   -1.32694
    186.49     40000   -0.50746   -1.62173   -1.44873   -1.43586   -1.18191
    209.78     45000   -0.46663   -1.68489   -1.66834   -1.66888   -1.16084
    233.07     50000   -0.51828   -1.92324   -1.79236   -1.78359   -1.24852
    256.37     55000   -0.67489   -1.78143   -1.63923   -1.61119   -1.34027
    279.66     60000   -0.79154   -1.96167   -1.83217   -1.80511   -1.47659
    302.96     65000   -0.86833   -2.22709   -2.29553   -2.30781   -1.58794
    326.29     70000   -0.91071   -2.10950   -1.92535   -1.91183   -1.58674
    349.62     75000   -0.89842   -1.95203   -1.80192   -1.78072   -1.53749
    372.95     80000   -0.84392   -2.01389   -1.98460   -1.97212   -1.55071
    396.28     85000   -0.89013   -2.24861   -2.23804   -2.23687   -1.61654
    419.60     90000   -1.00032   -2.10300   -1.96391   -1.93988   -1.65991
    442.93     95000   -1.05921   -2.16207   -2.04945   -2.03128   -1.73402
    466.25    100000   -1.11397   -2.42073   -2.49264   -2.49383   -1.83506
 ITERATION...
    489.58      5000   -1.18183   -2.42830   -2.27748   -2.26416   -1.87061
    512.90     10000   -1.22437   -2.27591   -2.12934   -2.10698   -1.85612
    536.26     15000   -1.18911   -2.34824   -2.30241   -2.28770   -1.89091
    559.61     20000   -1.23986   -2.60071   -2.62280   -2.63705   -1.96331
    582.96     25000   -1.33216   -2.45929   -2.30988   -2.28426   -1.99617
    606.29     30000   -1.37504   -2.46207   -2.34494   -2.32455   -2.04398
    629.62     35000   -1.41150   -2.69032   -2.73644   -2.73387   -2.13335
    652.94     40000   -1.48401   -2.75655   -2.63210   -2.61719   -2.18188
    676.26     45000   -1.55509   -2.60663   -2.45642   -2.43510   -2.18128
    699.59     50000   -1.52716   -2.67478   -2.61198   -2.59559   -2.22338
    722.95     55000   -1.57668   -2.92960   -2.99225   -3.01199   -2.29940
    746.32     60000   -1.65846   -2.80958   -2.65532   -2.63182   -2.32921
    769.67     65000   -1.69768   -2.77606   -2.65271   -2.63080   -2.36211
    792.99     70000   -1.72314   -2.97920   -2.99742   -2.98972   -2.44320
    816.31     75000   -1.79712   -3.09459   -2.99470   -2.97929   -2.50019
    839.60     80000   -1.87596   -2.93634   -2.78443   -2.76240   -2.50602
    862.89     85000   -1.85791   -2.99148   -2.91265   -2.89542   -2.54850
    886.19     90000   -1.90345   -3.24660   -3.33715   -3.35834   -2.62714
    909.48     95000   -1.98144   -3.15719   -3.00437   -2.98219   -2.65905
    932.77    100000   -2.02634   -3.09413   -2.96505   -2.94321   -2.68280
    956.07      5000   -2.04088   -3.27032   -3.26480   -3.25419   -2.75723
    979.36     10000   -2.11266   -3.43423   -3.36403   -3.35157   -2.82108
   1002.68     15000   -2.19209   -3.26859   -3.11483   -3.09235   -2.83083
   1026.02     20000   -2.18657   -3.30352   -3.21254   -3.19380   -2.87033
   1049.33     25000   -2.22569   -3.55444   -3.65002   -3.66889   -2.95031
   1072.66     30000   -2.30173   -3.50639   -3.35773   -3.33619   -2.98704
   1095.99     35000   -2.35660   -3.41642   -3.28167   -3.25951   -3.00491
   1119.32     40000   -2.36149   -3.56561   -3.53866   -3.52602   -3.07323
   1142.65     45000   -2.43011   -3.76958   -3.73815   -3.73073   -3.14279
   1165.97     50000   -2.50800   -3.60458   -3.44865   -3.42615   -3.15610
   1189.29     55000   -2.51240   -3.61613   -3.51439   -3.49465   -3.19110
   1212.64     60000   -2.54600   -3.85465   -3.93660   -3.94842   -3.27103
   1235.99     65000   -2.62231   -3.85634   -3.71534   -3.69508   -3.31390
   1259.32     70000   -2.68840   -3.74224   -3.60188   -3.57939   -3.32800
   1282.66     75000   -2.68502   -3.86503   -3.81900   -3.80421   -3.39031
   1306.02     80000   -2.74742   -4.09833   -4.11186   -4.11172   -3.46449
   1329.36     85000   -2.82489   -3.94363   -3.78643   -3.76396   -3.48183
   1352.70     90000   -2.84051   -3.93089   -3.81948   -3.79900   -3.51183
   1376.03     95000   -2.86604   -4.15169   -4.20872   -4.21261   -3.59037
   1399.36    100000   -2.94194   -4.20549   -4.07780   -4.05923   -3.63992
   1422.68      5000   -3.02281   -4.07068   -3.92538   -3.90278   -3.65186
   1446.00     10000   -3.00844   -4.16752   -4.10491   -4.08840   -3.70809
   1469.33     15000   -3.06538   -4.41861   -4.47631   -4.48474   -3.78574
   1492.66     20000   -3.14178   -4.28529   -4.12829   -4.10601   -3.80788
   1516.00     25000   -3.16673   -4.24786   -4.12813   -4.10703   -3.83295
   1539.34     30000   -3.18728   -4.44781   -4.47682   -4.47414   -3.90892
   1562.67     35000   -3.26149   -4.55313   -4.44541   -4.42906   -3.96517
   1586.00     40000   -3.34909   -4.40162   -4.25223   -4.22955   -3.97636
   1609.32     45000   -3.33386   -4.47276   -4.39586   -4.37805   -4.02643
   1632.65     50000   -3.38366   -4.73035   -4.81973   -4.83479   -4.10635
   1655.98     55000   -3.46004   -4.62943   -4.47442   -4.45253   -4.13409
   1679.34     60000   -3.49642   -4.56728   -4.44033   -4.41876   -4.15464
   1702.67     65000   -3.50982   -4.74421   -4.74679   -4.73918   -4.22703
   1725.98     70000   -3.58151   -4.89771   -4.81787   -4.80480   -4.28962
   1749.32     75000   -3.66490   -4.73522   -4.58249   -4.55975   -4.30143
   1772.66     80000   -3.65979   -4.78073   -4.69149   -4.67261   -4.34531
   1795.99     85000   -3.70198   -5.03495   -5.13397   -5.14999   -4.42627
   1819.32     90000   -3.77706   -4.97577   -4.82509   -4.80379   -4.46029
   1842.65     95000   -3.82680   -4.88938   -4.75601   -4.73406   -4.47701
   1865.98    100000   -3.83180   -5.04199   -5.02115   -5.00994   -4.54496
   1889.32      5000   -3.90117   -5.23695   -5.19388   -5.18566   -4.61325
   1912.65     10000   -3.98158   -5.07152   -4.91624   -4.89352   -4.62697
   1935.98     15000   -3.98457   -5.09146   -4.99144   -4.97167   -4.66477
   1959.30     20000   -4.02043   -5.33447   -5.42196   -5.43330   -4.74553
   1982.62     25000   -4.09664   -5.32369   -5.18058   -5.16019   -4.78629
   2005.95     30000   -4.15817   -5.21419   -5.07512   -5.05287   -4.80005
   2029.27     35000   -4.15576   -5.34183   -5.30071   -5.28684   -4.86291
   2052.60     40000   -4.21942   -5.56872   -5.56990   -5.56850   -4.93601
   2075.93     45000   -4.29772   -5.41048   -5.25363   -5.23102   -4.95288
   2099.25     50000   -4.31162   -5.40492   -5.29540   -5.27494   -4.98487
   2122.58     55000   -4.33950   -5.63110   -5.69461   -5.69912   -5.06424
   2145.91     60000   -4.41609   -5.67222   -5.54119   -5.52215   -5.11195
   2169.24     65000   -4.49210   -5.54169   -5.39760   -5.37513   -5.12378
   2192.55     70000   -4.47984   -5.64404   -5.58553   -5.56966   -5.18103
   2215.87     75000   -4.53804   -5.89168   -5.93860   -5.94558   -5.25789
   2239.23     80000   -4.61516   -5.75199   -5.59488   -5.57248   -5.27905
   2262.58     85000   -4.63785   -5.72108   -5.60317   -5.58213   -5.30563
   2285.94     90000   -4.66012   -5.92671   -5.96232   -5.96052   -5.38253
   2309.26     95000   -4.73445   -6.02003   -5.90711   -5.89008   -5.43710
   2332.58    100000   -4.82194   -5.87188   -5.72348   -5.70085   -5.44813
   2355.93      5000   -4.80562   -5.94880   -5.87537   -5.85797   -5.49946
   2379.28     10000   -4.85666   -6.20570   -6.28877   -6.30318   -5.57890
   2402.60     15000   -4.93328   -6.09591   -5.94021   -5.91817   -5.60534
   2425.93     20000   -4.96680   -6.03991   -5.91458   -5.89307   -5.62709
   2449.29     25000   -4.98283   -6.22271   -6.23132   -6.22452   -5.70053
   2472.62     30000   -5.05468   -6.36532   -6.27817   -6.26414   -5.76161
   2495.94     35000   -5.13872   -6.20476   -6.05278   -6.03007   -5.77306
   2519.26     40000   -5.13106   -6.25622   -6.16990   -6.15130   -5.81831
   2542.58     45000   -5.17511   -6.51198   -6.61064   -6.62741   -5.89910
   2565.91     50000   -5.25021   -6.44197   -6.28991   -6.26843   -5.93161
   2589.23     55000   -5.29707   -6.36142   -6.22948   -6.20759   -5.94925
   2612.55     60000   -5.30392   -6.52004   -6.50447   -6.49392   -6.01839
   2635.88     65000   -5.37414   -6.70591   -6.65337   -6.64376   -6.08538
   2659.20     70000   -5.45596   -6.54035   -6.38559   -6.36287   -6.09848
   2682.53     75000   -5.45628   -6.56633   -6.46880   -6.44927   -6.13767
   2705.85     80000   -5.49355   -6.81257   -6.90429   -6.91731   -6.21857
   2729.17     85000   -5.57000   -6.78965   -6.64431   -6.62366   -6.25770
   2752.50     90000   -5.62801   -6.68560   -6.54781   -6.52561   -6.27213
   2775.82     95000   -5.62744   -6.81933   -6.78277   -6.76941   -6.33628
   2799.15    100000   -5.69260   -7.03957   -7.02979   -7.02651   -6.40832
   2822.47      5000   -5.77117   -6.87861   -6.72205   -6.69940   -6.42431
   2845.80     10000   -5.78243   -6.87913   -6.77180   -6.75151   -6.45763
   2869.12     15000   -5.81249   -7.10973   -7.17962   -7.18589   -6.53743
   2892.45     20000   -5.88925   -7.13818   -7.00372   -6.98431   -6.58347
   2915.77     25000   -5.96149   -7.01247   -6.86951   -6.84708   -6.59568
   2939.10     30000   -5.95179   -7.12094   -7.06635   -7.05088   -6.65433
   2962.43     35000   -6.01138   -7.36468   -7.40108   -7.40595   -6.73039
   2985.75     40000   -6.08899   -7.21949   -7.06231   -7.03986   -6.75042
   3009.08     45000   -6.10914   -7.19463   -7.07866   -7.05776   -6.77824
   3032.40     50000   -6.13288   -7.40545   -7.44781   -7.44746   -6.85582
   3055.73     55000   -6.20735   -7.48633   -7.36839   -7.35082   -6.90877
   3079.05     60000   -6.29501   -7.34202   -7.19459   -7.17199   -6.91989
   3102.38     65000   -6.27707   -7.42508   -7.35502   -7.33794   -6.97266
   3125.70     70000   -6.33009   -7.68077   -7.75676   -7.76965   -7.05160
   3149.03     75000   -6.40634   -7.56283   -7.40662   -7.38448   -7.07669
   3172.35     80000   -6.43715   -7.51282   -7.38920   -7.36779   -7.09953
   3195.68     85000   -6.45469   -7.70125   -7.71613   -7.71044   -7.17388
   3219.01     90000   -6.52795   -7.83243   -7.73829   -7.72343   -7.23345
   3242.33     95000   -6.61275   -7.67427   -7.52307   -7.50037   -7.24468
   3265.66    100000   -6.60226   -7.73185   -7.64846   -7.63012   -7.29140
   3288.98      5000   -6.64856   -7.98874   -8.08586   -8.10264   -7.37199
   3312.33     10000   -6.72365   -7.90840   -7.75523   -7.73360   -7.40297
   3335.67     15000   -6.76751   -7.83368   -7.70326   -7.68146   -7.42153
   3359.01     20000   -6.77619   -7.99819   -7.98814   -7.97841   -7.49177
   3382.35     25000   -6.84726   -8.17437   -8.11268   -8.10186   -7.55741
   3405.69     30000   -6.92935   -8.00921   -7.85504   -7.83231   -7.57000
   3429.03     35000   -6.92823   -8.04131   -7.94634   -7.92701   -7.61064
   3452.37     40000   -6.96693   -8.29049   -8.38562   -8.39995   -7.69162
   3475.72     45000   -7.04270   -8.25575   -8.10846   -8.08759   -7.72912
   3499.06     50000   -7.09809   -8.15722   -8.02077   -7.99864   -7.74423
   3522.40     55000   -7.09932   -8.29697   -8.26517   -8.25242   -7.80964
   3545.74     60000   -7.16597   -8.50988   -8.48923   -8.48425   -7.88055
   3569.08     65000   -7.24482   -8.34684   -8.19061   -8.16794   -7.89573
   3592.42     70000   -7.25346   -8.35347   -8.24838   -8.22826   -7.93045
   3615.77     75000   -7.28572   -8.58827   -8.66424   -8.67220   -8.01062
   3639.12     80000   -7.36194   -8.60417   -8.46664   -8.44689   -8.05499
   3662.46     85000   -7.43114   -8.48344   -8.34166   -8.31928   -8.06763
   3685.81     90000   -7.42394   -8.59800   -8.54749   -8.53248   -8.12764
   3709.16     95000   -7.48493   -8.83714   -8.86258   -8.86538   -8.20283
   3732.51    100000   -7.56296   -8.68709   -8.52994   -8.50743   -8.22179
   3755.86      5000   -7.58064   -8.66833   -8.55434   -8.53357   -8.25089
   3779.20     10000   -7.60561   -8.88418   -8.93331   -8.93444   -8.32910
   3802.55     15000   -7.68047   -8.95254   -8.83003   -8.81195   -8.38041
   3825.90     20000   -7.76607   -8.81234   -8.66592   -8.64336   -8.39168
   3848.78     25000   -7.74831   -8.90151   -8.83496   -8.81823   -8.44589
   3871.67     30000   -7.80352   -9.15537   -9.22312   -9.23430   -8.52425
   3894.23     35000   -7.87956   -9.02987   -8.87325   -8.85103   -8.54803
   3916.75     40000   -7.90773   -8.98587   -8.86400   -8.84271   -8.57202
   3939.36     45000   -7.92677   -9.17985   -9.20116   -9.19662   -8.64723
MyID= 0: Time=  0.1,has convergenced
     1686000 iterations for the convertgence of psi
 MyID=           0 has finish
