 START-UP FOR CHUNK...
     23.53      5000   -0.56259   -2.01032   -1.90958   -1.82860   -1.28264
     46.93     10000   -0.67635   -2.16962   -1.76926   -1.83963   -1.46331
     70.33     15000   -0.63527   -2.27722   -1.66125   -1.70957   -1.45489
     93.73     20000   -0.54022   -2.10726   -1.54345   -1.54208   -1.36600
    117.14     25000   -0.45662   -1.69023   -1.46633   -1.44936   -1.26206
    140.54     30000   -0.40984   -1.63821   -1.55336   -1.54521   -1.19915
    163.94     35000   -0.44430   -1.94486   -1.84610   -1.95435   -1.30272
    187.35     40000   -0.61917   -1.90630   -1.82827   -1.81387   -1.41518
    210.75     45000   -0.81209   -1.90880   -1.77665   -1.79707   -1.50352
    234.15     50000   -0.90780   -2.15873   -2.06530   -2.02885   -1.62555
    257.55     55000   -0.99228   -2.38180   -2.43002   -2.42467   -1.75092
    280.95     60000   -1.08245   -2.31142   -2.09684   -2.10899   -1.78557
    304.36     65000   -1.11716   -2.14189   -2.01645   -1.98641   -1.75938
    327.76     70000   -1.08635   -2.24964   -2.18631   -2.13884   -1.78273
    351.16     75000   -1.13196   -2.51198   -2.61165   -2.51155   -1.86999
    374.56     80000   -1.25048   -2.36664   -2.30316   -2.26259   -1.93031
    397.96     85000   -1.35289   -2.35560   -2.24066   -2.23228   -1.96537
    421.36     90000   -1.36456   -2.57452   -2.50120   -2.47696   -2.04198
    444.76     95000   -1.43430   -2.76551   -2.87520   -2.82136   -2.14444
    468.16    100000   -1.53369   -2.62294   -2.48146   -2.48780   -2.18537
 ITERATION...
    491.57      5000   -1.55413   -2.58935   -2.46133   -2.44191   -2.18909
    514.97     10000   -1.55946   -2.78908   -2.74265   -2.67858   -2.24456
    538.37     15000   -1.62558   -2.98790   -3.02761   -2.97186   -2.33725
    561.77     20000   -1.73780   -2.79725   -2.68809   -2.66329   -2.38205
    585.17     25000   -1.76339   -2.82348   -2.70864   -2.68509   -2.41109
    608.57     30000   -1.79920   -3.08490   -3.05765   -3.00899   -2.48920
    631.97     35000   -1.88182   -3.16264   -3.16045   -3.12707   -2.58059
    655.37     40000   -1.97757   -3.00353   -2.87841   -2.87226   -2.60913
    678.77     45000   -1.97200   -3.05633   -2.93788   -2.91855   -2.63078
    702.17     50000   -2.00659   -3.32936   -3.34925   -3.26892   -2.70782
    725.58     55000   -2.09975   -3.35445   -3.29880   -3.28348   -2.79306
    748.98     60000   -2.19789   -3.21448   -3.09014   -3.07354   -2.82032
    772.38     65000   -2.19068   -3.30528   -3.19910   -3.16868   -2.85658
    795.78     70000   -2.23741   -3.61437   -3.68345   -3.59003   -2.94451
    819.18     75000   -2.34062   -3.53401   -3.45430   -3.43521   -3.02131
    842.58     80000   -2.42744   -3.42299   -3.29969   -3.28522   -3.03968
    865.98     85000   -2.40711   -3.54722   -3.44722   -3.42017   -3.07932
    889.39     90000   -2.45805   -3.84663   -3.97409   -3.86238   -3.16962
    912.79     95000   -2.56705   -3.71511   -3.61810   -3.60791   -3.23770
    936.19    100000   -2.64104   -3.64579   -3.52044   -3.50472   -3.25601
    959.59      5000   -2.63023   -3.80661   -3.72191   -3.68478   -3.30701
    982.99     10000   -2.68924   -4.09269   -4.21072   -4.11444   -3.40146
   1006.39     15000   -2.79883   -3.90745   -3.79529   -3.78222   -3.45848
   1029.79     20000   -2.84196   -3.86737   -3.74537   -3.72625   -3.47501
   1053.19     25000   -2.85151   -4.06286   -3.99469   -3.95382   -3.53343
   1076.60     30000   -2.91682   -4.29130   -4.36696   -4.29762   -3.62772
   1100.00     35000   -3.02622   -4.09821   -3.98196   -3.97029   -3.67474
   1123.40     40000   -3.04829   -4.09855   -3.97798   -3.95894   -3.69458
   1146.80     45000   -3.07360   -4.32994   -4.28907   -4.23783   -3.76266
   1170.21     50000   -3.15012   -4.48474   -4.48878   -4.45315   -3.85532
   1193.61     55000   -3.25475   -4.29999   -4.17578   -4.16352   -3.89218
   1217.01     60000   -3.25963   -4.33287   -4.21651   -4.19343   -3.91574
   1240.41     65000   -3.29457   -4.59733   -4.59178   -4.52666   -3.99155
   1263.82     70000   -3.38259   -4.66444   -4.62415   -4.59895   -4.07953
   1287.22     75000   -3.48084   -4.50406   -4.37930   -4.36559   -4.10828
   1310.62     80000   -3.47444   -4.57395   -4.46318   -4.43852   -4.13837
   1334.02     85000   -3.51760   -4.86477   -4.91108   -4.82837   -4.22163
   1357.43     90000   -3.61588   -4.84153   -4.76749   -4.75178   -4.30286
   1380.83     95000   -3.70826   -4.71513   -4.58760   -4.57356   -4.32512
   1404.23    100000   -3.69238   -4.81994   -4.71649   -4.68773   -4.36243
   1427.63      5000   -3.74059   -5.12461   -5.22779   -5.12240   -4.45129
   1451.03     10000   -3.84775   -5.02310   -4.92844   -4.91496   -4.52372
   1474.43     15000   -3.93416   -4.93128   -4.80468   -4.78863   -4.54216
   1497.83     20000   -3.91436   -5.07236   -4.98003   -4.94714   -4.58802
   1521.23     25000   -3.96926   -5.36758   -5.50109   -5.39226   -4.68087
   1544.64     30000   -4.07805   -5.20714   -5.09906   -5.08718   -4.74327
   1568.04     35000   -4.13501   -5.15242   -5.02644   -5.00936   -4.76026
   1591.44     40000   -4.13556   -5.32976   -5.25204   -5.21338   -4.81489
   1614.83     45000   -4.19718   -5.58705   -5.68910   -5.60579   -4.90938
   1638.23     50000   -4.30657   -5.39829   -5.28152   -5.26988   -4.96120
   1661.64     55000   -4.33860   -5.37953   -5.25614   -5.23695   -4.97936
   1685.04     60000   -4.35686   -5.59330   -5.53742   -5.49067   -5.04299
   1708.44     65000   -4.42866   -5.78536   -5.82101   -5.77132   -5.13677
   1731.84     70000   -4.53501   -5.59422   -5.47193   -5.45982   -5.17835
   1755.24     75000   -4.54798   -5.61138   -5.49131   -5.47016   -5.19986
   1778.64     80000   -4.57851   -5.86011   -5.83475   -5.77685   -5.27198
   1802.05     85000   -4.66121   -5.96870   -5.94875   -5.91899   -5.36243
   1825.45     90000   -4.76284   -5.79652   -5.67110   -5.65837   -5.39487
   1848.85     95000   -4.76204   -5.84931   -5.73433   -5.71064   -5.42172
   1872.25    100000   -4.80022   -6.12888   -6.14778   -6.07361   -5.50161
   1895.65      5000   -4.89421   -6.14717   -6.08671   -6.06759   -5.58633
   1919.06     10000   -4.98934   -6.00415   -5.87694   -5.86310   -5.61141
   1942.46     15000   -4.97783   -6.09240   -5.98414   -5.95732   -5.64513
   1965.86     20000   -5.02306   -6.39295   -6.46813   -6.37276   -5.73148
   1989.26     25000   -5.12725   -6.32590   -6.24029   -6.22573   -5.80827
   2012.66     30000   -5.21630   -6.21752   -6.09013   -6.07511   -5.82825
   2036.06     35000   -5.19781   -6.34162   -6.24284   -6.21222   -5.86997
   2059.46     40000   -5.24979   -6.64480   -6.77002   -6.65901   -5.96117
   2082.86     45000   -5.35850   -6.50843   -6.40582   -6.39354   -6.02848
   2106.26     50000   -5.42968   -6.43618   -6.30940   -6.29292   -6.04585
   2129.66     55000   -5.41891   -6.59636   -6.51042   -6.47468   -6.09625
   2153.06     60000   -5.47763   -6.87577   -6.99976   -6.90071   -6.19023
   2176.47     65000   -5.58776   -6.69630   -6.58325   -6.57151   -6.24710
   2199.87     70000   -5.63073   -6.66037   -6.53556   -6.51739   -6.26441
   2223.27     75000   -5.64149   -6.85698   -6.78937   -6.74691   -6.32377
   2246.67     80000   -5.70755   -7.08310   -7.15075   -7.08634   -6.41821
   2270.07     85000   -5.81657   -6.88973   -6.76968   -6.75791   -6.46460
   2293.47     90000   -5.83731   -6.88983   -6.76785   -6.74775   -6.48424
   2316.87     95000   -5.86283   -7.12223   -7.08056   -7.02852   -6.55237
   2340.27    100000   -5.93969   -7.27236   -7.27693   -7.23908   -6.64472
   2363.67      5000   -6.04421   -7.08915   -6.96500   -6.95259   -6.68134
   2387.07     10000   -6.04913   -7.12490   -7.00727   -6.98483   -6.70542
   2410.47     15000   -6.08434   -7.39060   -7.38642   -7.32077   -6.78173
   2433.87     20000   -6.17309   -7.45214   -7.40879   -7.38557   -6.86949
   2457.27     25000   -6.27074   -7.29414   -7.16755   -7.15427   -6.89783
   2480.67     30000   -6.26374   -7.36541   -7.25359   -7.22837   -6.92810
   2504.04     35000   -6.30703   -7.65760   -7.70462   -7.61981   -7.01154
   2527.40     40000   -6.40569   -7.63014   -7.55525   -7.53894   -7.09236
   2550.74     45000   -6.49793   -7.50486   -7.37740   -7.36298   -7.11447
   2574.10     50000   -6.48204   -7.61175   -7.50805   -7.47937   -7.15225
   2597.48     55000   -6.53055   -7.91655   -8.02127   -7.91570   -7.24137
   2620.85     60000   -6.63798   -7.81058   -7.71508   -7.70198   -7.31337
   2644.19     65000   -6.72397   -7.72094   -7.59367   -7.57792   -7.33167
   2667.53     70000   -6.70379   -7.86379   -7.77110   -7.73799   -7.37786
   2690.88     75000   -6.75917   -8.15821   -8.29147   -8.18216   -7.47078
   2714.28     80000   -6.86784   -7.99579   -7.88720   -7.87531   -7.53270
   2737.67     85000   -6.92380   -7.94253   -7.81662   -7.79930   -7.54973
   2761.05     90000   -6.92539   -8.12170   -8.04451   -8.00554   -7.60480
   2784.43     95000   -6.98726   -8.37669   -8.47507   -8.39376   -7.69933
   2807.81    100000   -7.09656   -8.18650   -8.06936   -8.05769   -7.75070
   2831.19      5000   -7.12757   -8.16943   -8.04589   -8.02675   -7.76894
   2854.58     10000   -7.14650   -8.38484   -8.32952   -8.28247   -7.83292
   2877.96     15000   -7.21877   -8.57356   -8.60708   -8.55814   -7.92659
   2901.34     20000   -7.32488   -8.38308   -8.26065   -8.24858   -7.96774
   2924.73     25000   -7.33719   -8.40182   -8.28192   -8.26065   -7.98945
   2948.11     30000   -7.36821   -8.65210   -8.62833   -8.56982   -8.06195
   2971.49     35000   -7.45131   -8.75676   -8.73408   -8.70516   -8.15222
   2994.87     40000   -7.55282   -8.58539   -8.45974   -8.44692   -8.18430
   3018.23     45000   -7.55127   -8.63968   -8.52480   -8.50099   -8.21141
   3041.60     50000   -7.58992   -8.92041   -8.94117   -8.86620   -8.29160
   3064.96     55000   -7.68432   -8.93492   -8.87349   -8.85449   -8.37600
   3088.31     60000   -7.77925   -8.79341   -8.66622   -8.65237   -8.40081
   3111.66     65000   -7.76737   -8.88323   -8.77532   -8.74840   -8.43485
   3135.01     70000   -7.81278   -9.18430   -9.26205   -9.16590   -8.52147
   3158.36     75000   -7.91748   -9.11378   -9.02701   -9.01272   -8.59789
MyID= 0: Time=  0.1,has convergenced
     1684518 iterations for the convertgence of psi
 MyID=           0 has finish
