 START-UP FOR CHUNK...
     23.42      5000   -0.61023   -2.03317   -2.09983   -2.05875   -1.29027
     46.75     10000   -0.78489   -2.13322   -1.99683   -2.06141   -1.51420
     70.07     15000   -0.79273   -2.25096   -1.88157   -1.92127   -1.57069
     93.40     20000   -0.71813   -2.40500   -1.72640   -1.72939   -1.51142
    116.73     25000   -0.60058   -1.93957   -1.55912   -1.55366   -1.38294
    140.06     30000   -0.50507   -1.65627   -1.45981   -1.45940   -1.25177
    163.39     35000   -0.43492   -1.67961   -1.58834   -1.56237   -1.19313
    186.71     40000   -0.48575   -1.89274   -1.90006   -2.12650   -1.28322
    210.04     45000   -0.63329   -1.85515   -1.75122   -1.73157   -1.36992
    233.36     50000   -0.81964   -1.88969   -1.76430   -1.75035   -1.46972
    256.69     55000   -0.89879   -2.14650   -2.12105   -2.08387   -1.60090
    280.01     60000   -0.97561   -2.30389   -2.27970   -2.31356   -1.69001
    303.34     65000   -1.01585   -2.11258   -1.94556   -1.93777   -1.67266
    326.67     70000   -0.99311   -2.04223   -1.93652   -1.90686   -1.64585
    350.00     75000   -0.98268   -2.22835   -2.26327   -2.20985   -1.69118
    373.32     80000   -1.05518   -2.33141   -2.31279   -2.28223   -1.76213
    396.65     85000   -1.16375   -2.20788   -2.08518   -2.06171   -1.79756
    419.97     90000   -1.19728   -2.31934   -2.21973   -2.19764   -1.86470
    443.30     95000   -1.25295   -2.57951   -2.75105   -2.71111   -1.96368
    466.62    100000   -1.33159   -2.50648   -2.38560   -2.37835   -2.00749
 ITERATION...
    489.95      5000   -1.37306   -2.40498   -2.26972   -2.25131   -2.00061
    513.28     10000   -1.35131   -2.52249   -2.47558   -2.44103   -2.04064
    536.60     15000   -1.40607   -2.74656   -2.85395   -2.84437   -2.12208
    559.93     20000   -1.50102   -2.60820   -2.47926   -2.45900   -2.16058
    583.26     25000   -1.53830   -2.61755   -2.49603   -2.47040   -2.19529
    606.58     30000   -1.57168   -2.84837   -2.87367   -2.83537   -2.27901
    629.91     35000   -1.65370   -2.91904   -2.86948   -2.85659   -2.35022
    653.23     40000   -1.72663   -2.77376   -2.63469   -2.61588   -2.35868
    676.56     45000   -1.71390   -2.83832   -2.74314   -2.71695   -2.38953
    699.88     50000   -1.75219   -3.08799   -3.23946   -3.20418   -2.47135
    723.21     55000   -1.84304   -3.01631   -2.90780   -2.89310   -2.52400
    746.53     60000   -1.90839   -2.95169   -2.81851   -2.79690   -2.54308
    769.86     65000   -1.91472   -3.11393   -3.06125   -3.02890   -2.60719
    793.18     70000   -1.98064   -3.31899   -3.39491   -3.37862   -2.69188
    816.51     75000   -2.06264   -3.15770   -3.02350   -3.00594   -2.71735
    839.84     80000   -2.07618   -3.15973   -3.04232   -3.01757   -2.73758
    863.16     85000   -2.10041   -3.38454   -3.42340   -3.38738   -2.81211
    886.49     90000   -2.18510   -3.43932   -3.38161   -3.36799   -2.88188
    909.82     95000   -2.27123   -3.30961   -3.17353   -3.15351   -2.89872
    933.15    100000   -2.26571   -3.40035   -3.30731   -3.28045   -2.94294
    956.47      5000   -2.31147   -3.65966   -3.81958   -3.78030   -3.02977
    979.80     10000   -2.39980   -3.56080   -3.44426   -3.42936   -3.07581
   1003.12     15000   -2.44931   -3.49708   -3.36712   -3.34498   -3.08878
   1026.45     20000   -2.45340   -3.66166   -3.62100   -3.58926   -3.14963
   1049.77     25000   -2.52112   -3.85205   -3.90299   -3.89023   -3.23203
   1073.10     30000   -2.60641   -3.69172   -3.55760   -3.53915   -3.25830
   1096.43     35000   -2.62217   -3.71049   -3.59527   -3.57046   -3.28542
   1119.75     40000   -2.65196   -3.94717   -4.00437   -3.96565   -3.36474
   1143.08     45000   -2.73747   -3.97987   -3.90823   -3.89491   -3.43109
   1166.40     50000   -2.81973   -3.85471   -3.71852   -3.69831   -3.44439
   1189.73     55000   -2.80861   -3.95136   -3.86555   -3.83790   -3.48846
   1213.05     60000   -2.85643   -4.20740   -4.36659   -4.33577   -3.57451
   1236.38     65000   -2.94475   -4.09473   -3.97364   -3.95785   -3.61837
   1259.70     70000   -2.99041   -4.04355   -3.91448   -3.89179   -3.63433
   1283.03     75000   -3.00023   -4.22047   -4.18908   -4.15625   -3.69941
   1306.35     80000   -3.07191   -4.39308   -4.42319   -4.41008   -3.78042
   1329.67     85000   -3.15536   -4.23333   -4.09758   -4.07913   -3.80339
   1353.00     90000   -3.16615   -4.26106   -4.14905   -4.12396   -3.83145
   1376.33     95000   -3.19781   -4.50301   -4.57929   -4.54080   -3.91169
   1399.65    100000   -3.28346   -4.51317   -4.43051   -4.41726   -3.97536
   1422.98      5000   -3.36815   -4.39781   -4.26146   -4.24082   -3.98890
   1446.30     10000   -3.35475   -4.50646   -4.42529   -4.39682   -4.03657
   1469.63     15000   -3.40538   -4.75814   -4.91422   -4.88479   -4.12294
   1492.95     20000   -3.49324   -4.63223   -4.50784   -4.49166   -4.16329
   1516.28     25000   -3.53191   -4.59129   -4.46385   -4.44092   -4.17988
   1539.60     30000   -3.54548   -4.77784   -4.75758   -4.72429   -4.24706
   1562.93     35000   -3.61938   -4.92994   -4.93825   -4.92633   -4.32632
   1586.25     40000   -3.70401   -4.77282   -4.63610   -4.61738   -4.34750
   1609.58     45000   -3.71009   -4.81222   -4.70288   -4.67735   -4.37830
   1632.91     50000   -3.74480   -5.06058   -5.15542   -5.11533   -4.46022
   1656.23     55000   -3.83163   -5.04816   -4.95724   -4.94351   -4.52075
   1679.56     60000   -3.91554   -4.94201   -4.80647   -4.78554   -4.53375
   1702.88     65000   -3.89964   -5.06140   -4.98636   -4.95743   -4.58401
   1726.21     70000   -3.95357   -5.30594   -5.44963   -5.42532   -4.67016
   1749.53     75000   -4.04050   -5.16853   -5.04124   -5.02470   -4.70754
   1772.86     80000   -4.07415   -5.13878   -5.01305   -4.98979   -4.72567
   1796.18     85000   -4.09169   -5.33565   -5.32714   -5.29280   -4.79539
   1819.51     90000   -4.16828   -5.46695   -5.45667   -5.44459   -4.87265
   1842.83     95000   -4.25135   -5.31351   -5.17650   -5.15749   -4.89187
   1866.16    100000   -4.25455   -5.36378   -5.25810   -5.23221   -4.92505
   1889.49      5000   -4.29113   -5.61701   -5.73041   -5.69053   -5.00822
   1912.81     10000   -4.37921   -5.58250   -5.48387   -5.46978   -5.06567
   1936.14     15000   -4.45504   -5.48617   -5.35146   -5.33021   -5.07868
   1959.46     20000   -4.44482   -5.61657   -5.54806   -5.51849   -5.13178
   1982.79     25000   -4.50204   -5.85214   -5.97931   -5.95816   -5.21752
   2006.11     30000   -4.58790   -5.70591   -5.57639   -5.55947   -5.25188
   2029.44     35000   -4.61682   -5.68700   -5.56344   -5.53987   -5.27154
   2052.77     40000   -4.63672   -5.89355   -5.89844   -5.86331   -5.34355
   2076.09     45000   -4.71622   -6.00283   -5.97495   -5.96297   -5.41864
   2099.42     50000   -4.79929   -5.85443   -5.71714   -5.69782   -5.43624
   2122.75     55000   -4.79931   -5.91571   -5.81380   -5.78747   -5.47201
   2146.07     60000   -4.83832   -6.17250   -6.30328   -6.26343   -5.55628
   2169.40     65000   -4.92632   -6.11740   -6.01236   -5.99783   -5.61053
   2192.73     70000   -4.99512   -6.03111   -5.89747   -5.87592   -5.62371
   2216.05     75000   -4.98946   -6.17232   -6.11116   -6.08101   -5.67958
   2239.38     80000   -5.05038   -6.39645   -6.50252   -6.48471   -5.76464
   2262.70     85000   -5.13601   -6.24362   -6.11204   -6.09478   -5.79615
   2286.03     90000   -5.15956   -6.23565   -6.11429   -6.09038   -5.81758
   2309.35     95000   -5.18254   -6.45151   -6.47087   -6.43472   -5.89179
   2332.68    100000   -5.26451   -6.53825   -6.49506   -6.48284   -5.96449
   2356.01      5000   -5.34795   -6.39605   -6.25875   -6.23912   -5.98068
   2379.33     10000   -5.34408   -6.46829   -6.37056   -6.34379   -6.01908
   2402.65     15000   -5.38601   -6.72699   -6.87240   -6.83377   -6.10422
   2425.98     20000   -5.47415   -6.65245   -6.54172   -6.52681   -6.15526
   2449.30     25000   -5.53528   -6.57649   -6.44399   -6.42213   -6.16888
   2472.63     30000   -5.53486   -6.72847   -6.67528   -6.64444   -6.22749
   2495.95     35000   -5.59904   -6.93908   -7.02236   -7.00679   -6.31161
   2519.28     40000   -5.68467   -6.78194   -6.64873   -6.63113   -6.34041
   2542.60     45000   -5.70307   -6.78490   -6.66600   -6.64174   -6.36376
   2565.93     50000   -5.72907   -7.00954   -7.04470   -7.00762   -6.44002
   2589.25     55000   -5.81333   -7.07315   -7.01627   -7.00379   -6.51015
   2612.58     60000   -5.89667   -6.93814   -6.80095   -6.78101   -6.52520
   2635.90     65000   -5.88960   -7.02134   -6.92811   -6.90087   -6.56630
   2659.23     70000   -5.93340   -7.28021   -7.43596   -7.39926   -6.65207
   2682.55     75000   -6.02272   -7.18789   -7.07234   -7.05703   -6.69988
   2705.87     80000   -6.07595   -7.12244   -6.99127   -6.96909   -6.71417
   2729.20     85000   -6.08040   -7.28508   -7.24070   -7.20916   -6.77548
   2752.52     90000   -6.14717   -7.48008   -7.53982   -7.52594   -6.85841
   2775.85     95000   -6.23178   -7.32072   -7.18618   -7.16823   -6.88467
   2799.17    100000   -6.24732   -7.33464   -7.21838   -7.19376   -6.91009
   2822.50      5000   -6.27579   -7.56743   -7.61956   -7.58150   -6.98824
   2845.82     10000   -6.36101   -7.60779   -7.53897   -7.52615   -7.05564
   2869.15     15000   -6.44418   -7.48078   -7.34391   -7.32367   -7.06979
   2892.47     20000   -6.43453   -7.57493   -7.48663   -7.45891   -7.11364
   2915.80     25000   -6.48153   -7.83200   -7.99217   -7.95848   -7.19981
   2939.12     30000   -6.56991   -7.72369   -7.60397   -7.58827   -7.24441
   2962.44     35000   -6.61719   -7.66888   -7.53919   -7.51670   -7.25960
   2985.77     40000   -6.62521   -7.84206   -7.80735   -7.77505   -7.32353
   3009.09     45000   -6.69604   -8.01961   -8.05650   -8.04365   -7.40503
   3032.42     50000   -6.77962   -7.86004   -7.72446   -7.70619   -7.42893
   3055.74     55000   -6.79190   -7.88492   -7.77156   -7.74656   -7.45656
   3079.06     60000   -6.82282   -8.12507   -8.19523   -8.15631   -7.53645
   3102.38     65000   -6.90842   -8.14227   -8.06299   -8.04980   -7.60097
   3125.71     70000   -6.99243   -8.02393   -7.88754   -7.86699   -7.61447
   3149.03     75000   -6.97995   -8.12903   -8.04610   -8.01786   -7.66110
   3172.35     80000   -7.02972   -8.38220   -8.53993   -8.50993   -7.74743
   3195.67     85000   -7.11760   -8.25991   -8.13664   -8.12057   -7.78885
   3219.00     90000   -7.15841   -8.21586   -8.08781   -8.06500   -7.80516
   3242.32     95000   -7.17074   -8.39940   -8.37534   -8.34224   -7.87165
   3265.65    100000   -7.24393   -8.55785   -8.57315   -8.56090   -7.95147
   3288.97      5000   -7.32821   -8.39987   -8.26352   -8.24492   -7.97321
   3312.30     10000   -7.33583   -8.43572   -8.32549   -8.30011   -8.00318
   3335.62     15000   -7.36989   -8.68229   -8.77115   -8.73151   -8.08461
   3358.95     20000   -7.45605   -8.67674   -8.58837   -8.57478   -8.14614
   3382.27     25000   -7.54053   -8.56761   -8.43186   -8.41101   -8.15926
   3405.59     30000   -7.52505   -8.68364   -8.60659   -8.57781   -8.20868
   3428.91     35000   -7.57792   -8.93069   -9.07902   -9.05306   -8.29492
   3452.24     40000   -7.66538   -8.79658   -8.67029   -8.65384   -8.33323
   3475.56     45000   -7.70040   -8.76335   -8.63711   -8.61398   -8.35087
   3498.88     50000   -7.71701   -8.95702   -8.94468   -8.91072   -8.41981
   3522.21     55000   -7.79245   -9.09500   -9.09045   -9.07845   -8.49773
   3545.53     60000   -7.87604   -8.94023   -8.80334   -8.78443   -8.51753
   3568.85     65000   -7.88010   -8.98706   -8.88023   -8.85445   -8.54994
   3592.17     70000   -7.91609   -9.23891   -9.34653   -9.30651   -8.63273
MyID= 0: Time=  0.1,has convergenced
     1686130 iterations for the convertgence of psi
 MyID=           0 has finish
