 START-UP FOR CHUNK...
     23.47      5000   -0.54210   -1.99490   -1.83962   -1.74938   -1.27905
     46.83     10000   -0.63086   -2.18126   -1.69302   -1.76659   -1.43716
     70.20     15000   -0.57659   -2.24162   -1.59074   -1.64599   -1.41014
     93.56     20000   -0.48610   -2.00363   -1.50366   -1.49480   -1.32387
    116.92     25000   -0.42673   -1.63524   -1.46556   -1.45239   -1.23521
    140.28     30000   -0.40295   -1.74044   -1.66109   -1.64430   -1.21620
    163.65     35000   -0.47039   -1.95901   -1.81887   -1.94968   -1.35532
    187.01     40000   -0.68419   -1.90782   -1.80912   -1.79341   -1.46299
    210.37     45000   -0.89428   -1.97657   -1.83682   -1.86097   -1.56522
    233.73     50000   -0.95295   -2.28899   -2.18573   -2.16682   -1.69003
    257.09     55000   -1.03057   -2.41342   -2.35922   -2.36806   -1.81024
    280.46     60000   -1.13153   -2.32732   -2.10287   -2.12723   -1.83623
    303.82     65000   -1.17651   -2.20609   -2.07694   -2.05367   -1.81986
    327.18     70000   -1.14800   -2.36224   -2.29158   -2.24284   -1.85796
    350.54     75000   -1.20393   -2.63500   -2.63701   -2.54124   -1.95714
    373.90     80000   -1.33767   -2.45145   -2.36870   -2.32250   -2.02005
    397.27     85000   -1.44702   -2.43345   -2.32622   -2.31433   -2.05574
    420.63     90000   -1.44811   -2.66882   -2.57558   -2.56344   -2.12970
    443.99     95000   -1.51839   -2.88489   -2.96526   -2.87377   -2.23784
    467.36    100000   -1.63750   -2.73298   -2.58960   -2.60000   -2.29441
 ITERATION...
    490.72      5000   -1.68510   -2.69356   -2.55240   -2.54630   -2.30222
    514.08     10000   -1.66950   -2.87372   -2.78941   -2.74000   -2.35128
    537.44     15000   -1.73242   -3.16558   -3.20408   -3.10573   -2.45041
    560.80     20000   -1.86052   -2.96430   -2.84505   -2.82137   -2.51553
    584.17     25000   -1.91713   -2.92753   -2.80871   -2.78569   -2.54019
    607.53     30000   -1.92809   -3.13415   -3.04807   -3.01652   -2.60208
    630.89     35000   -1.99340   -3.39676   -3.46551   -3.35705   -2.70409
    654.25     40000   -2.11763   -3.19277   -3.07272   -3.06531   -2.76570
    677.61     45000   -2.15331   -3.16912   -3.03423   -3.02850   -2.78172
    700.97     50000   -2.15864   -3.36834   -3.27584   -3.23887   -2.83619
    724.33     55000   -2.22381   -3.64151   -3.69207   -3.59590   -2.93549
    747.69     60000   -2.35003   -3.44226   -3.31361   -3.30429   -2.99898
    771.06     65000   -2.38967   -3.41423   -3.28599   -3.26696   -3.02033
    794.42     70000   -2.40329   -3.61872   -3.53494   -3.49255   -3.07993
    817.78     75000   -2.47073   -3.89669   -3.93259   -3.83448   -3.18051
    841.14     80000   -2.59622   -3.67153   -3.54922   -3.53541   -3.24190
    864.50     85000   -2.62699   -3.64751   -3.51845   -3.50673   -3.26054
    887.86     90000   -2.63957   -3.85602   -3.76608   -3.73123   -3.31816
    911.22     95000   -2.70746   -4.11960   -4.16632   -4.06999   -3.41769
    934.58    100000   -2.83314   -3.91264   -3.78605   -3.77886   -3.47905
    957.95      5000   -2.86476   -3.89401   -3.76375   -3.74946   -3.49945
    981.31     10000   -2.88091   -4.10437   -4.02211   -3.97866   -3.55939
   1004.68     15000   -2.95026   -4.37581   -4.39437   -4.30889   -3.65971
   1028.04     20000   -3.07534   -4.15051   -4.02198   -4.00978   -3.71975
   1051.40     25000   -3.10253   -4.12922   -4.00139   -3.98612   -3.73931
   1074.76     30000   -3.11977   -4.34275   -4.25885   -4.21988   -3.79912
   1098.13     35000   -3.18943   -4.60281   -4.63396   -4.54193   -3.89889
   1121.49     40000   -3.31439   -4.38593   -4.26042   -4.25097   -3.95816
   1144.85     45000   -3.34075   -4.37235   -4.24381   -4.23053   -3.97838
   1168.22     50000   -3.35997   -4.58936   -4.51012   -4.46787   -4.03950
   1191.58     55000   -3.43064   -4.84650   -4.85784   -4.77989   -4.13975
   1214.94     60000   -3.55565   -4.62580   -4.49454   -4.48479   -4.19810
   1238.30     65000   -3.57871   -4.61107   -4.48287   -4.46717   -4.21812
   1261.66     70000   -3.59970   -4.82985   -4.75140   -4.70836   -4.27971
   1285.03     75000   -3.67054   -5.08270   -5.09752   -5.01376   -4.37968
   1308.39     80000   -3.79544   -4.86166   -4.73457   -4.72377   -4.43697
   1331.75     85000   -3.81714   -4.85194   -4.72523   -4.71086   -4.45731
   1355.11     90000   -3.83973   -5.07500   -5.00001   -4.95718   -4.51988
   1378.47     95000   -3.91113   -5.31809   -5.32245   -5.24922   -4.62010
   1401.83    100000   -4.03651   -5.09964   -4.96818   -4.95916   -4.67661
   1425.20      5000   -4.05525   -5.09210   -4.96407   -4.94881   -4.69699
   1448.56     10000   -4.07970   -5.31710   -5.24315   -5.19778   -4.76023
   1471.92     15000   -4.15129   -5.55738   -5.55979   -5.48454   -4.86027
   1495.28     20000   -4.27660   -5.33740   -5.20826   -5.19760   -4.91566
   1518.64     25000   -4.29372   -5.33271   -5.20689   -5.19144   -4.93626
   1542.00     30000   -4.31970   -5.56173   -5.49127   -5.44627   -5.00039
   1565.36     35000   -4.39186   -5.79145   -5.78662   -5.71819   -5.10056
   1588.72     40000   -4.51753   -5.57385   -5.44256   -5.43325   -5.15517
   1612.08     45000   -4.53174   -5.57284   -5.44564   -5.43038   -5.17592
   1635.45     50000   -4.55943   -5.80451   -5.73475   -5.68780   -5.24076
   1658.81     55000   -4.63223   -6.02944   -6.02220   -5.95395   -5.34077
   1682.17     60000   -4.75725   -5.81238   -5.68203   -5.67191   -5.39428
   1705.53     65000   -4.77016   -5.81390   -5.68851   -5.67255   -5.41524
   1728.89     70000   -4.79926   -6.04924   -5.98311   -5.93557   -5.48095
   1752.25     75000   -4.87285   -6.26473   -6.25002   -6.18700   -5.58103
   1775.61     80000   -4.99778   -6.04867   -5.91720   -5.90757   -5.63372
   1798.97     85000   -5.00833   -6.05381   -5.92761   -5.91190   -5.65490
   1822.33     90000   -5.03911   -6.29227   -6.22676   -6.17802   -5.72133
   1845.69     95000   -5.11337   -6.50107   -6.48486   -6.42239   -5.82122
   1869.05    100000   -5.23769   -6.28703   -6.15619   -6.14636   -5.87286
   1892.42      5000   -5.24683   -6.29514   -6.17022   -6.15400   -5.89427
   1915.78     10000   -5.27903   -6.53714   -6.47521   -6.42532   -5.96155
   1939.14     15000   -5.35408   -6.73704   -6.71306   -6.65543   -6.06146
   1962.50     20000   -5.47827   -6.52376   -6.39194   -6.38223   -6.11226
   1985.86     25000   -5.48515   -6.53512   -6.40979   -6.39355   -6.13393
   2009.22     30000   -5.51863   -6.78038   -6.71928   -6.66836   -6.20195
   2032.59     35000   -5.59472   -6.97280   -6.94757   -6.89033   -6.30163
   2055.95     40000   -5.71834   -6.76181   -6.63073   -6.62094   -6.35141
   2079.31     45000   -5.72374   -6.77645   -6.65216   -6.63566   -6.37334
   2102.67     50000   -5.75809   -7.02528   -6.96761   -6.91547   -6.44219
   2126.03     55000   -5.83553   -7.20857   -7.17613   -7.12338   -6.54185
   2149.40     60000   -5.95897   -6.99892   -6.86683   -6.85717   -6.59078
   2172.76     65000   -5.96219   -7.01667   -6.89211   -6.87542   -6.61300
   2196.12     70000   -5.99770   -7.26874   -7.21225   -7.15888   -6.68260
   2219.48     75000   -6.07629   -7.44436   -7.41031   -7.35799   -6.78200
   2242.84     80000   -6.19920   -7.23690   -7.10556   -7.09574   -6.82993
   2266.20     85000   -6.20088   -7.25794   -7.13436   -7.11749   -6.85245
   2289.56     90000   -6.23727   -7.51360   -7.46044   -7.40593   -6.92287
   2312.93     95000   -6.31720   -7.67974   -7.63937   -7.59098   -7.02218
   2336.29    100000   -6.43989   -7.47420   -7.34194   -7.33231   -7.06927
   2359.65      5000   -6.43946   -7.49839   -7.37459   -7.35750   -7.09211
   2383.01     10000   -6.47698   -7.75728   -7.70559   -7.64966   -7.16327
   2406.38     15000   -6.55774   -7.91556   -7.87320   -7.82545   -7.26232
   2429.74     20000   -6.67980   -7.71224   -7.58063   -7.57079   -7.30842
   2453.10     25000   -6.67825   -7.73965   -7.61680   -7.59950   -7.33160
   2476.46     30000   -6.71666   -8.00211   -7.95373   -7.89663   -7.40357
   2499.82     35000   -6.79842   -8.15072   -8.10281   -8.05838   -7.50247
   2523.18     40000   -6.91998   -7.94966   -7.81729   -7.80764   -7.54774
   2546.55     45000   -6.91694   -7.98027   -7.85726   -7.83978   -7.57127
   2569.92     50000   -6.95646   -8.24594   -8.19931   -8.14070   -7.64398
   2593.31     55000   -7.03904   -8.38644   -8.33638   -8.29276   -7.74258
   2616.67     60000   -7.15990   -8.18780   -8.05592   -8.04609   -7.78690
   2640.02     65000   -7.15583   -8.22158   -8.09946   -8.08173   -7.81079
   2663.37     70000   -7.19626   -8.49075   -8.44748   -8.38759   -7.88430
   2686.72     75000   -7.27982   -8.62153   -8.56651   -8.52570   -7.98270
   2710.07     80000   -7.40016   -8.42535   -8.29287   -8.28316   -8.02620
   2733.44     85000   -7.39465   -8.46234   -8.34015   -8.32223   -8.05047
   2756.83     90000   -7.43617   -8.73471   -8.69344   -8.63197   -8.12472
   2780.22     95000   -7.52056   -8.85710   -8.79991   -8.75999   -8.22278
   2803.59    100000   -7.64020   -8.66355   -8.53146   -8.52161   -8.26535
   2826.97      5000   -7.63364   -8.70371   -8.58234   -8.56416   -8.29003
   2850.35     10000   -7.67607   -8.97951   -8.94167   -8.87879   -8.36506
   2873.73     15000   -7.76144   -9.09217   -9.03050   -8.99300   -8.46288
   2897.11     20000   -7.88055   -8.90125   -8.76865   -8.75889   -8.50463
   2920.49     25000   -7.87257   -8.94459   -8.82324   -8.80487   -8.52973
   2943.86     30000   -7.91608   -9.22357   -9.18799   -9.12344   -8.60548
MyID= 0: Time=  0.1,has convergenced
     1682163 iterations for the convertgence of psi
 MyID=           0 has finish
