 START-UP FOR CHUNK...
     23.48      5000   -0.57307   -2.01727   -1.94810   -1.87416   -1.28401
     46.87     10000   -0.69937   -2.16283   -1.81293   -1.88256   -1.47590
     70.26     15000   -0.66849   -2.27852   -1.70388   -1.74838   -1.47998
     93.66     20000   -0.57452   -2.17148   -1.57371   -1.57394   -1.39279
    117.05     25000   -0.47922   -1.73226   -1.47463   -1.45808   -1.28121
    140.44     30000   -0.42428   -1.60535   -1.50831   -1.50680   -1.19960
    163.83     35000   -0.43441   -1.91316   -1.84165   -1.88129   -1.27223
    187.22     40000   -0.58596   -1.91549   -1.84712   -1.85538   -1.38949
    210.61     45000   -0.76774   -1.88327   -1.75253   -1.76600   -1.47066
    234.01     50000   -0.88490   -2.09567   -1.99665   -1.95230   -1.59093
    257.40     55000   -0.97307   -2.35954   -2.46671   -2.42113   -1.71865
    280.80     60000   -1.05880   -2.30880   -2.11295   -2.11515   -1.76246
    304.19     65000   -1.09040   -2.11738   -1.98904   -1.96015   -1.73335
    327.58     70000   -1.05859   -2.19291   -2.12297   -2.08380   -1.74657
    350.97     75000   -1.09527   -2.44499   -2.58026   -2.48667   -1.82679
    374.36     80000   -1.20598   -2.33995   -2.28116   -2.24760   -1.88848
    397.75     85000   -1.31400   -2.32005   -2.19837   -2.18996   -1.92313
    421.13     90000   -1.32318   -2.51999   -2.44895   -2.41842   -1.99924
    444.53     95000   -1.39073   -2.72895   -2.85586   -2.81003   -2.09971
    467.92    100000   -1.48197   -2.58375   -2.44332   -2.44350   -2.13698
 ITERATION...
    491.31      5000   -1.50174   -2.54127   -2.41697   -2.39268   -2.13900
    514.70     10000   -1.50547   -2.73773   -2.69961   -2.63943   -2.19430
    538.09     15000   -1.57351   -2.91215   -2.96031   -2.91223   -2.28317
    561.48     20000   -1.67933   -2.73548   -2.62586   -2.60253   -2.32288
    584.87     25000   -1.70255   -2.77771   -2.66129   -2.63913   -2.35511
    608.26     30000   -1.73960   -3.04197   -3.04907   -2.99504   -2.43732
    631.65     35000   -1.82715   -3.07747   -3.04901   -3.03161   -2.52106
    655.04     40000   -1.91167   -2.93668   -2.80790   -2.79876   -2.54055
    678.43     45000   -1.90047   -3.00886   -2.90018   -2.87414   -2.56742
    701.82     50000   -1.93910   -3.29099   -3.37558   -3.28516   -2.64964
    725.21     55000   -2.03935   -3.24275   -3.16459   -3.15113   -2.72324
    748.60     60000   -2.13023   -3.13768   -3.01390   -2.99377   -2.74390
    771.99     65000   -2.11778   -3.26807   -3.17537   -3.14199   -2.79085
    795.38     70000   -2.17058   -3.55946   -3.70441   -3.60854   -2.88294
    818.77     75000   -2.27253   -3.40602   -3.30586   -3.29135   -2.94122
    842.16     80000   -2.32886   -3.34743   -3.22408   -3.20671   -2.95506
    865.56     85000   -2.32687   -3.52070   -3.45017   -3.41391   -3.00908
    888.95     90000   -2.38797   -3.75560   -3.86620   -3.80297   -3.10075
    912.34     95000   -2.49163   -3.57980   -3.46392   -3.45228   -3.14637
    935.73    100000   -2.52100   -3.57313   -3.45291   -3.43109   -3.16651
    959.12      5000   -2.54305   -3.79747   -3.76527   -3.71452   -3.23555
    982.51     10000   -2.62024   -3.94429   -3.95100   -3.92195   -3.32466
   1005.90     15000   -2.71647   -3.76508   -3.64201   -3.62671   -3.35584
   1029.29     20000   -2.72084   -3.80369   -3.69094   -3.66633   -3.38071
   1052.68     25000   -2.75558   -4.06816   -4.09343   -4.02916   -3.45888
   1076.07     30000   -2.84661   -4.09631   -4.04684   -4.02896   -3.53982
   1099.46     35000   -2.93820   -3.95907   -3.83282   -3.81775   -3.56235
   1122.85     40000   -2.92925   -4.04918   -3.94589   -3.91803   -3.59838
   1146.24     45000   -2.97441   -4.33822   -4.44829   -4.35857   -3.68560
   1169.63     50000   -3.07602   -4.25889   -4.16782   -4.15555   -3.75462
   1193.02     55000   -3.16005   -4.16496   -4.03778   -4.01991   -3.77113
   1216.41     60000   -3.14116   -4.30254   -4.21594   -4.18176   -3.81805
   1239.81     65000   -3.19531   -4.58001   -4.72899   -4.63827   -3.90948
   1263.19     70000   -3.29918   -4.42323   -4.31459   -4.30146   -3.96454
   1286.59     75000   -3.34787   -4.38002   -4.25536   -4.23578   -3.98116
   1309.98     80000   -3.35553   -4.56806   -4.50691   -4.46606   -4.04087
   1333.37     85000   -3.42227   -4.78054   -4.85867   -4.80858   -4.13262
   1356.76     90000   -3.52300   -4.59981   -4.47913   -4.46632   -4.17332
   1380.15     95000   -3.54352   -4.60571   -4.48529   -4.46304   -4.19372
   1403.53    100000   -3.56939   -4.84071   -4.82191   -4.76798   -4.26499
   1426.93      5000   -3.65077   -4.95158   -4.94129   -4.91689   -4.35199
   1450.32     10000   -3.74526   -4.78660   -4.66095   -4.64624   -4.38058
   1473.71     15000   -3.74572   -4.84174   -4.72932   -4.70375   -4.40905
   1497.09     20000   -3.78390   -5.11608   -5.16444   -5.09171   -4.49057
   1520.48     25000   -3.87944   -5.10895   -5.04378   -5.02847   -4.56830
   1543.87     30000   -3.96785   -4.98388   -4.85616   -4.84016   -4.58829
   1567.26     35000   -3.95616   -5.08813   -4.98759   -4.95801   -4.62712
   1590.65     40000   -4.00364   -5.37782   -5.50850   -5.41313   -4.71583
   1614.04     45000   -4.10604   -5.26959   -5.17341   -5.16083   -4.78086
   1637.42     50000   -4.18091   -5.19193   -5.06492   -5.04684   -4.79708
   1660.81     55000   -4.16935   -5.34557   -5.26401   -5.22838   -4.84798
   1684.20     60000   -4.22653   -5.60826   -5.74540   -5.66486   -4.94009
   1707.59     65000   -4.32949   -5.43830   -5.32534   -5.31265   -4.99074
   1730.97     70000   -4.36873   -5.40994   -5.28600   -5.26568   -5.00791
   1754.36     75000   -4.38322   -5.61268   -5.56109   -5.51688   -5.07106
   1777.75     80000   -4.45342   -5.79777   -5.84743   -5.80688   -5.16188
   1801.14     85000   -4.55300   -5.61760   -5.49562   -5.48214   -5.19871
   1824.53     90000   -4.56687   -5.63852   -5.52018   -5.49713   -5.22123
   1847.92     95000   -4.59631   -5.88708   -5.88467   -5.82637   -5.29584
   1871.31    100000   -4.68228   -5.96226   -5.93266   -5.91218   -5.38055
   1894.69      5000   -4.77491   -5.80765   -5.68128   -5.66633   -5.40610
   1918.08     10000   -4.77142   -5.87743   -5.76803   -5.74146   -5.43736
   1941.47     15000   -4.81185   -6.15985   -6.23274   -6.15269   -5.52133
   1964.86     20000   -4.91066   -6.11984   -6.04374   -6.02961   -5.59559
   1988.25     25000   -4.99842   -6.00827   -5.88079   -5.86415   -5.61397
   2011.64     30000   -4.98353   -6.12717   -6.03156   -6.00043   -5.65630
   2035.02     35000   -5.03382   -6.41426   -6.56009   -6.46342   -5.74649
   2058.41     40000   -5.13604   -6.28237   -6.18030   -6.16781   -5.80734
   2081.80     45000   -5.19961   -6.21925   -6.09305   -6.07438   -5.82332
   2105.19     50000   -5.19739   -6.38748   -6.31345   -6.27572   -5.87785
   2128.58     55000   -5.25712   -6.63203   -6.74803   -6.68007   -5.97008
   2151.97     60000   -5.36047   -6.45426   -6.33812   -6.32528   -6.01649
   2175.36     65000   -5.39086   -6.44052   -6.31806   -6.29698   -6.03483
   2198.75     70000   -5.40987   -6.65737   -6.61808   -6.57039   -6.10153
   2222.14     75000   -5.48534   -6.81221   -6.83489   -6.80256   -6.19104
   2245.53     80000   -5.58273   -6.63674   -6.51312   -6.49922   -6.22419
   2268.92     85000   -5.59075   -6.67210   -6.55607   -6.53206   -6.24898
   2292.31     90000   -5.62425   -6.93244   -6.94961   -6.88573   -6.32661
   2315.70     95000   -5.71434   -6.97287   -6.92680   -6.90902   -6.40863
   2339.09    100000   -5.80565   -6.82999   -6.70306   -6.68765   -6.43159
   2362.48      5000   -5.79763   -6.91427   -6.80840   -6.78063   -6.46594
   2385.87     10000   -5.84109   -7.20199   -7.30059   -7.21339   -6.55213
   2409.26     15000   -5.94247   -7.13118   -7.04574   -7.03243   -6.62267
   2432.65     20000   -6.02741   -7.03369   -6.90635   -6.88913   -6.63982
   2456.04     25000   -6.00979   -7.16715   -7.07694   -7.04410   -6.68569
   2479.43     30000   -6.06297   -7.44706   -7.59794   -7.50448   -6.77695
   2502.82     35000   -6.16701   -7.29623   -7.18915   -7.17666   -6.83354
   2526.21     40000   -6.21896   -7.24773   -7.12242   -7.10308   -6.84974
   2549.60     45000   -6.22371   -7.43054   -7.36510   -7.32490   -6.90793
   2572.99     50000   -6.28870   -7.65268   -7.74163   -7.68646   -6.99987
   2596.38     55000   -6.38999   -7.47119   -7.35231   -7.33922   -7.04214
   2619.76     60000   -6.41342   -7.47202   -7.35116   -7.32928   -7.06200
   2643.15     65000   -6.43769   -7.70260   -7.67730   -7.62561   -7.13211
   2666.54     70000   -6.51716   -7.82495   -7.82371   -7.79739   -7.21989
   2689.93     75000   -6.61306   -7.65689   -7.53197   -7.51766   -7.24963
   2713.31     80000   -6.61485   -7.70673   -7.59328   -7.56826   -7.27697
   2736.70     85000   -6.65213   -7.97759   -8.01679   -7.94657   -7.35743
   2760.09     90000   -6.74575   -7.98347   -7.92325   -7.90744   -7.43642
   2783.47     95000   -6.83516   -7.85325   -7.72594   -7.71003   -7.45717
   2806.86    100000   -6.82437   -7.95204   -7.85011   -7.82101   -7.49477
   2830.25      5000   -6.87098   -8.24207   -8.36451   -8.27120   -7.58287
   2853.64     10000   -6.97349   -8.14320   -8.04998   -8.03714   -7.64945
   2877.03     15000   -7.05282   -8.06004   -7.93307   -7.91526   -7.66582
   2900.42     20000   -7.03723   -8.20810   -8.12408   -8.08936   -7.71530
   2923.81     25000   -7.09330   -8.47630   -8.61975   -8.53487   -7.80724
   2947.19     30000   -7.19657   -8.31099   -8.19963   -8.18706   -7.85954
   2970.58     35000   -7.23931   -8.27710   -8.15284   -8.13280   -7.87638
   2993.97     40000   -7.25122   -8.47435   -8.41881   -8.37575   -7.93818
   3017.36     45000   -7.32002   -8.67039   -8.73070   -8.68662   -8.02940
   3040.75     50000   -7.42069   -8.48912   -8.36798   -8.35458   -8.06769
   3064.14     55000   -7.43663   -8.50446   -8.38546   -8.36272   -8.08941
   3087.53     60000   -7.46463   -8.74817   -8.73904   -8.68275   -8.16279
   3110.92     65000   -7.54887   -8.83654   -8.81440   -8.79250   -8.24842
   3134.30     70000   -7.64218   -8.67798   -8.55203   -8.53728   -8.27507
   3157.69     75000   -7.64015   -8.74227   -8.63173   -8.60562   -8.30521
   3181.07     80000   -7.67972   -9.02185   -9.08527   -9.00801   -8.38827
   3204.46     85000   -7.77755   -8.99428   -8.92218   -8.90771   -8.46389
   3227.85     90000   -7.86531   -8.87745   -8.74999   -8.73355   -8.48284
   3251.23     95000   -7.85230   -8.99077   -8.89334   -8.86278   -8.52384
   3274.62    100000   -7.90127   -9.27945   -9.42049   -9.32390   -8.61351
MyID= 0: Time=  0.1,has convergenced
     1685396 iterations for the convertgence of psi
 MyID=           0 has finish
