 START-UP FOR CHUNK...
     23.65      5000   -0.61997   -2.03661   -2.14421   -2.12434   -1.29089
     47.03     10000   -0.80872   -2.12852   -2.05930   -2.12592   -1.52222
     70.40     15000   -0.83120   -2.23637   -1.94560   -1.98402   -1.59584
     93.78     20000   -0.76789   -2.46585   -1.78788   -1.78889   -1.55357
    117.15     25000   -0.65004   -2.01853   -1.60520   -1.60240   -1.42667
    140.52     30000   -0.53887   -1.71899   -1.47293   -1.47247   -1.28282
    163.90     35000   -0.45298   -1.62892   -1.51358   -1.50029   -1.18953
    187.27     40000   -0.47032   -1.83985   -1.85835   -1.93880   -1.24254
    210.64     45000   -0.59473   -1.88822   -1.79412   -1.77837   -1.33902
    234.01     50000   -0.76640   -1.84049   -1.71316   -1.70249   -1.42672
    257.38     55000   -0.86613   -2.06216   -1.99011   -1.94994   -1.55709
    280.76     60000   -0.94509   -2.31287   -2.38258   -2.42822   -1.66226
    304.13     65000   -0.99370   -2.14316   -1.96831   -1.95773   -1.66069
    327.50     70000   -0.98610   -2.01591   -1.89528   -1.86623   -1.62324
    350.87     75000   -0.95246   -2.14481   -2.13267   -2.09291   -1.65143
    374.25     80000   -1.00697   -2.32273   -2.37138   -2.34556   -1.72327
    397.62     85000   -1.11199   -2.18791   -2.06559   -2.04229   -1.76210
    420.99     90000   -1.16082   -2.25635   -2.14392   -2.12650   -1.82322
    444.36     95000   -1.21224   -2.50563   -2.61462   -2.58504   -1.92207
    467.73    100000   -1.28989   -2.51262   -2.40476   -2.40190   -1.97530
 ITERATION...
    491.11      5000   -1.34442   -2.37957   -2.23560   -2.21744   -1.96705
    514.48     10000   -1.31275   -2.45539   -2.39147   -2.35951   -1.99734
    537.85     15000   -1.35657   -2.70431   -2.83999   -2.83856   -2.07647
    561.23     20000   -1.44792   -2.59021   -2.46225   -2.43978   -2.11942
    584.60     25000   -1.49994   -2.56789   -2.44137   -2.41642   -2.15173
    607.97     30000   -1.52682   -2.77434   -2.76826   -2.74032   -2.23262
    631.34     35000   -1.60391   -2.89592   -2.87412   -2.86172   -2.30645
    654.71     40000   -1.67526   -2.74158   -2.59814   -2.57996   -2.31565
    678.07     45000   -1.66846   -2.77997   -2.67931   -2.65543   -2.34199
    701.45     50000   -1.70093   -3.02041   -3.14642   -3.12404   -2.42102
    724.82     55000   -1.78773   -2.98710   -2.87799   -2.86328   -2.47492
    748.19     60000   -1.86194   -2.90414   -2.76821   -2.74594   -2.49374
    771.57     65000   -1.86390   -3.04994   -2.99172   -2.96272   -2.55662
    794.94     70000   -1.92682   -3.27117   -3.35657   -3.34487   -2.64036
    818.31     75000   -2.00633   -3.11531   -2.97757   -2.95861   -2.66493
    841.68     80000   -2.02326   -3.10471   -2.98621   -2.96224   -2.68433
    865.06     85000   -2.04440   -3.31874   -3.35429   -3.32785   -2.75788
    888.43     90000   -2.12634   -3.38877   -3.32619   -3.31273   -2.82527
    911.80     95000   -2.21240   -3.25624   -3.11700   -3.09642   -2.84134
    935.18    100000   -2.20712   -3.34188   -3.25179   -3.22643   -2.88719
    958.55      5000   -2.25398   -3.59784   -3.75076   -3.72798   -2.97306
    981.92     10000   -2.33773   -3.50245   -3.37762   -3.36129   -3.01448
   1005.30     15000   -2.38354   -3.43862   -3.30867   -3.28590   -3.02792
   1028.67     20000   -2.38969   -3.60411   -3.57470   -3.54694   -3.09126
   1052.04     25000   -2.45950   -3.78366   -3.80479   -3.79596   -3.16985
   1075.41     30000   -2.54353   -3.62519   -3.48590   -3.46587   -3.19177
   1098.78     35000   -2.55434   -3.65153   -3.54088   -3.51643   -3.22277
   1122.15     40000   -2.58694   -3.89154   -3.97528   -3.94650   -3.30413
   1145.52     45000   -2.67117   -3.89986   -3.80607   -3.79155   -3.36257
   1168.89     50000   -2.75425   -3.78593   -3.64836   -3.62703   -3.37430
   1192.27     55000   -2.73765   -3.89627   -3.82446   -3.79819   -3.42451
   1215.64     60000   -2.79127   -4.14016   -4.27118   -4.26148   -3.50885
   1239.01     65000   -2.87477   -4.00842   -3.87507   -3.85708   -3.54313
   1262.38     70000   -2.90828   -3.97692   -3.85181   -3.82832   -3.56280
   1285.75     75000   -2.92581   -4.17273   -4.17480   -4.14580   -3.63450
   1309.13     80000   -3.00318   -4.29800   -4.26755   -4.25614   -3.70739
   1332.50     85000   -3.08500   -4.14705   -4.00638   -3.98605   -3.72336
   1355.87     90000   -3.08523   -4.20138   -4.10168   -4.07664   -3.75981
   1379.24     95000   -3.12362   -4.45323   -4.58280   -4.55927   -3.84337
   1402.61    100000   -3.20897   -4.40278   -4.28886   -4.27311   -3.89348
   1425.98      5000   -3.27290   -4.31658   -4.18174   -4.15958   -3.90690
   1449.35     10000   -3.27128   -4.45831   -4.40581   -4.37837   -3.96561
   1472.72     15000   -3.33383   -4.67450   -4.75235   -4.74329   -4.04781
   1496.09     20000   -3.41632   -4.52179   -4.38377   -4.36493   -4.07411
   1519.46     25000   -3.43654   -4.51979   -4.40177   -4.37782   -4.09834
   1542.83     30000   -3.46151   -4.74021   -4.78314   -4.75461   -4.17516
   1566.21     35000   -3.54347   -4.80318   -4.73277   -4.71990   -4.24098
   1589.58     40000   -3.62664   -4.66999   -4.53002   -4.50903   -4.25447
   1612.95     45000   -3.61789   -4.75543   -4.66836   -4.64248   -4.29885
   1636.32     50000   -3.66441   -5.00966   -5.16119   -5.14292   -4.38381
   1659.69     55000   -3.74927   -4.90953   -4.78350   -4.76649   -4.42496
   1683.06     60000   -3.79454   -4.85181   -4.72169   -4.69894   -4.44058
   1706.43     65000   -3.80404   -5.02263   -4.99633   -4.96837   -4.50622
   1729.81     70000   -3.87494   -5.19476   -5.20951   -5.20029   -4.58421
   1753.18     75000   -3.95762   -5.03732   -4.89698   -4.87732   -4.60451
   1776.55     80000   -3.96592   -5.06601   -4.95659   -4.93199   -4.63523
   1799.92     85000   -3.99860   -5.30711   -5.39738   -5.36938   -4.71646
   1823.29     90000   -4.08301   -5.30750   -5.21028   -5.19565   -4.77403
   1846.66     95000   -4.16464   -5.19766   -5.06012   -5.03851   -4.78646
   1870.03    100000   -4.15029   -5.31318   -5.24284   -5.21629   -4.83838
   1893.40      5000   -4.20556   -5.55411   -5.68072   -5.67005   -4.92269
   1916.77     10000   -4.28861   -5.41842   -5.28451   -5.26647   -4.95558
   1940.14     15000   -4.31967   -5.39055   -5.26622   -5.24282   -4.97535
   1963.51     20000   -4.33796   -5.58931   -5.59627   -5.56754   -5.04749
   1986.88     25000   -4.41627   -5.70619   -5.66971   -5.65839   -5.11957
   2010.25     30000   -4.49862   -5.55749   -5.41683   -5.39645   -5.13533
   2033.62     35000   -4.49778   -5.61641   -5.51797   -5.49275   -5.17307
   2056.99     40000   -4.53710   -5.86969   -6.00408   -5.98030   -5.25703
   2080.36     45000   -4.62280   -5.81181   -5.69626   -5.68026   -5.30588
   2103.73     50000   -4.68364   -5.72906   -5.59494   -5.57269   -5.31930
   2127.11     55000   -4.68315   -5.87452   -5.82514   -5.79776   -5.37879
   2150.48     60000   -4.74715   -6.08556   -6.15476   -6.14606   -5.46053
   2173.85     65000   -4.82943   -5.93128   -5.79295   -5.77400   -5.48606
   2197.23     70000   -4.84876   -5.93352   -5.81650   -5.79249   -5.51119
   2220.60     75000   -4.87469   -6.15711   -6.20587   -6.17713   -5.58874
   2243.97     80000   -4.95661   -6.21200   -6.13770   -6.12455   -5.65351
   2267.34     85000   -5.04015   -6.08147   -5.94187   -5.92081   -5.66668
   2290.71     90000   -5.03037   -6.17073   -6.08577   -6.05982   -5.71195
   2314.08     95000   -5.07765   -6.42417   -6.57499   -6.55822   -5.79692
   2337.45    100000   -5.16266   -6.31841   -6.19113   -6.17395   -5.83700
   2360.83      5000   -5.20566   -6.26458   -6.13517   -6.11231   -5.85312
   2384.20     10000   -5.21688   -6.43920   -6.41676   -6.38865   -5.91969
   2407.57     15000   -5.28863   -6.60481   -6.61237   -6.60277   -5.99701
   2430.94     20000   -5.37072   -6.44785   -6.30743   -6.28768   -6.01659
   2454.31     25000   -5.37805   -6.48039   -6.37235   -6.34769   -6.04815
   2477.68     30000   -5.41147   -6.72357   -6.82022   -6.79270   -6.12980
   2501.05     35000   -5.49591   -6.71602   -6.61588   -6.60108   -6.18627
   2524.42     40000   -5.57499   -6.60954   -6.47236   -6.45065   -6.19875
   2547.79     45000   -5.56245   -6.72898   -6.66108   -6.63440   -6.25169
   2571.16     50000   -5.61910   -6.96705   -7.08757   -7.07727   -6.33578
   2594.53     55000   -5.70208   -6.82802   -6.69340   -6.67521   -6.36763
   2617.90     60000   -5.73120   -6.80401   -6.68056   -6.65709   -6.38802
   2641.28     65000   -5.75068   -7.00618   -7.01812   -6.98940   -6.46091
   2664.65     70000   -5.82991   -7.11521   -7.07298   -7.06144   -6.53212
   2688.02     75000   -5.91245   -6.96843   -6.82781   -6.80733   -6.54745
   2711.39     80000   -5.91024   -7.03131   -6.93443   -6.90911   -6.58615
   2734.76     85000   -5.95031   -7.28538   -7.42414   -7.40101   -6.67035
   2758.13     90000   -6.03647   -7.22064   -7.10326   -7.08710   -6.71804
   2781.50     95000   -6.09445   -7.14155   -7.00798   -6.98565   -6.73171
   2804.87    100000   -6.09528   -7.29085   -7.24461   -7.21715   -6.79215
   2828.24      5000   -6.16079   -7.49677   -7.55758   -7.54894   -6.87342
   2851.61     10000   -6.24272   -7.34127   -7.20253   -7.18347   -6.89809
   2874.98     15000   -6.26072   -7.34745   -7.23148   -7.20738   -6.92401
   2898.35     20000   -6.28781   -7.57395   -7.62869   -7.59997   -7.00217
   2921.72     25000   -6.36972   -7.62066   -7.54243   -7.52904   -7.06591
   2945.09     30000   -6.45375   -7.49299   -7.35363   -7.33248   -7.07887
   2968.46     35000   -6.44285   -7.58617   -7.50322   -7.47718   -7.12514
   2991.84     40000   -6.49108   -7.83854   -7.98804   -7.97235   -7.21011
   3015.21     45000   -6.57592   -7.72754   -7.59906   -7.58175   -7.24907
   3038.58     50000   -6.61688   -7.67755   -7.54882   -7.52589   -7.26567
   3061.95     55000   -6.62939   -7.85587   -7.83742   -7.80922   -7.33311
   3085.32     60000   -6.70235   -8.01467   -8.01499   -8.00514   -7.40972
   3108.69     65000   -6.78389   -7.85838   -7.71784   -7.69800   -7.42865
   3132.06     70000   -6.79029   -7.89486   -7.78814   -7.76340   -7.46110
   3155.44     75000   -6.82448   -8.14002   -8.24290   -8.21577   -7.54318
   3178.81     80000   -6.90894   -8.12461   -8.02179   -8.00681   -7.59852
   3202.18     85000   -6.98546   -8.02155   -7.88476   -7.86297   -7.61105
   3225.55     90000   -6.97469   -8.14490   -8.07951   -8.05272   -7.66499
   3248.92     95000   -7.03272   -8.37973   -8.49349   -8.48365   -7.74882
   3272.29    100000   -7.11564   -8.23761   -8.10230   -8.08400   -7.77967
   3295.66      5000   -7.14283   -8.21751   -8.09495   -8.07140   -7.80071
   3319.03     10000   -7.16350   -8.42306   -8.44010   -8.41134   -7.87435
   3342.40     15000   -7.24367   -8.52419   -8.47652   -8.46473   -7.94466
   3365.77     20000   -7.32637   -8.37947   -8.23893   -8.21836   -7.95957
   3389.14     25000   -7.32233   -8.44628   -8.35104   -8.32563   -7.99924
   3412.51     30000   -7.36361   -8.70093   -8.84348   -8.82118   -8.08364
   3435.88     35000   -7.44948   -8.62946   -8.51035   -8.49403   -8.13018
   3459.26     40000   -7.50537   -8.55408   -8.42107   -8.39867   -8.14414
   3482.63     45000   -7.50752   -8.70721   -8.66421   -8.63664   -8.20552
   3506.00     50000   -7.57445   -8.90778   -8.96031   -8.95162   -8.28629
   3529.37     55000   -7.65610   -8.75135   -8.61226   -8.59309   -8.31012
   3552.74     60000   -7.67231   -8.76146   -8.64658   -8.62240   -8.33684
   3576.11     65000   -7.70102   -8.99077   -9.05160   -9.02297   -8.41560
   3599.48     70000   -7.78292   -9.02927   -8.94728   -8.93367   -8.47828
   3622.85     75000   -7.86745   -8.90455   -8.76546   -8.74423   -8.49108
   3646.22     80000   -7.85511   -9.00166   -8.92076   -8.89463   -8.53835
   3669.59     85000   -7.90462   -9.25270   -9.40006   -9.38537   -8.62328
   3692.96     90000   -7.98884   -9.13673   -9.00715   -8.98970   -8.66114
MyID= 0: Time=  0.1,has convergenced
     1686246 iterations for the convertgence of psi
 MyID=           0 has finish
