 START-UP FOR CHUNK...
     23.47      5000   -0.57700   -2.01971   -1.96310   -1.89227   -1.28446
     46.88     10000   -0.70810   -2.16021   -1.83027   -1.89979   -1.48044
     70.28     15000   -0.68270   -2.27656   -1.72110   -1.76418   -1.48971
     93.69     20000   -0.58695   -2.19701   -1.58693   -1.58738   -1.40384
    117.09     25000   -0.49057   -1.75052   -1.47934   -1.46351   -1.28955
    140.49     30000   -0.43078   -1.59784   -1.49452   -1.49500   -1.20153
    163.90     35000   -0.43575   -1.89341   -1.82937   -1.84341   -1.26046
    187.30     40000   -0.57312   -1.91887   -1.85512   -1.87934   -1.37914
    210.71     45000   -0.74902   -1.87543   -1.74557   -1.75530   -1.45823
    234.12     50000   -0.87572   -2.07217   -1.96961   -1.92443   -1.57758
    257.52     55000   -0.96595   -2.34603   -2.46543   -2.40530   -1.70600
    280.93     60000   -1.04938   -2.30691   -2.12277   -2.12197   -1.75403
    304.34     65000   -1.08130   -2.11028   -1.97955   -1.95246   -1.72443
    327.75     70000   -1.04895   -2.17258   -2.09869   -2.06277   -1.73348
    351.15     75000   -1.08145   -2.42019   -2.56037   -2.47093   -1.81075
    374.56     80000   -1.18892   -2.33357   -2.27593   -2.24495   -1.87330
    397.97     85000   -1.29714   -2.30694   -2.18325   -2.17390   -1.90778
    421.38     90000   -1.30812   -2.49883   -2.42663   -2.39435   -1.98344
    444.79     95000   -1.37451   -2.71748   -2.85330   -2.80704   -2.08337
    468.19    100000   -1.46325   -2.57090   -2.43176   -2.42935   -2.11999
 ITERATION...
    491.60      5000   -1.48394   -2.52378   -2.40006   -2.37495   -2.12128
    515.00     10000   -1.48646   -2.71652   -2.67926   -2.62232   -2.17595
    538.41     15000   -1.55432   -2.88690   -2.94009   -2.89449   -2.26354
    561.82     20000   -1.65769   -2.71564   -2.60484   -2.58245   -2.30207
    585.22     25000   -1.68094   -2.76051   -2.64341   -2.62159   -2.33529
    608.63     30000   -1.71890   -3.02312   -3.04095   -2.98597   -2.41846
    632.03     35000   -1.80700   -3.05173   -3.01553   -3.00146   -2.49959
    655.43     40000   -1.88923   -2.91449   -2.78468   -2.77398   -2.51672
    678.84     45000   -1.87673   -2.99101   -2.88585   -2.85797   -2.54528
    702.25     50000   -1.91653   -3.27282   -3.37628   -3.28724   -2.62851
    725.65     55000   -2.01680   -3.20715   -3.12371   -3.10964   -2.69808
    749.05     60000   -2.10564   -3.11275   -2.98882   -2.96791   -2.71766
    772.46     65000   -2.09202   -3.25415   -3.16704   -3.13317   -2.76812
    795.86     70000   -2.14673   -3.53076   -3.68098   -3.59600   -2.86036
    819.27     75000   -2.24672   -3.36714   -3.26125   -3.24726   -2.91245
    842.67     80000   -2.29189   -3.32346   -3.20057   -3.18195   -2.92639
    866.08     85000   -2.29781   -3.51049   -3.45392   -3.41460   -2.98497
    889.49     90000   -2.36448   -3.71381   -3.78977   -3.74729   -3.07509
    912.89     95000   -2.46435   -3.53874   -3.41870   -3.40564   -3.11396
    936.30    100000   -2.48407   -3.55123   -3.43373   -3.41005   -3.13680
    959.70      5000   -2.51198   -3.79270   -3.78734   -3.73196   -3.21102
    983.11     10000   -2.59595   -3.88526   -3.86011   -3.83964   -3.29540
   1006.51     15000   -2.68645   -3.72361   -3.59822   -3.58181   -3.32004
   1029.92     20000   -2.68415   -3.78638   -3.67894   -3.65242   -3.34998
   1053.32     25000   -2.72269   -4.06282   -4.13736   -4.06403   -3.43291
   1076.73     30000   -2.82019   -4.03030   -3.95683   -3.94263   -3.50594
   1100.14     35000   -2.90781   -3.92000   -3.79250   -3.77570   -3.52415
   1123.54     40000   -2.89347   -4.03847   -3.94583   -3.91466   -3.56769
   1146.94     45000   -2.94385   -4.32022   -4.47334   -4.38409   -3.65784
   1170.35     50000   -3.04513   -4.18977   -4.08433   -4.07199   -3.71579
   1193.76     55000   -3.10403   -4.12934   -4.00337   -3.98341   -3.73117
   1217.16     60000   -3.10367   -4.30032   -4.23322   -4.19444   -3.78730
   1240.57     65000   -3.16631   -4.53165   -4.63679   -4.58093   -3.87845
   1263.97     70000   -3.26597   -4.35537   -4.23723   -4.22336   -3.92099
   1287.38     75000   -3.29309   -4.35049   -4.22915   -4.20715   -3.94061
   1310.79     80000   -3.31554   -4.57439   -4.54987   -4.50071   -4.01027
   1334.19     85000   -3.39418   -4.70149   -4.70529   -4.68096   -4.09708
   1357.59     90000   -3.48745   -4.53578   -4.40974   -4.39512   -4.12574
   1381.00     95000   -3.49036   -4.58399   -4.47090   -4.44540   -4.15324
   1404.40    100000   -3.52660   -4.85123   -4.89826   -4.82973   -4.23385
   1427.81      5000   -3.62095   -4.85442   -4.79220   -4.77725   -4.31068
   1451.21     10000   -3.70825   -4.72810   -4.60010   -4.58324   -4.33019
   1474.62     15000   -3.69855   -4.83028   -4.73078   -4.70103   -4.36942
   1498.02     20000   -3.74545   -5.11509   -5.25194   -5.16253   -4.45791
   1521.42     25000   -3.84507   -5.00770   -4.91107   -4.89825   -4.52066
   1544.83     30000   -3.91742   -4.93300   -4.80582   -4.78716   -4.53631
   1568.23     35000   -3.90906   -5.08888   -5.01134   -4.97551   -4.58861
   1591.64     40000   -3.96615   -5.34048   -5.47414   -5.40488   -4.68003
   1615.05     45000   -4.06769   -5.17145   -5.05662   -5.04353   -4.72710
   1638.45     50000   -4.10262   -5.15033   -5.02711   -5.00580   -4.74486
   1661.86     55000   -4.11876   -5.35940   -5.31855   -5.27302   -4.81058
   1685.26     60000   -4.19273   -5.52133   -5.55328   -5.52200   -4.89934
   1708.67     65000   -4.28840   -5.34736   -5.22370   -5.20924   -4.93183
   1732.08     70000   -4.29777   -5.37985   -5.26389   -5.23963   -4.95654
   1755.48     75000   -4.33097   -5.63612   -5.65726   -5.59592   -5.03413
   1778.89     80000   -4.41987   -5.67613   -5.63055   -5.61386   -5.11449
   1802.29     85000   -4.50974   -5.53612   -5.40874   -5.39268   -5.13619
   1825.70     90000   -4.50239   -5.62211   -5.51796   -5.48973   -5.17161
   1849.10     95000   -4.54639   -5.90613   -6.01788   -5.93344   -5.25817
   1872.51    100000   -4.64631   -5.82832   -5.74004   -5.72699   -5.32551
   1895.91      5000   -4.73036   -5.73740   -5.60997   -5.59184   -5.34170
   1919.32     10000   -4.71212   -5.87703   -5.79187   -5.75815   -5.38995
   1942.73     15000   -4.76663   -6.14528   -6.29673   -6.21532   -5.48105
   1966.13     20000   -4.86770   -5.98845   -5.87819   -5.86525   -5.53288
   1989.54     25000   -4.91287   -5.95100   -5.82649   -5.80605   -5.54942
   2012.95     30000   -4.92360   -6.14413   -6.09027   -6.04828   -5.61114
   2036.35     35000   -4.99194   -6.33827   -6.40184   -6.36179   -5.70134
   2059.76     40000   -5.08959   -6.16069   -6.03912   -6.02516   -5.73797
   2083.16     45000   -5.10582   -6.17691   -6.05849   -6.03518   -5.76011
   2106.57     50000   -5.13393   -6.41998   -6.41913   -6.36347   -5.83434
   2129.98     55000   -5.21934   -6.49842   -6.47202   -6.45266   -5.91782
   2153.38     60000   -5.31025   -6.34561   -6.21900   -6.20344   -5.94228
   2176.79     65000   -5.30780   -6.41532   -6.30708   -6.28017   -5.97414
   2200.19     70000   -5.34776   -6.69421   -6.77743   -6.70004   -6.05838
   2223.59     75000   -5.44597   -6.64968   -6.57167   -6.55806   -6.13006
   2247.00     80000   -5.53185   -6.54314   -6.41543   -6.39797   -6.14731
   2270.40     85000   -5.51626   -6.66644   -6.57458   -6.54275   -6.19152
   2293.81     90000   -5.56736   -6.94541   -7.10008   -7.01124   -6.28179
   2317.21     95000   -5.66919   -6.80682   -6.70179   -6.68901   -6.33843
   2340.62    100000   -5.72479   -6.75303   -6.62734   -6.60764   -6.35426
   2364.03      5000   -5.72724   -6.93005   -6.86495   -6.82587   -6.41192
   2387.43     10000   -5.79150   -7.15243   -7.24866   -7.19698   -6.50301
   2410.84     15000   -5.89061   -6.97522   -6.85631   -6.84273   -6.54405
   2434.24     20000   -5.91476   -6.97520   -6.85457   -6.83220   -6.56399
   2457.65     25000   -5.93837   -7.20391   -7.18394   -7.13322   -6.63462
   2481.05     30000   -6.01856   -7.31988   -7.31652   -7.29321   -6.72073
   2504.46     35000   -6.11136   -7.15630   -7.03075   -7.01571   -6.74843
   2527.86     40000   -6.11316   -7.20979   -7.09794   -7.07223   -6.77699
   2551.26     45000   -6.15032   -7.48040   -7.53515   -7.46507   -6.85855
   2574.66     50000   -6.24555   -7.47177   -7.40611   -7.39154   -6.93426
   2598.07     55000   -6.33276   -7.35003   -7.22232   -7.20547   -6.95310
   2621.47     60000   -6.32183   -7.45704   -7.35936   -7.32921   -6.99337
   2644.87     65000   -6.36958   -7.74136   -7.88405   -7.79401   -7.08231
   2668.27     70000   -6.46935   -7.62623   -7.52763   -7.51485   -7.14371
   2691.67     75000   -6.53802   -7.55619   -7.42959   -7.41061   -7.15936
   2715.08     80000   -6.53232   -7.71695   -7.64226   -7.60573   -7.21291
   2738.48     85000   -6.59083   -7.96281   -8.08895   -8.02381   -7.30436
   2761.88     90000   -6.69187   -7.79097   -7.67531   -7.66206   -7.35002
   2785.28     95000   -6.72446   -7.77463   -7.65213   -7.63062   -7.36818
   2808.69    100000   -6.74218   -7.98816   -7.95189   -7.90536   -7.43501
   2832.09      5000   -6.81751   -8.14004   -8.16362   -8.13454   -7.52325
   2855.49     10000   -6.91293   -7.96816   -7.84407   -7.82951   -7.55461
   2878.89     15000   -6.92006   -8.00542   -7.89045   -7.86584   -7.58016
   2902.30     20000   -6.95439   -8.26521   -8.29375   -8.23050   -7.65871
   2925.70     25000   -7.04471   -8.29417   -8.24353   -8.22744   -7.73807
   2949.10     30000   -7.13377   -8.15808   -8.03064   -8.01437   -7.75904
   2972.50     35000   -7.12568   -8.24881   -8.14611   -8.11746   -7.79552
   2995.90     40000   -7.17052   -8.53349   -8.65334   -8.56718   -7.88268
   3019.30     45000   -7.27074   -8.44665   -8.35587   -8.34290   -7.94870
   3042.70     50000   -7.35207   -8.36050   -8.23324   -8.21494   -7.96469
   3066.10     55000   -7.33580   -8.50493   -8.42202   -8.38771   -8.01415
   3089.51     60000   -7.39134   -8.76888   -8.91654   -8.83840   -8.10541
   3112.90     65000   -7.49217   -8.60787   -8.49624   -8.48326   -8.15583
   3136.31     70000   -7.53429   -8.57521   -8.45113   -8.43044   -8.17266
   3159.71     75000   -7.54661   -8.77302   -8.72288   -8.67992   -8.23556
   3183.11     80000   -7.61697   -8.95808   -9.01219   -8.97500   -8.32539
   3206.51     85000   -7.71368   -8.78121   -8.65902   -8.64492   -8.36077
   3229.91     90000   -7.72810   -8.80223   -8.68455   -8.66096   -8.38364
   3253.31     95000   -7.75752   -9.04932   -9.05470   -8.99745   -8.45889
   3276.71    100000   -7.84448   -9.11651   -9.08408   -9.06563   -8.54150
   3300.11      5000   -7.93482   -8.96728   -8.84044   -8.82472   -8.56509
   3323.52     10000   -7.93066   -9.04177   -8.93471   -8.90742   -8.59797
   3346.92     15000   -7.97189   -9.32253   -9.41432   -9.33476   -8.68293
MyID= 0: Time=  0.1,has convergenced
     1685673 iterations for the convertgence of psi
 MyID=           0 has finish
