 START-UP FOR CHUNK...
     23.43      5000   -0.55420   -2.00554   -1.87990   -1.79866   -1.28017
     46.78     10000   -0.66044   -2.18007   -1.73804   -1.81141   -1.45321
     70.13     15000   -0.61442   -2.26069   -1.63427   -1.68279   -1.43764
     93.48     20000   -0.51811   -2.06891   -1.52662   -1.52092   -1.34903
    116.84     25000   -0.44508   -1.66663   -1.46181   -1.44625   -1.25059
    140.19     30000   -0.40535   -1.66487   -1.58394   -1.57392   -1.20119
    163.55     35000   -0.44692   -1.94561   -1.83665   -1.96694   -1.31996
    186.89     40000   -0.63807   -1.90391   -1.81851   -1.80323   -1.42999
    210.24     45000   -0.83838   -1.93165   -1.79472   -1.81773   -1.52290
    233.58     50000   -0.92221   -2.20249   -2.10779   -2.07115   -1.64560
    256.92     55000   -1.00344   -2.39880   -2.40423   -2.41001   -1.76958
    280.25     60000   -1.09695   -2.31756   -2.09859   -2.11136   -1.80121
    303.58     65000   -1.13604   -2.16070   -2.03750   -2.00595   -1.77848
    326.92     70000   -1.10616   -2.28435   -2.22008   -2.17282   -1.80709
    350.26     75000   -1.15479   -2.54682   -2.62500   -2.51967   -1.89810
    373.60     80000   -1.27821   -2.38742   -2.32587   -2.28421   -1.95920
    396.95     85000   -1.38350   -2.38116   -2.26786   -2.26207   -1.99440
    420.29     90000   -1.39257   -2.60801   -2.52619   -2.50398   -2.06995
    443.64     95000   -1.46073   -2.80549   -2.90474   -2.84158   -2.17432
    466.99    100000   -1.56784   -2.66040   -2.51764   -2.52616   -2.22072
 ITERATION...
    490.32      5000   -1.59636   -2.62198   -2.49292   -2.47432   -2.22573
    513.67     10000   -1.59521   -2.81725   -2.75683   -2.69505   -2.27925
    537.02     15000   -1.66045   -3.05098   -3.09825   -3.02103   -2.37438
    560.37     20000   -1.77782   -2.84385   -2.74154   -2.71496   -2.42550
    583.72     25000   -1.81106   -2.85190   -2.73919   -2.71828   -2.45219
    607.07     30000   -1.84126   -3.10158   -3.04612   -3.00657   -2.52510
    630.42     35000   -1.91691   -3.23803   -3.26418   -3.21412   -2.62179
    653.77     40000   -2.02363   -3.06059   -2.93813   -2.93500   -2.66063
    677.12     45000   -2.02689   -3.08793   -2.96563   -2.94982   -2.67862
    700.46     50000   -2.05724   -3.34309   -3.31268   -3.24548   -2.74893
    723.81     55000   -2.13919   -3.45927   -3.42990   -3.39993   -2.84183
    747.18     60000   -2.24873   -3.27860   -3.15873   -3.14244   -2.87881
    770.54     65000   -2.25024   -3.32899   -3.21899   -3.19267   -2.90734
    793.90     70000   -2.29213   -3.61893   -3.61280   -3.54484   -2.98767
    817.26     75000   -2.38295   -3.64959   -3.59945   -3.56945   -3.07724
    840.62     80000   -2.48358   -3.49006   -3.36918   -3.35793   -3.10588
    863.95     85000   -2.47176   -3.56624   -3.45479   -3.43445   -3.13474
    887.30     90000   -2.51475   -3.86484   -3.89552   -3.80986   -3.21742
    910.64     95000   -2.61415   -3.84725   -3.77423   -3.75873   -3.30233
    933.98    100000   -2.71222   -3.71575   -3.59104   -3.57807   -3.32816
    957.33      5000   -2.69711   -3.81513   -3.71212   -3.68312   -3.36451
    980.67     10000   -2.74626   -4.13375   -4.20062   -4.09906   -3.45314
   1004.01     15000   -2.85281   -4.04793   -3.95565   -3.93837   -3.53223
   1027.36     20000   -2.94376   -3.93487   -3.81156   -3.79657   -3.55332
   1050.70     25000   -2.92218   -4.05888   -3.95993   -3.93194   -3.59387
   1074.04     30000   -2.97424   -4.37386   -4.47775   -4.36274   -3.68516
   1097.39     35000   -3.08660   -4.24376   -4.14522   -4.13264   -3.75781
   1120.73     40000   -3.17003   -4.16293   -4.03807   -4.02414   -3.77732
   1144.08     45000   -3.15138   -4.31285   -4.22248   -4.18901   -3.82470
   1167.42     50000   -3.20791   -4.62010   -4.73221   -4.61996   -3.91921
   1190.76     55000   -3.32208   -4.44896   -4.33692   -4.32502   -3.98470
   1214.12     60000   -3.38018   -4.38988   -4.26573   -4.24881   -4.00265
   1237.46     65000   -3.37793   -4.56460   -4.48272   -4.44533   -4.05578
   1260.80     70000   -3.44007   -4.84502   -4.94409   -4.84278   -4.15152
   1284.13     75000   -3.55431   -4.65166   -4.53795   -4.52602   -4.20956
   1307.48     80000   -3.59417   -4.62131   -4.49843   -4.48178   -4.22798
   1330.83     85000   -3.60743   -4.82297   -4.75381   -4.71160   -4.28771
   1354.18     90000   -3.67371   -5.06057   -5.11542   -5.04487   -4.38410
   1377.53     95000   -3.78738   -4.86031   -4.73911   -4.72839   -4.43469
   1400.88    100000   -3.81000   -4.85437   -4.73234   -4.71343   -4.45427
   1424.24      5000   -3.83405   -5.08149   -5.02715   -4.97702   -4.52010
   1447.58     10000   -3.90809   -5.26745   -5.28187   -5.22896   -4.61550
   1470.92     15000   -4.01947   -5.07059   -4.94860   -4.93667   -4.65882
   1494.27     20000   -4.02967   -5.09059   -4.97170   -4.95170   -4.68097
   1517.61     25000   -4.06220   -5.34372   -5.31040   -5.25271   -4.75297
   1540.95     30000   -4.14400   -5.46482   -5.44039   -5.40560   -4.84639
   1564.29     35000   -4.25214   -5.28378   -5.15832   -5.14692   -4.88308
   1587.64     40000   -4.25069   -5.32902   -5.21219   -5.19033   -4.90857
   1610.99     45000   -4.29054   -5.60560   -5.59788   -5.52763   -4.98619
   1634.34     50000   -4.37995   -5.66225   -5.61002   -5.58395   -5.07618
   1657.68     55000   -4.48325   -5.50051   -5.37473   -5.36215   -5.10692
   1681.02     60000   -4.47470   -5.57078   -5.45856   -5.43458   -5.13675
   1704.36     65000   -4.51783   -5.86806   -5.89384   -5.81024   -5.21963
   1727.70     70000   -4.61629   -5.85654   -5.78227   -5.76301   -5.30518
   1751.04     75000   -4.71393   -5.71906   -5.59206   -5.57922   -5.33104
   1774.38     80000   -4.69843   -5.81469   -5.70650   -5.68032   -5.36580
   1797.74     85000   -4.74675   -6.12589   -6.18925   -6.08817   -5.45317
   1821.11     90000   -4.85215   -6.05372   -5.96457   -5.94886   -5.53309
   1844.46     95000   -4.94448   -5.94142   -5.81475   -5.80088   -5.55515
   1867.81    100000   -4.92442   -6.06229   -5.96066   -5.93148   -5.59548
   1891.16      5000   -4.97610   -6.37849   -6.47669   -6.36243   -5.68665
   1914.52     10000   -5.08793   -6.25186   -6.15073   -6.13740   -5.76020
   1937.87     15000   -5.17435   -6.16557   -6.03898   -6.02428   -5.77973
   1961.23     20000   -5.15255   -6.31206   -6.21736   -6.18492   -5.82598
   1984.58     25000   -5.20856   -6.61969   -6.73495   -6.61687   -5.91991
   2007.93     30000   -5.32232   -6.45336   -6.34459   -6.33246   -5.98635
   2031.27     35000   -5.38422   -6.39322   -6.26777   -6.25200   -6.00460
   2054.60     40000   -5.37983   -6.56559   -6.48075   -6.44408   -6.05707
   2077.93     45000   -5.44156   -6.84939   -6.94886   -6.84746   -6.15280
   2101.27     50000   -5.55549   -6.65727   -6.54192   -6.53052   -6.21187
   2124.61     55000   -5.59752   -6.62293   -6.49856   -6.48158   -6.23010
   2147.95     60000   -5.60886   -6.82131   -6.74804   -6.70620   -6.28887
   2171.29     65000   -5.67428   -7.06590   -7.12898   -7.05112   -6.38514
   2194.64     70000   -5.78820   -6.86452   -6.74530   -6.73400   -6.43669
   2217.99     75000   -5.81325   -6.85586   -6.73355   -6.71526   -6.45610
   2241.34     80000   -5.83586   -7.08034   -7.02286   -6.97450   -6.52117
   2264.69     85000   -5.90887   -7.27229   -7.29053   -7.23686   -6.61683
   2288.03     90000   -6.02088   -7.07444   -6.95171   -6.94039   -6.66114
   2311.37     95000   -6.03224   -7.09108   -6.97092   -6.95108   -6.68285
   2334.72    100000   -6.06412   -7.34098   -7.30308   -7.24615   -6.75399
   2358.07      5000   -6.14448   -7.47190   -7.45295   -7.41509   -6.84770
   2381.42     10000   -6.25345   -7.28759   -7.16306   -7.15132   -6.88522
   2404.76     15000   -6.25320   -7.32944   -7.21248   -7.19093   -6.91023
   2428.10     20000   -6.29199   -7.60336   -7.59147   -7.52370   -6.98714
   2451.45     25000   -6.38064   -7.66782   -7.61834   -7.59172   -7.07771
   2474.80     30000   -6.48462   -7.50334   -7.37718   -7.36500   -7.10924
   2498.15     35000   -6.47719   -7.57027   -7.45685   -7.43328   -7.13840
   2521.49     40000   -6.51944   -7.86496   -7.88507   -7.80315   -7.22057
   2544.84     45000   -6.61682   -7.86325   -7.79210   -7.77184   -7.30675
   2568.17     50000   -6.71496   -7.72218   -7.59553   -7.58263   -7.33320
   2591.48     55000   -6.70053   -7.81428   -7.70568   -7.67979   -7.36727
   2614.81     60000   -6.74854   -8.12416   -8.18213   -8.08403   -7.45409
   2638.15     65000   -6.85293   -8.05933   -7.97156   -7.95559   -7.53487
   2661.50     70000   -6.94592   -7.94354   -7.81655   -7.80290   -7.55740
   2684.84     75000   -6.92633   -8.06093   -7.95794   -7.92928   -7.59692
   2708.19     80000   -6.97740   -8.37697   -8.47117   -8.35772   -7.68759
   2731.54     85000   -7.08864   -8.25769   -8.15840   -8.14473   -7.76203
   2754.88     90000   -7.17669   -8.16786   -8.04135   -8.02676   -7.78183
   2778.22     95000   -7.15404   -8.31082   -8.21520   -8.18324   -7.82726
   2801.57    100000   -7.20967   -8.62040   -8.73451   -8.61671   -7.92089
   2824.91      5000   -7.32321   -8.45841   -8.35026   -8.33808   -7.98837
   2848.26     10000   -7.38823   -8.39468   -8.26885   -8.25325   -8.00672
   2871.61     15000   -7.38164   -8.56344   -8.47678   -8.44078   -8.05831
   2894.95     20000   -7.44274   -8.85141   -8.95573   -8.85025   -8.15384
   2918.29     25000   -7.55639   -8.66220   -8.54795   -8.53642   -8.21392
   2941.63     30000   -7.60104   -8.62438   -8.49993   -8.48314   -8.23208
   2964.94     35000   -7.61021   -8.81921   -8.74428   -8.70326   -8.28998
   2988.25     40000   -7.67512   -9.06981   -9.13802   -9.05745   -8.38627
   3011.58     45000   -7.78938   -8.86879   -8.74983   -8.73859   -8.43887
   3034.90     50000   -7.81645   -8.85662   -8.73383   -8.71573   -8.45805
   3058.23     55000   -7.83770   -9.07749   -9.01731   -8.96992   -8.52225
   3081.56     60000   -7.90958   -9.27743   -9.30240   -9.24525   -8.61805
MyID= 0: Time=  0.1,has convergenced
     1684136 iterations for the convertgence of psi
 MyID=           0 has finish
