 START-UP FOR CHUNK...
     23.42      5000   -0.64533   -2.04247   -2.26173   -2.34495   -1.29258
     46.78     10000   -0.87131   -2.11816   -2.26528   -2.34571   -1.53841
     70.13     15000   -0.94017   -2.20958   -2.15728   -2.20208   -1.65398
     93.48     20000   -0.92246   -2.59182   -2.00031   -2.00104   -1.67745
    116.83     25000   -0.82609   -2.27125   -1.79803   -1.79522   -1.58610
    140.17     30000   -0.68879   -1.98824   -1.59075   -1.59841   -1.42344
    163.52     35000   -0.56556   -1.71927   -1.45989   -1.46039   -1.25876
    186.86     40000   -0.46536   -1.62699   -1.52407   -1.50012   -1.16616
    210.21     45000   -0.48888   -1.84020   -1.86404   -1.98599   -1.21810
    233.55     50000   -0.58858   -1.83351   -1.70267   -1.67336   -1.30638
    256.89     55000   -0.77288   -1.84604   -1.70107   -1.67882   -1.41337
    280.24     60000   -0.84690   -2.09957   -2.03694   -2.01685   -1.54988
    303.58     65000   -0.92043   -2.23795   -2.19370   -2.20274   -1.62343
    326.93     70000   -0.93746   -2.04376   -1.86252   -1.84934   -1.59016
    350.27     75000   -0.89284   -1.97077   -1.86049   -1.83502   -1.55939
    373.61     80000   -0.88083   -2.14496   -2.20038   -2.19874   -1.60383
    396.96     85000   -0.95747   -2.22743   -2.12795   -2.10221   -1.66452
    420.30     90000   -1.08740   -2.11975   -1.98543   -1.96297   -1.70790
    443.64     95000   -1.10438   -2.26917   -2.19052   -2.17307   -1.79578
    466.98    100000   -1.17116   -2.51627   -2.60100   -2.60846   -1.88500
 ITERATION...
    490.34      5000   -1.22862   -2.37657   -2.21434   -2.19760   -1.89456
    513.68     10000   -1.23165   -2.30151   -2.18035   -2.15802   -1.88992
    537.03     15000   -1.22876   -2.46544   -2.48671   -2.48041   -1.94642
    560.37     20000   -1.30234   -2.60723   -2.52727   -2.51326   -2.01176
    583.75     25000   -1.40557   -2.46238   -2.31802   -2.29430   -2.03846
    607.10     30000   -1.41548   -2.54759   -2.45762   -2.43691   -2.10047
    630.46     35000   -1.46846   -2.80638   -2.92609   -2.93203   -2.18860
    653.81     40000   -1.53848   -2.72218   -2.57093   -2.55275   -2.21657
    677.15     45000   -1.57089   -2.63577   -2.50365   -2.48148   -2.22160
    700.50     50000   -1.56927   -2.78307   -2.77202   -2.75881   -2.28103
    723.84     55000   -1.63918   -2.96505   -2.92705   -2.92017   -2.35094
    747.19     60000   -1.72770   -2.80867   -2.65820   -2.63551   -2.37168
    770.55     65000   -1.73841   -2.84975   -2.74692   -2.72537   -2.41710
    793.92     70000   -1.77983   -3.09830   -3.20322   -3.20192   -2.50231
    817.26     75000   -1.85563   -3.07288   -2.93577   -2.91787   -2.54281
    840.61     80000   -1.91083   -2.96636   -2.82694   -2.80482   -2.55079
    863.96     85000   -1.90424   -3.09111   -3.05032   -3.03337   -2.60800
    887.30     90000   -1.96722   -3.31093   -3.32960   -3.33010   -2.68306
    910.64     95000   -2.04904   -3.15691   -3.00499   -2.98291   -2.70448
    934.00    100000   -2.06751   -3.16015   -3.04668   -3.02484   -2.73819
    957.33      5000   -2.09768   -3.38802   -3.45366   -3.44648   -2.81947
    980.68     10000   -2.17411   -3.42832   -3.31119   -3.29433   -2.87055
   1004.02     15000   -2.25298   -3.29830   -3.15388   -3.13181   -2.87954
   1027.37     20000   -2.23605   -3.39481   -3.33078   -3.31187   -2.93151
   1050.73     25000   -2.29102   -3.64092   -3.71911   -3.72833   -3.01066
   1074.09     30000   -2.36991   -3.50929   -3.35833   -3.33692   -3.03682
   1097.45     35000   -2.39895   -3.47685   -3.35432   -3.33214   -3.06179
   1120.78     40000   -2.42053   -3.67702   -3.70177   -3.68995   -3.13800
   1144.12     45000   -2.49549   -3.78520   -3.69735   -3.68291   -3.19844
   1167.46     50000   -2.57852   -3.63482   -3.48624   -3.46412   -3.20884
   1190.79     55000   -2.56717   -3.70017   -3.61748   -3.59730   -3.25399
   1214.13     60000   -2.61298   -3.95432   -4.06771   -4.08052   -3.33534
   1237.47     65000   -2.69048   -3.86559   -3.71880   -3.69831   -3.36871
   1260.81     70000   -2.73404   -3.79942   -3.66860   -3.64623   -3.38719
   1284.14     75000   -2.74469   -3.96824   -3.95769   -3.94236   -3.45722
   1307.49     80000   -2.81673   -4.13740   -4.09309   -4.08327   -3.52570
   1330.84     85000   -2.89739   -3.97630   -3.82459   -3.80258   -3.53892
   1354.18     90000   -2.89698   -4.00942   -3.91132   -3.89022   -3.57665
   1377.52     95000   -2.93454   -4.25550   -4.36129   -4.36783   -3.65806
   1400.89    100000   -3.01287   -4.22459   -4.08722   -4.06802   -3.70001
   1424.26      5000   -3.07182   -4.12702   -3.98897   -3.96653   -3.71403
   1447.62     10000   -3.07249   -4.26329   -4.22366   -4.20592   -3.77698
   1470.99     15000   -3.13719   -4.47933   -4.49340   -4.49074   -3.85183
   1494.34     20000   -3.21568   -4.32236   -4.16932   -4.14763   -3.86967
   1517.67     25000   -3.22882   -4.32294   -4.21209   -4.19043   -3.90007
   1541.01     30000   -3.25698   -4.54972   -4.62010   -4.61723   -3.97945
   1564.36     35000   -3.33446   -4.58475   -4.46452   -4.44720   -4.03050
   1587.70     40000   -3.41380   -4.45917   -4.31523   -4.29282   -4.04213
   1611.05     45000   -3.40069   -4.56251   -4.49945   -4.48010   -4.09734
   1634.40     50000   -3.45792   -4.80732   -4.88297   -4.88908   -4.17662
   1657.74     55000   -3.53516   -4.67280   -4.52089   -4.49971   -4.20083
   1681.09     60000   -3.56087   -4.64083   -4.51947   -4.49745   -4.22453
   1704.43     65000   -3.58179   -4.84144   -4.87078   -4.86082   -4.30000
   1727.76     70000   -3.65750   -4.94362   -4.85143   -4.83695   -4.35991
   1751.10     75000   -3.74244   -4.79582   -4.64736   -4.62506   -4.37132
   1774.45     80000   -3.73053   -4.86610   -4.78419   -4.76376   -4.41844
   1797.80     85000   -3.77807   -5.12061   -5.23411   -5.24480   -4.50003
   1821.13     90000   -3.85502   -5.02737   -4.87988   -4.85945   -4.53208
   1844.47     95000   -3.89622   -4.96320   -4.83312   -4.81088   -4.55017
   1867.81    100000   -3.90696   -5.13387   -5.12675   -5.11229   -4.62017
   1891.14      5000   -3.97937   -5.29732   -5.24751   -5.23752   -4.68802
   1914.49     10000   -4.06142   -5.13706   -4.98550   -4.96340   -4.70142
   1937.84     15000   -4.06011   -5.17424   -5.07699   -5.05582   -4.74047
   1961.18     20000   -4.09868   -5.42201   -5.53051   -5.53644   -4.82219
   1984.54     25000   -4.17694   -5.38529   -5.24700   -5.22771   -4.86308
   2007.91     30000   -4.23370   -5.29016   -5.15280   -5.13044   -4.87702
   2031.28     35000   -4.23486   -5.42898   -5.39203   -5.37475   -4.94033
   2054.64     40000   -4.30024   -5.64102   -5.64854   -5.64548   -5.01466
   2077.98     45000   -4.37911   -5.48288   -5.32991   -5.30815   -5.03220
   2101.31     50000   -4.39172   -5.48702   -5.37709   -5.35541   -5.06356
   2124.65     55000   -4.42055   -5.71625   -5.79039   -5.78768   -5.14334
   2148.00     60000   -4.49837   -5.74505   -5.62310   -5.60555   -5.19346
   2171.35     65000   -4.57529   -5.62172   -5.47838   -5.45601   -5.20504
   2194.70     70000   -4.56323   -5.72789   -5.66698   -5.64789   -5.26082
   2218.04     75000   -4.62133   -5.97072   -6.04064   -6.04637   -5.33976
   2241.41     80000   -4.69870   -5.83315   -5.68102   -5.65976   -5.36340
   2264.79     85000   -4.72319   -5.80441   -5.68392   -5.66189   -5.38782
   2288.19     90000   -4.74493   -6.00784   -6.04080   -6.03113   -5.46380
   2311.53     95000   -4.82134   -6.10404   -6.00889   -5.99403   -5.52288
   2334.88    100000   -4.90656   -5.95789   -5.80986   -5.78757   -5.53414
   2358.23      5000   -4.89311   -6.03111   -5.95091   -5.93063   -5.58193
   2381.57     10000   -4.94174   -6.28542   -6.39692   -6.40792   -5.66339
   2404.92     15000   -5.01872   -6.18752   -6.03941   -6.01889   -5.69469
   2428.25     20000   -5.05846   -6.12640   -5.99705   -5.97480   -5.71331
   2451.59     25000   -5.07009   -6.30003   -6.29599   -6.28176   -5.78391
   2474.93     30000   -5.14294   -6.45833   -6.40406   -6.39350   -5.85107
   2498.27     35000   -5.22507   -6.29867   -6.14736   -6.12525   -5.86416
   2521.61     40000   -5.22296   -6.33887   -6.24297   -6.22188   -5.90390
   2544.96     45000   -5.26221   -6.58779   -6.69834   -6.70522   -5.98570
   2568.31     50000   -5.34060   -6.54527   -6.40582   -6.38640   -6.02575
   2591.66     55000   -5.39557   -6.45297   -6.31621   -6.29385   -6.04003
   2615.02     60000   -5.39762   -6.59484   -6.56036   -6.54325   -6.10403
   2638.36     65000   -5.46376   -6.80310   -6.80491   -6.80103   -6.17782
   2661.69     70000   -5.54275   -6.64404   -6.49113   -6.46934   -6.19488
   2685.02     75000   -5.55438   -6.65122   -6.54240   -6.52076   -6.22691
   2708.34     80000   -5.58388   -6.88252   -6.96042   -6.95858   -6.30695
   2731.67     85000   -5.66211   -6.90499   -6.78109   -6.76335   -6.35621
   2755.00     90000   -5.73678   -6.78412   -6.64127   -6.61889   -6.36795
   2778.32     95000   -5.72597   -6.89337   -6.83445   -6.81548   -6.42446
   2801.65    100000   -5.78477   -7.13417   -7.19875   -7.20363   -6.50306
   2824.98      5000   -5.86239   -6.99388   -6.84157   -6.82025   -6.52605
   2848.31     10000   -5.88555   -6.96818   -6.84860   -6.82660   -6.55106
   2871.65     15000   -5.90800   -7.17420   -7.21092   -7.20183   -6.62747
   2894.98     20000   -5.98452   -7.26421   -7.16599   -7.15084   -6.68575
   2918.31     25000   -6.07074   -7.11987   -6.97222   -6.94991   -6.69695
   2941.64     30000   -6.05580   -7.19618   -7.11759   -7.09739   -6.74550
   2964.97     35000   -6.10555   -7.45020   -7.55953   -7.57037   -6.82681
   2988.30     40000   -6.18252   -7.34788   -7.19923   -7.17863   -6.85735
   3011.64     45000   -6.22076   -7.28973   -7.16115   -7.13891   -6.87644
   3034.97     50000   -6.23323   -7.46624   -7.46537   -7.45150   -6.94760
   3058.30     55000   -6.30651   -7.61915   -7.56038   -7.54934   -7.01406
   3081.63     60000   -6.38863   -7.46023   -7.30915   -7.28702   -7.02689
   3104.96     65000   -6.38588   -7.50350   -7.40894   -7.38791   -7.06738
   3128.29     70000   -6.42584   -7.75353   -7.86590   -7.87345   -7.14923
   3151.62     75000   -6.50434   -7.70535   -7.56485   -7.54531   -7.18844
   3174.96     80000   -6.55751   -7.61587   -7.47975   -7.45739   -7.20305
   3198.29     85000   -6.56041   -7.76074   -7.72884   -7.71194   -7.26770
   3221.63     90000   -6.62730   -7.96502   -7.96106   -7.95646   -7.34095
   3244.96     95000   -6.70644   -7.80518   -7.65233   -7.63050   -7.35756
   3268.30    100000   -6.71710   -7.81543   -7.70771   -7.68612   -7.39028
   3291.63      5000   -6.74728   -8.04876   -8.13036   -8.12931   -7.47057
   3314.97     10000   -6.82592   -8.06497   -7.93926   -7.92132   -7.51897
   3338.30     15000   -6.89834   -7.94659   -7.80426   -7.78187   -7.53086
   3361.63     20000   -6.88876   -8.05890   -8.00203   -7.98321   -7.58810
   3384.97     25000   -6.94826   -8.29748   -8.35648   -8.36054   -7.66633
   3408.31     30000   -7.02613   -8.15462   -8.00213   -7.98076   -7.68869
   3431.64     35000   -7.04797   -8.13196   -8.01331   -7.99133   -7.71432
   3454.98     40000   -7.07114   -8.34057   -8.38106   -8.37253   -7.79114
   3478.31     45000   -7.14772   -8.42437   -8.32324   -8.30779   -7.84860
   3501.65     50000   -7.23412   -8.28191   -8.13465   -8.11233   -7.85977
   3524.98     55000   -7.21854   -8.36129   -8.28437   -8.26426   -7.90907
   3548.31     60000   -7.26931   -8.61486   -8.72161   -8.73223   -7.99022
   3571.65     65000   -7.34637   -8.50825   -8.35910   -8.33842   -8.02000
   3594.98     70000   -7.38312   -8.45309   -8.32528   -8.30306   -8.03959
   3618.32     75000   -7.39643   -8.63246   -8.63483   -8.62131   -8.11130
   3641.65     80000   -7.47014   -8.77990   -8.71680   -8.70529   -8.17704
   3664.99     85000   -7.55224   -8.62184   -8.47102   -8.44887   -8.18963
   3688.34     90000   -7.54887   -8.66819   -8.57498   -8.55402   -8.23086
   3711.69     95000   -7.58953   -8.91920   -9.03307   -9.04129   -8.31275
   3735.04    100000   -7.66767   -8.86544   -8.72394   -8.70428   -8.35112
   3758.40      5000   -7.71951   -8.77880   -8.64333   -8.62098   -8.36608
   3781.75     10000   -7.72326   -8.92667   -8.89738   -8.88072   -8.43138
   3805.11     15000   -7.79091   -9.12682   -9.11720   -9.11188   -8.50407
   3828.12     20000   -7.87020   -8.96636   -8.81360   -8.79173   -8.52024
   3850.65     25000   -7.87952   -8.97969   -8.87309   -8.85154   -8.55366
   3873.17     30000   -7.91075   -9.21498   -9.30019   -9.29995   -8.63418
   3895.73     35000   -7.98978   -9.22494   -9.09749   -9.07938   -8.68172
MyID= 0: Time=  0.1,has convergenced
     1685871 iterations for the convertgence of psi
 MyID=           0 has finish
