 START-UP FOR CHUNK...
     23.52      5000   -0.59486   -2.02775   -2.03420   -1.97527   -1.28781
     46.94     10000   -0.74783   -2.14443   -1.91352   -1.97987   -1.49957
     70.37     15000   -0.73820   -2.26676   -1.80061   -1.84140   -1.53261
     93.78     20000   -0.65203   -2.30710   -1.65284   -1.65563   -1.45676
    117.20     25000   -0.54141   -1.84059   -1.51194   -1.50107   -1.33261
    140.62     30000   -0.46557   -1.60360   -1.46181   -1.46383   -1.22081
    164.04     35000   -0.43169   -1.78452   -1.71737   -1.68276   -1.21739
    187.46     40000   -0.52536   -1.92220   -1.88732   -2.03255   -1.33294
    210.88     45000   -0.68601   -1.85084   -1.73238   -1.72446   -1.41045
    234.30     50000   -0.84377   -1.97422   -1.85671   -1.82565   -1.52314
    257.72     55000   -0.93348   -2.25792   -2.31968   -2.26603   -1.65354
    281.14     60000   -1.01259   -2.29701   -2.18077   -2.18602   -1.72126
    304.56     65000   -1.04588   -2.09656   -1.94876   -1.93416   -1.69329
    327.98     70000   -1.01453   -2.09671   -2.00703   -1.97745   -1.68383
    351.40     75000   -1.02713   -2.32637   -2.43088   -2.36137   -1.74702
    374.82     80000   -1.11907   -2.32555   -2.27298   -2.24510   -1.81388
    398.24     85000   -1.22894   -2.25131   -2.12660   -2.10882   -1.84797
    421.66     90000   -1.24883   -2.40680   -2.32406   -2.29401   -1.92064
    445.08     95000   -1.31027   -2.65704   -2.83822   -2.78605   -2.01946
    468.50    100000   -1.39144   -2.52527   -2.39383   -2.38546   -2.05640
 ITERATION...
    491.93      5000   -1.41816   -2.45590   -2.32891   -2.30673   -2.05356
    515.34     10000   -1.41099   -2.61790   -2.58283   -2.53970   -2.10299
    538.76     15000   -1.47573   -2.80110   -2.87316   -2.84701   -2.18672
    562.18     20000   -1.57435   -2.64960   -2.52747   -2.50774   -2.22297
    585.60     25000   -1.60008   -2.68746   -2.56886   -2.54478   -2.25867
    609.02     30000   -1.63748   -2.93753   -2.98151   -2.93031   -2.34373
    632.41     35000   -1.72447   -2.96599   -2.91060   -2.89926   -2.41649
    655.82     40000   -1.79988   -2.83263   -2.69843   -2.68188   -2.42707
    679.22     45000   -1.78563   -2.91515   -2.81959   -2.79037   -2.45974
    702.62     50000   -1.82673   -3.17872   -3.33218   -3.26875   -2.54380
    726.02     55000   -1.92238   -3.08573   -2.98572   -2.97108   -2.60053
    749.42     60000   -1.99058   -3.02302   -2.89428   -2.87267   -2.61923
    772.82     65000   -1.99336   -3.19035   -3.12734   -3.09227   -2.68035
    796.22     70000   -2.05758   -3.40638   -3.50825   -3.47405   -2.76890
    819.62     75000   -2.14534   -3.23804   -3.11398   -3.09852   -2.80180
    843.02     80000   -2.16471   -3.23517   -3.11573   -3.09236   -2.81973
    866.42     85000   -2.18716   -3.45791   -3.46462   -3.42028   -2.89107
    889.82     90000   -2.26924   -3.54544   -3.52098   -3.50626   -2.96950
    913.23     95000   -2.35714   -3.40041   -3.27007   -3.25225   -2.99108
    936.63    100000   -2.35801   -3.47268   -3.36879   -3.34142   -3.02752
    960.04      5000   -2.39947   -3.74183   -3.86324   -3.80099   -3.11339
    983.43     10000   -2.49132   -3.68055   -3.58715   -3.57376   -3.17401
   1006.84     15000   -2.56765   -3.58867   -3.45896   -3.43861   -3.18696
   1030.24     20000   -2.55447   -3.72591   -3.65284   -3.62035   -3.23753
   1053.63     25000   -2.61049   -3.97010   -4.11090   -4.06842   -3.32568
   1077.04     30000   -2.70388   -3.81686   -3.69709   -3.68182   -3.36696
   1100.44     35000   -2.73716   -3.79610   -3.67260   -3.64981   -3.38581
   1123.84     40000   -2.75564   -4.00255   -3.98430   -3.94299   -3.45512
   1147.25     45000   -2.83340   -4.13721   -4.14313   -4.12626   -3.53733
   1170.65     50000   -2.91947   -3.97774   -3.84714   -3.83006   -3.56069
   1194.05     55000   -2.92410   -4.02441   -3.91504   -3.88877   -3.59001
   1217.45     60000   -2.95944   -4.28216   -4.36568   -4.30999   -3.67181
   1240.85     65000   -3.05122   -4.26668   -4.18790   -4.17474   -3.73891
   1264.26     70000   -3.13533   -4.15715   -4.02535   -4.00578   -3.75411
   1287.66     75000   -3.12241   -4.27446   -4.18915   -4.15834   -3.80065
   1311.06     80000   -3.17259   -4.53475   -4.69883   -4.64273   -3.88910
   1334.46     85000   -3.26696   -4.40193   -4.28722   -4.27285   -3.93597
   1357.87     90000   -3.31113   -4.35856   -4.23184   -4.20987   -3.95165
   1381.27     95000   -3.32130   -4.54363   -4.50419   -4.46613   -4.01517
   1404.67    100000   -3.39200   -4.71887   -4.76506   -4.74417   -4.10034
   1428.07      5000   -3.48095   -4.55397   -4.42495   -4.40849   -4.12879
   1451.47     10000   -3.49231   -4.58036   -4.46482   -4.43970   -4.15447
   1474.87     15000   -3.52327   -4.82538   -4.87161   -4.82029   -4.23310
   1498.27     20000   -3.61213   -4.85558   -4.79670   -4.78331   -4.30552
   1521.67     25000   -3.69729   -4.72776   -4.59551   -4.57680   -4.32203
   1545.06     30000   -3.68766   -4.82333   -4.72862   -4.69949   -4.36284
   1568.46     35000   -3.73361   -5.09087   -5.24839   -5.18683   -4.45016
   1591.86     40000   -3.82727   -4.98610   -4.87942   -4.86564   -4.50352
   1615.25     45000   -3.88670   -4.92212   -4.79298   -4.77183   -4.51813
   1638.65     50000   -3.88748   -5.08692   -5.02955   -4.99408   -4.57657
   1662.06     55000   -3.95195   -5.29743   -5.38957   -5.36007   -4.66382
   1685.46     60000   -4.04208   -5.13273   -5.00694   -4.99116   -4.69737
   1708.87     65000   -4.06251   -5.13758   -5.01787   -4.99385   -4.71912
   1732.27     70000   -4.08833   -5.36630   -5.38012   -5.33393   -4.79355
   1755.68     75000   -4.17252   -5.44328   -5.40929   -5.39522   -4.87084
   1779.08     80000   -4.25753   -5.29955   -5.16759   -5.14960   -4.89011
   1802.48     85000   -4.25521   -5.37387   -5.27135   -5.24363   -4.92587
   1825.88     90000   -4.29639   -5.64130   -5.77100   -5.70915   -5.01135
   1849.28     95000   -4.38949   -5.57261   -5.47681   -5.46340   -5.07095
   1872.68    100000   -4.46340   -5.48774   -5.35720   -5.33684   -5.08505
   1896.08      5000   -4.45389   -5.63130   -5.55991   -5.52681   -5.13800
   1919.48     10000   -4.51174   -5.86941   -6.00334   -5.96283   -5.22634
   1942.88     15000   -4.60452   -5.71316   -5.59149   -5.57636   -5.26573
   1966.29     20000   -4.63410   -5.69661   -5.57333   -5.55025   -5.28442
   1989.68     25000   -4.65361   -5.90684   -5.89360   -5.85140   -5.35427
   2013.08     30000   -4.73232   -6.03012   -6.02819   -6.01201   -5.43563
   2036.48     35000   -4.81914   -5.87372   -5.74283   -5.72553   -5.45844
   2059.88     40000   -4.82252   -5.92652   -5.81768   -5.79125   -5.48933
   2083.29     45000   -4.85937   -6.18694   -6.27907   -6.22166   -5.57214
   2106.69     50000   -4.95110   -6.16018   -6.07819   -6.06507   -5.63779
   2130.09     55000   -5.03513   -6.05528   -5.92366   -5.90405   -5.65242
   2153.50     60000   -5.02059   -6.17744   -6.09437   -6.06318   -5.69992
   2176.90     65000   -5.07207   -6.43441   -6.59534   -6.54217   -5.78838
   2200.30     70000   -5.16599   -6.29581   -6.17984   -6.16531   -5.83391
   2223.69     75000   -5.20794   -6.25783   -6.13169   -6.10951   -5.85023
   2247.10     80000   -5.22015   -6.44814   -6.41279   -6.37402   -5.91510
   2270.50     85000   -5.29203   -6.61400   -6.65089   -6.63086   -5.99968
   2293.90     90000   -5.38035   -6.44984   -6.32064   -6.30403   -6.02689
   2317.30     95000   -5.39027   -6.48116   -6.36691   -6.34161   -6.05338
   2340.70    100000   -5.42228   -6.72953   -6.78390   -6.73164   -6.13280
   2364.10      5000   -5.51221   -6.74859   -6.68488   -6.67165   -6.20404
   2387.51     10000   -5.59703   -6.62495   -6.49286   -6.47398   -6.22015
   2410.91     15000   -5.58621   -6.72563   -6.63293   -6.60343   -6.26226
   2434.31     20000   -5.63346   -6.99234   -7.15364   -7.09261   -6.34992
   2457.70     25000   -5.72697   -6.88022   -6.77171   -6.75776   -6.40179
   2481.11     30000   -5.78283   -6.82099   -6.69251   -6.67116   -6.41657
   2504.50     35000   -5.78580   -6.99060   -6.93707   -6.90110   -6.47620
   2527.91     40000   -5.85182   -7.19353   -7.27501   -7.24787   -6.56305
   2551.31     45000   -5.94181   -7.02805   -6.90155   -6.88561   -6.59537
   2574.71     50000   -5.95987   -7.03789   -6.91916   -6.89490   -6.61797
   2598.13     55000   -5.98688   -7.27060   -7.29144   -7.24416   -6.69341
   2621.53     60000   -6.07233   -7.33689   -7.29674   -7.28288   -6.76965
   2644.94     65000   -6.15720   -7.19657   -7.06458   -7.04642   -6.78820
   2668.35     70000   -6.15361   -7.27578   -7.17502   -7.14699   -6.82510
   2691.76     75000   -6.19548   -7.54391   -7.68137   -7.61916   -6.91108
   2715.16     80000   -6.28947   -7.46631   -7.36777   -7.35428   -6.96926
   2738.57     85000   -6.35927   -7.38618   -7.25596   -7.23542   -6.98339
   2761.97     90000   -6.35249   -7.53463   -7.46628   -7.43267   -7.03761
   2785.38     95000   -6.41173   -7.76716   -7.89245   -7.85465   -7.12578
   2808.78    100000   -6.50384   -7.60823   -7.48554   -7.47026   -7.16379
   2832.19      5000   -6.53127   -7.59660   -7.47412   -7.45084   -7.18312
   2855.59     10000   -6.55245   -7.81122   -7.80381   -7.76075   -7.25406
   2879.00     15000   -6.63209   -7.92410   -7.91413   -7.89860   -7.33456
   2902.42     20000   -6.71923   -7.77024   -7.63904   -7.62158   -7.35648
   2925.83     25000   -6.72084   -7.82797   -7.72051   -7.69378   -7.38846
   2949.24     30000   -6.75886   -8.09051   -8.19155   -8.13295   -7.47194
   2972.65     35000   -6.85045   -8.05372   -7.96824   -7.95506   -7.53623
   2996.07     40000   -6.93505   -7.95334   -7.82193   -7.80215   -7.55066
   3019.48     45000   -6.91914   -8.08042   -7.99986   -7.96826   -7.59941
   3042.89     50000   -6.97204   -8.33386   -8.49068   -8.44025   -7.68793
   3066.30     55000   -7.06538   -8.19040   -8.07296   -8.05830   -7.73202
   3089.71     60000   -7.10456   -8.15733   -8.03180   -8.00941   -7.74881
   3113.12     65000   -7.11837   -8.35231   -8.32167   -8.28215   -7.81486
   3136.53     70000   -7.19199   -8.50881   -8.53620   -8.51726   -7.89878
   3159.94     75000   -7.27979   -8.34593   -8.21626   -8.19950   -7.92491
   3183.35     80000   -7.28843   -8.38218   -8.26910   -8.24355   -7.95237
   3206.76     85000   -7.32158   -8.63370   -8.69647   -8.64302   -8.03263
   3230.18     90000   -7.41236   -8.64200   -8.57364   -8.56048   -8.10263
   3253.57     95000   -7.49632   -8.52251   -8.39048   -8.37144   -8.11831
   3276.95    100000   -7.48485   -8.62814   -8.53749   -8.50762   -8.16164
   3300.33      5000   -7.53309   -8.89339   -9.05706   -8.99721   -8.24958
   3323.73     10000   -7.62675   -8.77442   -8.66401   -8.64993   -8.29998
   3347.14     15000   -7.67911   -8.72006   -8.59207   -8.57053   -8.31503
   3370.54     20000   -7.68431   -8.89448   -8.84482   -8.80824   -8.37589
   3393.94     25000   -7.75189   -9.08949   -9.16044   -9.13527   -8.46231
   3417.34     30000   -7.84170   -8.92365   -8.79644   -8.78035   -8.49339
   3440.73     35000   -7.85739   -8.93843   -8.82066   -8.79617   -8.51683
   3464.13     40000   -7.88555   -9.17499   -9.20309   -9.15471   -8.59324
   3487.52     45000   -7.97202   -9.23041   -9.18430   -9.17066   -8.66839
MyID= 0: Time=  0.1,has convergenced
     1686081 iterations for the convertgence of psi
 MyID=           0 has finish
