 START-UP FOR CHUNK...
     23.44      5000   -0.54881   -2.00203   -1.86136   -1.77953   -1.27872
     46.82     10000   -0.64940   -2.18605   -1.71861   -1.79358   -1.44655
     70.21     15000   -0.59923   -2.24768   -1.61734   -1.66642   -1.42664
     93.59     20000   -0.50510   -2.04466   -1.51697   -1.50851   -1.33867
    116.97     25000   -0.43658   -1.65303   -1.46037   -1.44612   -1.24388
    140.35     30000   -0.40246   -1.68682   -1.60667   -1.59565   -1.20430
    163.73     35000   -0.45339   -1.94523   -1.82936   -1.96477   -1.33139
    187.11     40000   -0.65314   -1.90467   -1.81340   -1.79955   -1.44029
    210.49     45000   -0.85520   -1.94823   -1.80794   -1.83187   -1.53626
    233.87     50000   -0.93130   -2.23357   -2.13558   -2.09945   -1.65947
    257.24     55000   -1.01153   -2.41086   -2.38857   -2.39786   -1.78251
    280.62     60000   -1.10753   -2.32249   -2.10181   -2.11509   -1.81261
    304.00     65000   -1.14974   -2.17455   -2.05206   -2.02049   -1.79234
    327.38     70000   -1.12028   -2.30802   -2.24193   -2.19584   -1.82411
    350.76     75000   -1.17072   -2.57240   -2.63267   -2.52568   -1.91765
    374.14     80000   -1.29781   -2.40450   -2.34228   -2.30017   -1.97966
    397.52     85000   -1.40575   -2.39881   -2.28663   -2.28202   -2.01498
    420.90     90000   -1.41034   -2.62967   -2.54138   -2.52118   -2.08958
    444.28     95000   -1.47883   -2.83638   -2.92745   -2.85622   -2.19530
    467.66    100000   -1.59134   -2.68842   -2.54440   -2.55399   -2.24594
 ITERATION...
    491.04      5000   -1.62788   -2.64498   -2.51477   -2.49737   -2.25194
    514.42     10000   -1.62197   -2.83396   -2.76503   -2.70633   -2.30363
    537.80     15000   -1.68524   -3.09596   -3.14550   -3.05330   -2.40018
    561.18     20000   -1.80580   -2.88019   -2.78078   -2.75305   -2.45643
    584.56     25000   -1.84768   -2.87297   -2.76149   -2.74212   -2.48196
    607.94     30000   -1.87186   -3.11001   -3.03930   -3.00578   -2.55066
    631.32     35000   -1.94208   -3.29441   -3.34111   -3.27348   -2.65004
    654.70     40000   -2.05601   -3.10530   -2.98400   -2.98230   -2.69727
    678.08     45000   -2.06906   -3.11233   -2.98750   -2.97434   -2.71359
    701.45     50000   -2.09260   -3.34722   -3.29128   -3.23344   -2.77820
    724.84     55000   -2.16679   -3.53635   -3.53140   -3.48184   -2.87482
    748.22     60000   -2.28387   -3.33060   -3.21285   -3.19663   -2.92076
    771.59     65000   -2.29559   -3.35003   -3.23815   -3.21451   -2.94516
    794.97     70000   -2.33087   -3.61224   -3.56962   -3.51662   -3.01834
    818.35     75000   -2.41153   -3.73876   -3.71872   -3.67225   -3.11433
    841.73     80000   -2.52290   -3.54631   -3.42692   -3.41724   -3.15367
    865.11     85000   -2.52107   -3.58633   -3.46926   -3.45312   -3.17658
    888.49     90000   -2.55848   -3.85740   -3.83083   -3.76691   -3.25104
    911.87     95000   -2.64458   -3.95230   -3.90837   -3.87947   -3.34473
    935.25    100000   -2.75494   -3.77698   -3.65289   -3.64149   -3.38106
    958.63      5000   -2.74988   -3.83069   -3.71995   -3.69572   -3.40875
    982.01     10000   -2.79349   -4.12145   -4.11638   -4.04298   -3.48868
   1005.39     15000   -2.88549   -4.16465   -4.09872   -4.07064   -3.58010
   1028.77     20000   -2.99106   -3.99752   -3.87431   -3.86148   -3.61160
   1052.15     25000   -2.97883   -4.06906   -3.95828   -3.93690   -3.64104
   1075.53     30000   -3.02363   -4.36984   -4.38507   -4.30363   -3.72357
   1098.91     35000   -3.12198   -4.36929   -4.29672   -4.27587   -3.81176
   1122.29     40000   -3.22368   -4.22719   -4.10138   -4.09028   -3.84024
   1145.67     45000   -3.20866   -4.31631   -4.20913   -4.18382   -3.87376
   1169.05     50000   -3.25716   -4.63019   -4.67228   -4.57656   -3.96026
   1192.43     55000   -3.36090   -4.58325   -4.49171   -4.47412   -4.04507
   1215.81     60000   -3.45909   -4.45327   -4.32699   -4.31334   -4.07020
   1239.19     65000   -3.43846   -4.55880   -4.45398   -4.42747   -4.10692
   1262.57     70000   -3.48965   -4.87942   -4.94431   -4.83743   -4.19600
   1285.95     75000   -3.59823   -4.79049   -4.69705   -4.68056   -4.27657
   1309.32     80000   -3.69169   -4.68293   -4.55697   -4.54441   -4.29941
   1332.71     85000   -3.66953   -4.80755   -4.70674   -4.67848   -4.34029
   1356.09     90000   -3.72270   -5.13041   -5.21826   -5.10220   -4.43224
   1379.47     95000   -3.83679   -5.00373   -4.89789   -4.88500   -4.50855
   1402.85    100000   -3.92650   -4.91265   -4.78558   -4.77145   -4.52940
   1426.23      5000   -3.90099   -5.05408   -4.95706   -4.92559   -4.57419
   1449.61     10000   -3.95696   -5.37456   -5.47488   -5.35176   -4.66812
   1472.99     15000   -4.07355   -5.21589   -5.10840   -5.09483   -4.73948
   1496.37     20000   -4.14688   -5.14407   -5.01877   -5.00442   -4.75909
   1519.75     25000   -4.13434   -5.30460   -5.21349   -5.18029   -4.80824
   1543.13     30000   -4.19288   -5.61214   -5.71113   -5.59586   -4.90400
   1566.51     35000   -4.31048   -5.42987   -5.31526   -5.30411   -4.97048
   1589.89     40000   -4.36675   -5.37633   -5.25032   -5.23520   -4.98939
   1613.27     45000   -4.36586   -5.55448   -5.46893   -5.43170   -5.04279
   1636.65     50000   -4.42888   -5.84476   -5.93041   -5.82383   -5.13960
   1660.03     55000   -4.54622   -5.64610   -5.52975   -5.51793   -5.20076
   1683.41     60000   -4.58865   -5.61034   -5.48651   -5.47041   -5.21962
   1706.79     65000   -4.59820   -5.80736   -5.73030   -5.69011   -5.27748
   1730.17     70000   -4.66429   -6.06881   -6.12740   -6.04137   -5.37499
   1753.55     75000   -4.78260   -5.86242   -5.74204   -5.73134   -5.43103
   1776.93     80000   -4.81195   -5.84497   -5.72123   -5.70452   -5.45040
   1800.31     85000   -4.83150   -6.06008   -5.99128   -5.94626   -5.51260
   1823.69     90000   -4.90046   -6.28886   -6.32062   -6.24958   -5.61005
   1847.07     95000   -5.01747   -6.08177   -5.96004   -5.94894   -5.66080
   1870.45    100000   -5.03620   -6.08172   -5.96027   -5.94232   -5.68125
   1893.83      5000   -5.06279   -6.31543   -6.25852   -6.20867   -5.74784
   1917.21     10000   -5.13753   -6.50315   -6.50433   -6.45041   -5.84480
   1940.59     15000   -5.25347   -6.30112   -6.17698   -6.16616   -5.89058
   1963.97     20000   -5.26200   -6.31889   -6.19836   -6.17957   -5.91263
   1987.35     25000   -5.29511   -6.57045   -6.52582   -6.46961   -5.98343
   2010.73     30000   -5.37509   -6.71506   -6.69311   -6.64985   -6.07912
   2034.11     35000   -5.48782   -6.52318   -6.39829   -6.38717   -6.12000
   2057.48     40000   -5.48919   -6.55834   -6.44034   -6.42022   -6.14416
   2080.86     45000   -5.52723   -6.82756   -6.79949   -6.73605   -6.21911
   2104.25     50000   -5.61284   -6.92455   -6.87954   -6.84644   -6.31307
   2127.63     55000   -5.72301   -6.74560   -6.61923   -6.60796   -6.34952
   2151.00     60000   -5.71707   -6.79824   -6.68196   -6.66063   -6.37621
   2174.38     65000   -5.75973   -7.08372   -7.07349   -7.00105   -6.45503
   2197.77     70000   -5.85105   -7.13354   -7.07273   -7.04552   -6.54652
   2221.15     75000   -5.95729   -6.97027   -6.84372   -6.83207   -6.57882
   2244.52     80000   -5.94675   -7.04037   -6.92711   -6.90430   -6.60846
   2267.91     85000   -5.99160   -7.34069   -7.35278   -7.27021   -6.69099
   2291.29     90000   -6.08926   -7.34210   -7.26598   -7.24430   -6.77959
   2314.67     95000   -6.19129   -7.19560   -7.06823   -7.05622   -6.80829
   2338.05    100000   -6.17627   -7.28312   -7.17244   -7.14802   -6.84121
   2361.43      5000   -6.22414   -7.59545   -7.63111   -7.53656   -6.92708
   2384.81     10000   -6.32710   -7.55153   -7.46526   -7.44661   -7.01211
   2408.18     15000   -6.42574   -7.42286   -7.29577   -7.28325   -7.03767
   2431.56     20000   -6.40618   -7.52799   -7.42115   -7.39494   -7.07420
   2454.94     25000   -6.45727   -7.84870   -7.90984   -7.80373   -7.16315
   2478.32     30000   -6.56542   -7.76144   -7.66537   -7.64965   -7.24425
   2501.70     35000   -6.65913   -7.65095   -7.52359   -7.51057   -7.26728
   2525.08     40000   -6.63705   -7.77368   -7.67051   -7.64222   -7.30765
   2548.46     45000   -6.68988   -8.09769   -8.18112   -8.06418   -7.39922
   2571.84     50000   -6.80317   -7.97294   -7.87040   -7.85619   -7.47587
   2595.22     55000   -6.89339   -7.88080   -7.75409   -7.74043   -7.49692
   2618.59     60000   -6.86848   -8.02139   -7.92324   -7.89266   -7.54137
   2641.97     65000   -6.92409   -8.34226   -8.44006   -8.31895   -7.63518
   2665.35     70000   -7.04058   -8.18532   -8.07652   -8.06382   -7.70714
   2688.73     75000   -7.11553   -8.11156   -7.98508   -7.97078   -7.72684
   2712.10     80000   -7.10150   -8.27005   -8.17709   -8.14379   -7.77550
   2735.48     85000   -7.15992   -8.58054   -8.68025   -8.56151   -7.87103
   2758.86     90000   -7.27718   -8.39953   -8.28661   -8.27460   -7.93794
   2782.24     95000   -7.33546   -8.34398   -8.21850   -8.20344   -7.95690
   2805.62    100000   -7.33338   -8.52067   -8.43446   -8.39810   -8.00989
   2828.99      5000   -7.39581   -8.81248   -8.89844   -8.79252   -8.10667
   2852.37     10000   -7.51348   -8.61481   -8.49788   -8.48657   -8.16845
   2875.75     15000   -7.55701   -8.57737   -8.45259   -8.43676   -8.18729
   2899.13     20000   -7.56550   -8.77228   -8.69343   -8.65341   -8.24465
   2922.51     25000   -7.63131   -9.03789   -9.10080   -9.01090   -8.34207
   2945.89     30000   -7.74932   -8.83192   -8.71241   -8.70132   -8.39859
   2969.26     35000   -7.78040   -8.81238   -8.68896   -8.67222   -8.41788
   2992.64     40000   -7.79888   -9.02570   -8.95619   -8.91194   -8.47964
   3016.02     45000   -7.86738   -9.25758   -9.29100   -9.21956   -8.57718
   3039.40     50000   -7.98468   -9.05018   -8.92813   -8.91726   -8.62853
MyID= 0: Time=  0.1,has convergenced
     1683745 iterations for the convertgence of psi
 MyID=           0 has finish
