 START-UP FOR CHUNK...
     23.43      5000   -0.57543   -2.01825   -1.95698   -1.88317   -1.28474
     46.80     10000   -0.70397   -2.15977   -1.82258   -1.89122   -1.47856
     70.14     15000   -0.67555   -2.28040   -1.71228   -1.75697   -1.48503
     93.48     20000   -0.58047   -2.18329   -1.57995   -1.58124   -1.39835
    116.82     25000   -0.48589   -1.74090   -1.47738   -1.46099   -1.28536
    140.16     30000   -0.42765   -1.60276   -1.50288   -1.50166   -1.20077
    163.50     35000   -0.43487   -1.90773   -1.83768   -1.86662   -1.26739
    186.85     40000   -0.58198   -1.91771   -1.85083   -1.86406   -1.38529
    210.19     45000   -0.75999   -1.87862   -1.74921   -1.76107   -1.46561
    233.55     50000   -0.88154   -2.08507   -1.98445   -1.94132   -1.58561
    256.89     55000   -0.97046   -2.35356   -2.46698   -2.41655   -1.71364
    280.24     60000   -1.05512   -2.30746   -2.11530   -2.11773   -1.75889
    303.59     65000   -1.08633   -2.11399   -1.98410   -1.95655   -1.72920
    326.96     70000   -1.05404   -2.18412   -2.11321   -2.07456   -1.74062
    350.33     75000   -1.08931   -2.43649   -2.57260   -2.48174   -1.81968
    373.69     80000   -1.19870   -2.33721   -2.27713   -2.24388   -1.88153
    397.06     85000   -1.30686   -2.31334   -2.19151   -2.18198   -1.91612
    420.42     90000   -1.31653   -2.51033   -2.43994   -2.40953   -1.99227
    443.77     95000   -1.38361   -2.72102   -2.85190   -2.80671   -2.09240
    467.12    100000   -1.47347   -2.57615   -2.43603   -2.43556   -2.12887
 ITERATION...
    490.46      5000   -1.49256   -2.53318   -2.40870   -2.38475   -2.13048
    513.80     10000   -1.49641   -2.72800   -2.69286   -2.63350   -2.18575
    537.14     15000   -1.56484   -2.89914   -2.94562   -2.90181   -2.27401
    560.48     20000   -1.66926   -2.72641   -2.61439   -2.59146   -2.31283
    583.82     25000   -1.69193   -2.77036   -2.65362   -2.63074   -2.34567
    607.18     30000   -1.72979   -3.03430   -3.04918   -2.99389   -2.42858
    630.54     35000   -1.81816   -3.06310   -3.03002   -3.01350   -2.51081
    653.91     40000   -1.90106   -2.92537   -2.79580   -2.78577   -2.52882
    677.27     45000   -1.88892   -3.00130   -2.89381   -2.86736   -2.55665
    700.60     50000   -1.92809   -3.28165   -3.38037   -3.28968   -2.63956
    723.92     55000   -2.02912   -3.22291   -3.14130   -3.12859   -2.71096
    747.24     60000   -2.11819   -3.12582   -3.00070   -2.98054   -2.73088
    770.56     65000   -2.10480   -3.26294   -3.17267   -3.13839   -2.77975
    793.87     70000   -2.15879   -3.54631   -3.69654   -3.60484   -2.87207
    817.19     75000   -2.26049   -3.38563   -3.28187   -3.26744   -2.92697
    840.51     80000   -2.30957   -3.33569   -3.21220   -3.19391   -2.94069
    863.83     85000   -2.31201   -3.51748   -3.45334   -3.41555   -2.99716
    887.15     90000   -2.37685   -3.73352   -3.82702   -3.77476   -3.08818
    910.47     95000   -2.47808   -3.55752   -3.43953   -3.42740   -3.13012
    933.80    100000   -2.50222   -3.56233   -3.44277   -3.42037   -3.15149
    957.13      5000   -2.52791   -3.79667   -3.77767   -3.72421   -3.22332
    980.46     10000   -2.60875   -3.91331   -3.90209   -3.87874   -3.31017
   1003.79     15000   -2.70152   -3.74324   -3.61860   -3.60287   -3.33770
   1027.12     20000   -2.70144   -3.79506   -3.68465   -3.65888   -3.36502
   1050.45     25000   -2.73843   -4.06779   -4.11760   -4.04809   -3.44582
   1073.78     30000   -2.83407   -4.06151   -3.99852   -3.98269   -3.52287
   1097.11     35000   -2.92234   -3.93805   -3.81115   -3.79518   -3.54282
   1120.44     40000   -2.91158   -4.04348   -3.94503   -3.91572   -3.58257
   1143.77     45000   -2.95937   -4.33123   -4.46890   -4.37636   -3.67157
   1167.10     50000   -3.06027   -4.22209   -4.12294   -4.11100   -3.73503
   1190.46     55000   -3.13197   -4.14577   -4.01892   -4.00017   -3.75050
   1213.81     60000   -3.12294   -4.30092   -4.22347   -4.18697   -3.80206
   1237.15     65000   -3.18009   -4.55841   -4.69159   -4.61792   -3.89378
   1260.47     70000   -3.28249   -4.38731   -4.27293   -4.25955   -3.94238
   1283.79     75000   -3.31867   -4.36368   -4.24044   -4.21958   -3.96003
   1307.11     80000   -3.33462   -4.57072   -4.52642   -4.48160   -4.02485
   1330.43     85000   -3.40778   -4.74179   -4.77966   -4.74532   -4.11465
   1353.75     90000   -3.50459   -4.56557   -4.44156   -4.42794   -4.14889
   1377.07     95000   -3.51562   -4.59308   -4.47584   -4.45209   -4.17241
   1400.39    100000   -3.54684   -4.84612   -4.85792   -4.79697   -4.24864
   1423.71      5000   -3.63541   -4.90194   -4.86139   -4.84352   -4.33109
   1447.03     10000   -3.72628   -4.75512   -4.62749   -4.61181   -4.35446
   1470.35     15000   -3.72018   -4.83398   -4.72719   -4.69955   -4.38796
   1493.67     20000   -3.76252   -5.11825   -5.21368   -5.13018   -4.47349
   1516.99     25000   -3.86274   -5.05620   -4.97223   -4.95885   -4.54412
   1540.32     30000   -3.94763   -4.95597   -4.82778   -4.81049   -4.56107
   1563.64     35000   -3.93047   -5.08620   -4.99560   -4.96310   -4.60643
   1586.96     40000   -3.98300   -5.36447   -5.51863   -5.42753   -4.69728
   1610.28     45000   -4.08595   -5.21762   -5.10999   -5.09756   -4.75340
   1633.61     50000   -4.13830   -5.16836   -5.04233   -5.02274   -4.76942
   1656.93     55000   -4.14294   -5.35015   -5.28588   -5.24572   -4.82773
   1680.25     60000   -4.20819   -5.56960   -5.65802   -5.60610   -4.91921
   1703.58     65000   -4.30821   -5.38960   -5.26966   -5.25631   -4.96038
   1726.90     70000   -4.33097   -5.39172   -5.27067   -5.24846   -4.98036
   1750.22     75000   -4.35550   -5.62307   -5.60215   -5.55033   -5.05104
   1773.55     80000   -4.43598   -5.73805   -5.73258   -5.70842   -5.13779
   1796.87     85000   -4.52973   -5.57321   -5.44720   -5.43260   -5.16613
   1820.20     90000   -4.53086   -5.62660   -5.51378   -5.48833   -5.19428
   1843.52     95000   -4.56838   -5.89858   -5.94847   -5.87716   -5.27557
   1866.85    100000   -4.66379   -5.89317   -5.82796   -5.81315   -5.35262
   1890.17      5000   -4.75140   -5.76851   -5.64036   -5.62397   -5.37213
   1913.50     10000   -4.74022   -5.87298   -5.77322   -5.74340   -5.41130
   1936.85     15000   -4.78765   -6.16054   -6.29625   -6.20332   -5.50000
   1960.20     20000   -4.88868   -6.05026   -5.95291   -5.94025   -5.56363
   1983.55     25000   -4.96118   -5.97510   -5.84783   -5.82943   -5.57946
   2006.91     30000   -4.95222   -6.13107   -6.05194   -6.01610   -5.63124
   2030.27     35000   -5.00941   -6.38710   -6.52164   -6.44753   -5.72306
   2053.63     40000   -5.11163   -6.21668   -6.10208   -6.08930   -5.77165
   2076.98     45000   -5.14779   -6.19295   -6.06914   -6.04834   -5.78904
   2100.32     50000   -5.16346   -6.39985   -6.35438   -6.30920   -5.85362
   2123.69     55000   -5.23643   -6.57155   -6.61003   -6.57516   -5.94342
   2147.03     60000   -5.33339   -6.39448   -6.27101   -6.25709   -5.97783
   2170.38     65000   -5.34476   -6.42206   -6.30470   -6.28097   -6.00142
   2193.72     70000   -5.37596   -6.67543   -6.68582   -6.62548   -6.07768
   2217.06     75000   -5.46447   -6.73077   -6.69137   -6.67326   -6.16019
   2240.41     80000   -5.55523   -6.58394   -6.45651   -6.44105   -6.18355
   2263.76     85000   -5.54915   -6.66262   -6.55560   -6.52816   -6.21688
   2287.11     90000   -5.59136   -6.94679   -7.04126   -6.95788   -6.30232
   2310.47     95000   -5.69151   -6.88548   -6.80190   -6.78863   -6.37306
   2333.83    100000   -5.77655   -6.78489   -6.65688   -6.63954   -6.39008
   2357.19      5000   -5.75953   -6.91488   -6.82418   -6.79166   -6.43539
   2380.56     10000   -5.81200   -7.19368   -7.34742   -7.25635   -6.52625
   2403.90     15000   -5.91495   -7.04677   -6.93953   -6.92698   -6.58247
   2427.22     20000   -5.96750   -6.99709   -6.87121   -6.85167   -6.59844
   2450.54     25000   -5.97191   -7.17851   -7.11399   -7.07405   -6.65662
   2473.90     30000   -6.03706   -7.39846   -7.48806   -7.43577   -6.74811
   2497.25     35000   -6.13710   -7.21873   -7.09899   -7.08572   -6.78940
   2520.59     40000   -6.16007   -7.22051   -7.09950   -7.07733   -6.80935
   2543.93     45000   -6.18455   -7.45149   -7.43027   -7.37854   -6.87995
   2567.27     50000   -6.26491   -7.56749   -7.56256   -7.53835   -6.96677
   2590.61     55000   -6.35869   -7.40233   -7.27642   -7.26178   -6.99519
   2613.96     60000   -6.35990   -7.45527   -7.34246   -7.31701   -7.02325
   2637.30     65000   -6.39735   -7.72697   -7.77621   -7.70515   -7.10445
   2660.63     70000   -6.49262   -7.72248   -7.65781   -7.64291   -7.18160
   2683.95     75000   -6.58031   -7.59753   -7.46946   -7.45310   -7.20116
   2707.30     80000   -6.56920   -7.70162   -7.60177   -7.57203   -7.24024
   2730.65     85000   -6.61657   -7.98912   -8.12444   -8.03163   -7.32891
   2753.99     90000   -6.71762   -7.87961   -7.78247   -7.76984   -7.39266
   2777.33     95000   -6.79043   -7.80407   -7.67680   -7.65842   -7.40849
   2800.66    100000   -6.78116   -7.95962   -7.88032   -7.84451   -7.46016
   2824.00      5000   -6.83832   -8.21611   -8.35130   -8.27681   -7.55198
   2847.34     10000   -6.94051   -8.04596   -7.93152   -7.91872   -7.60068
   2870.66     15000   -6.97694   -8.02184   -7.89802   -7.87724   -7.61804
   2893.98     20000   -6.99248   -8.22835   -8.18256   -8.13749   -7.68253
   2917.31     25000   -7.06533   -8.40080   -8.44014   -8.40504   -7.77237
   2940.65     30000   -7.16232   -8.22367   -8.10027   -8.08637   -7.80688
   2963.99     35000   -7.17383   -8.25085   -8.13344   -8.10974   -7.83040
   2987.33     40000   -7.20493   -8.50389   -8.51374   -8.45354   -7.90657
   3010.68     45000   -7.29336   -8.56020   -8.52131   -8.50313   -7.98917
   3034.00     50000   -7.38411   -8.41305   -8.28567   -8.27022   -8.01259
   3057.32     55000   -7.37819   -8.49134   -8.38424   -8.35683   -8.04584
   3080.66     60000   -7.42029   -8.77539   -8.86913   -8.78596   -8.13122
   3104.00     65000   -7.52037   -8.71489   -8.63159   -8.61829   -8.20207
   3127.34     70000   -7.60550   -8.61391   -8.48591   -8.46858   -8.21911
   3150.68     75000   -7.58853   -8.74349   -8.65264   -8.62017   -8.26432
   3174.00     80000   -7.64092   -9.02253   -9.17629   -9.08505   -8.35515
   3197.35     85000   -7.74389   -8.87611   -8.76903   -8.75649   -8.41150
   3220.71     90000   -7.79670   -8.82603   -8.70014   -8.68062   -8.42745
   3244.04     95000   -7.80091   -9.00704   -8.94228   -8.90241   -8.48554
   3267.36    100000   -7.86596   -9.22768   -9.31807   -9.26547   -8.57704
   3290.68      5000   -7.96601   -9.04799   -8.92833   -8.91506   -8.61844
MyID= 0: Time=  0.1,has convergenced
     1685405 iterations for the convertgence of psi
 MyID=           0 has finish
