 START-UP FOR CHUNK...
     23.53      5000   -0.56967   -2.01455   -1.93532   -1.85699   -1.28412
     46.96     10000   -0.69105   -2.16320   -1.79762   -1.86643   -1.47177
     70.38     15000   -0.65572   -2.28253   -1.68753   -1.73445   -1.47082
     93.80     20000   -0.56108   -2.14590   -1.56152   -1.56237   -1.38261
    117.23     25000   -0.47110   -1.71540   -1.47155   -1.45441   -1.27377
    140.66     30000   -0.41956   -1.61743   -1.52581   -1.52103   -1.19911
    164.07     35000   -0.44061   -1.93240   -1.84807   -1.91798   -1.28488
    187.50     40000   -0.60073   -1.91197   -1.83939   -1.83420   -1.40024
    210.93     45000   -0.78484   -1.89130   -1.76116   -1.77781   -1.48417
    234.35     50000   -0.89410   -2.11998   -2.02382   -1.98414   -1.60534
    257.77     55000   -0.98119   -2.36904   -2.45521   -2.42925   -1.73216
    281.20     60000   -1.06879   -2.30889   -2.10292   -2.11090   -1.77154
    304.63     65000   -1.10053   -2.12609   -1.99864   -1.96965   -1.74299
    328.06     70000   -1.06892   -2.21547   -2.14958   -2.10572   -1.76044
    351.48     75000   -1.10948   -2.47464   -2.59571   -2.50005   -1.84369
    374.91     80000   -1.22391   -2.34958   -2.28689   -2.24950   -1.90440
    398.33     85000   -1.32756   -2.33292   -2.21475   -2.20559   -1.93925
    421.76     90000   -1.33921   -2.54156   -2.47169   -2.44453   -2.01597
    445.18     95000   -1.40797   -2.73898   -2.85812   -2.81069   -2.11701
    468.60    100000   -1.50188   -2.59582   -2.45474   -2.45796   -2.15480
 ITERATION...
    492.03      5000   -1.52013   -2.55953   -2.43345   -2.41179   -2.15743
    515.45     10000   -1.52533   -2.75837   -2.72073   -2.65770   -2.21334
    538.88     15000   -1.59388   -2.93826   -2.97764   -2.93125   -2.30362
    562.31     20000   -1.70185   -2.75828   -2.64660   -2.62274   -2.34455
    585.74     25000   -1.72458   -2.79606   -2.68018   -2.65633   -2.37577
    609.17     30000   -1.76192   -3.06116   -3.05857   -3.00497   -2.45700
    632.59     35000   -1.84852   -3.10534   -3.08418   -3.06099   -2.54331
    656.02     40000   -1.93592   -2.95980   -2.83201   -2.82375   -2.56531
    679.44     45000   -1.92529   -3.02775   -2.91470   -2.89159   -2.59044
    702.87     50000   -1.96375   -3.30665   -3.37339   -3.28433   -2.67137
    726.30     55000   -2.06291   -3.27853   -3.20645   -3.19446   -2.74904
    749.74     60000   -2.15502   -3.16507   -3.03940   -3.02106   -2.77124
    773.16     65000   -2.14414   -3.28370   -3.18500   -3.15184   -2.81455
    796.59     70000   -2.19503   -3.58555   -3.71471   -3.61223   -2.90595
    820.02     75000   -2.29928   -3.44856   -3.35349   -3.33790   -2.97059
    843.45     80000   -2.36793   -3.37367   -3.24955   -3.23283   -2.98499
    866.87     85000   -2.35544   -3.53239   -3.44887   -3.41586   -3.03416
    890.29     90000   -2.41281   -3.79366   -3.93283   -3.84409   -3.12644
    913.71     95000   -2.51926   -3.62317   -3.51287   -3.50243   -3.17951
    937.13    100000   -2.55984   -3.59762   -3.47415   -3.45498   -3.19776
    960.56      5000   -2.57472   -3.80259   -3.74729   -3.70144   -3.26089
    983.99     10000   -2.64481   -4.00198   -4.04898   -4.00438   -3.35346
   1007.41     15000   -2.74668   -3.81100   -3.69028   -3.67637   -3.39266
   1030.83     20000   -2.76095   -3.82423   -3.70676   -3.68394   -3.41319
   1054.26     25000   -2.78962   -4.07011   -4.05327   -3.99782   -3.48528
   1077.68     30000   -2.87267   -4.16631   -4.14997   -4.12316   -3.57287
   1101.11     35000   -2.96941   -4.00266   -3.87885   -3.86520   -3.60207
   1124.53     40000   -2.96778   -4.06328   -3.95152   -3.92718   -3.63103
   1147.95     45000   -3.00781   -4.34324   -4.39049   -4.31428   -3.71309
   1171.37     50000   -3.10384   -4.33435   -4.26533   -4.25100   -3.79250
   1194.80     55000   -3.19377   -4.20628   -4.07878   -4.06335   -3.81319
   1218.22     60000   -3.18004   -4.30861   -4.20766   -4.17783   -3.85075
   1241.64     65000   -3.22786   -4.60544   -4.72430   -4.62526   -3.93925
   1265.06     70000   -3.33218   -4.50077   -4.40634   -4.39277   -4.00749
   1288.49     75000   -3.41303   -4.41625   -4.28994   -4.27260   -4.02449
   1311.91     80000   -3.39603   -4.56426   -4.47829   -4.44427   -4.07316
   1335.33     85000   -3.45220   -4.84043   -4.98252   -4.88937   -4.16572
   1358.76     90000   -3.55839   -4.67464   -4.56330   -4.55157   -4.22108
   1382.18     95000   -3.60347   -4.63530   -4.51017   -4.49124   -4.23760
   1405.60    100000   -3.61253   -4.82727   -4.76477   -4.72237   -4.29713
   1429.03      5000   -3.67943   -5.04360   -5.11608   -5.06153   -4.38982
   1452.45     10000   -3.78288   -4.85759   -4.73707   -4.72431   -4.43234
   1475.87     15000   -3.80311   -4.86251   -4.74180   -4.72004   -4.45254
   1499.29     20000   -3.82923   -5.09827   -5.07214   -5.01859   -4.52297
   1522.72     25000   -3.90942   -5.21931   -5.21283   -5.18470   -4.61199
   1546.14     30000   -4.00783   -5.04846   -4.92298   -4.90936   -4.64302
   1569.56     35000   -4.00868   -5.09783   -4.98315   -4.95881   -4.66969
   1592.98     40000   -4.04642   -5.37058   -5.40077   -5.32917   -4.74954
   1616.41     45000   -4.13964   -5.38465   -5.32566   -5.30883   -4.83104
   1639.83     50000   -4.23169   -5.24869   -5.12092   -5.10594   -4.85348
   1663.25     55000   -4.21993   -5.34217   -5.23715   -5.20884   -4.88915
   1686.68     60000   -4.26553   -5.63662   -5.74102   -5.64593   -4.97651
   1710.10     65000   -4.36928   -5.55079   -5.46030   -5.44719   -5.04739
   1733.53     70000   -4.45434   -5.45692   -5.32917   -5.31243   -5.06479
   1756.95     75000   -4.43536   -5.59488   -5.50387   -5.47073   -5.11085
   1780.37     80000   -4.48959   -5.87919   -6.02526   -5.92534   -5.20276
   1803.80     85000   -4.59532   -5.72286   -5.61457   -5.60247   -5.26105
   1827.22     90000   -4.64796   -5.67380   -5.54783   -5.52925   -5.27742
   1850.65     95000   -4.65240   -5.85651   -5.78699   -5.74682   -5.33459
   1874.07    100000   -4.71585   -6.08876   -6.18024   -6.11693   -5.42760
   1897.49      5000   -4.82071   -5.90343   -5.78444   -5.77205   -5.47286
   1920.91     10000   -4.84560   -5.89883   -5.77651   -5.75554   -5.49193
   1944.34     15000   -4.86818   -6.12539   -6.08892   -6.03826   -5.55999
   1967.76     20000   -4.94570   -6.26916   -6.27837   -6.24596   -5.65014
   1991.19     25000   -5.04483   -6.09268   -5.96806   -5.95468   -5.68354
   2014.61     30000   -5.05038   -6.13237   -6.01597   -5.99225   -5.70857
   2038.03     35000   -5.08490   -6.39821   -6.41334   -6.34651   -5.78650
   2061.46     40000   -5.17598   -6.43552   -6.38587   -6.36735   -5.86997
   2084.88     45000   -5.26864   -6.29069   -6.16323   -6.14858   -5.89401
   2108.30     50000   -5.26009   -6.37444   -6.26676   -6.23948   -5.92751
   2131.72     55000   -5.30333   -6.66632   -6.75364   -6.66360   -6.01341
   2155.14     60000   -5.40539   -6.60077   -6.51607   -6.50244   -6.08686
   2178.56     65000   -5.49260   -6.49727   -6.36938   -6.35309   -6.10505
   2201.98     70000   -5.47539   -6.62536   -6.53070   -6.49879   -6.14872
   2225.41     75000   -5.52772   -6.91550   -7.05973   -6.95716   -6.23991
   2248.83     80000   -5.63225   -6.77127   -6.66607   -6.65391   -6.30110
   2272.25     85000   -5.69252   -6.71216   -6.58562   -6.56747   -6.31735
   2295.68     90000   -5.69251   -6.88492   -6.80972   -6.77136   -6.37203
   2319.10     95000   -5.75264   -7.13247   -7.24224   -7.16935   -6.46512
   2342.52    100000   -5.85796   -6.94989   -6.83287   -6.82060   -6.51324
   2365.94      5000   -5.88799   -6.93543   -6.81216   -6.79177   -6.53140
   2389.37     10000   -5.90774   -7.15243   -7.10731   -7.05943   -6.59710
   2412.79     15000   -5.98174   -7.31814   -7.34408   -7.30668   -6.68824
   2436.22     20000   -6.08245   -7.13719   -7.01347   -7.00036   -6.72410
   2459.64     25000   -6.09183   -7.16703   -7.04906   -7.02600   -6.74755
   2483.06     30000   -6.12386   -7.42484   -7.42652   -7.36389   -6.82342
   2506.49     35000   -6.21190   -7.48636   -7.44755   -7.42693   -6.90869
   2529.91     40000   -6.30581   -7.33330   -7.20628   -7.19193   -6.93454
   2553.32     45000   -6.29989   -7.40723   -7.29731   -7.27091   -6.96598
   2576.75     50000   -6.34172   -7.69509   -7.76529   -7.68076   -7.05031
   2600.17     55000   -6.44210   -7.65104   -7.57258   -7.55831   -7.12623
   2623.60     60000   -6.53035   -7.53795   -7.40997   -7.39407   -7.14540
   2647.02     65000   -6.51479   -7.65614   -7.55808   -7.52733   -7.18670
   2670.45     70000   -6.56493   -7.94986   -8.08739   -7.98436   -7.27698
   2693.88     75000   -6.66968   -7.82009   -7.71859   -7.70627   -7.34102
   2717.30     80000   -6.73748   -7.75103   -7.62405   -7.60634   -7.35736
   2740.73     85000   -6.73065   -7.91385   -7.83357   -7.79686   -7.40956
   2764.15     90000   -6.78950   -8.17458   -8.29993   -8.21787   -7.50255
   2787.58     95000   -6.89483   -7.99677   -7.88184   -7.86968   -7.55357
   2811.01    100000   -6.93096   -7.97241   -7.84822   -7.82837   -7.57099
   2834.44      5000   -6.94703   -8.17970   -8.12664   -8.08124   -7.63428
   2857.87     10000   -7.01787   -8.36629   -8.41046   -8.36681   -7.72619
   2881.30     15000   -7.12035   -8.18215   -8.05961   -8.04673   -7.76464
   2904.74     20000   -7.13329   -8.20216   -8.08281   -8.06040   -7.78665
   2928.17     25000   -7.16336   -8.45147   -8.44090   -8.38217   -7.86037
   2951.61     30000   -7.24838   -8.53701   -8.51016   -8.48706   -7.94728
   2975.04     35000   -7.34354   -8.37629   -8.24977   -8.23573   -7.97510
   2998.48     40000   -7.34020   -8.44041   -8.32840   -8.30282   -8.00456
   3021.92     45000   -7.38064   -8.72311   -8.77641   -8.69727   -8.08720
   3045.35     50000   -7.47822   -8.70160   -8.63027   -8.61509   -8.16546
   3068.79     55000   -7.56769   -8.57907   -8.45114   -8.43561   -8.18579
   3092.22     60000   -7.55362   -8.68738   -8.58626   -8.55660   -8.22478
   3115.66     65000   -7.60232   -8.98272   -9.10904   -9.00804   -8.31399
   3139.09     70000   -7.70711   -8.86926   -8.77186   -8.75933   -8.38083
   3162.53     75000   -7.78306   -8.79027   -8.66291   -8.64563   -8.39746
   3185.96     80000   -7.76932   -8.94313   -8.85822   -8.82303   -8.44719
   3209.40     85000   -7.82632   -9.21500   -9.35231   -9.26179   -8.53988
   3232.83     90000   -7.93224   -9.04412   -8.93159   -8.91948   -8.59382
   3256.26     95000   -7.97451   -9.00982   -8.88486   -8.86551   -8.61068
   3279.70    100000   -7.98596   -9.20730   -9.14710   -9.10396   -8.67152
MyID= 0: Time=  0.1,has convergenced
     1684945 iterations for the convertgence of psi
 MyID=           0 has finish
