 START-UP FOR CHUNK...
     23.43      5000   -0.59016   -2.02595   -2.01505   -1.95275   -1.28686
     46.79     10000   -0.73721   -2.14862   -1.89064   -1.95802   -1.49475
     70.14     15000   -0.72281   -2.26993   -1.77894   -1.81999   -1.52135
     93.52     20000   -0.63391   -2.27832   -1.63418   -1.63635   -1.44214
    116.88     25000   -0.52494   -1.81517   -1.50156   -1.48916   -1.32020
    140.24     30000   -0.45686   -1.59652   -1.46685   -1.46927   -1.21424
    163.61     35000   -0.43114   -1.81565   -1.75322   -1.72277   -1.22732
    186.96     40000   -0.53673   -1.92380   -1.87960   -1.98420   -1.34559
    210.34     45000   -0.70049   -1.85543   -1.73310   -1.72973   -1.42232
    233.71     50000   -0.85153   -1.99951   -1.88552   -1.84916   -1.53735
    257.09     55000   -0.94215   -2.28486   -2.37326   -2.31115   -1.66734
    280.47     60000   -1.02262   -2.29888   -2.16213   -2.16304   -1.72957
    303.84     65000   -1.05440   -2.09743   -1.95481   -1.93683   -1.70043
    327.22     70000   -1.02276   -2.11501   -2.02944   -1.99909   -1.69593
    350.59     75000   -1.04074   -2.35065   -2.47113   -2.39684   -1.76317
    373.97     80000   -1.13709   -2.32533   -2.27011   -2.24237   -1.82881
    397.35     85000   -1.24636   -2.26552   -2.14036   -2.12494   -1.86291
    420.73     90000   -1.26384   -2.43116   -2.35213   -2.32046   -1.93660
    444.09     95000   -1.32664   -2.67446   -2.84529   -2.79380   -2.03553
    467.46    100000   -1.40930   -2.53519   -2.40149   -2.39396   -2.07179
 ITERATION...
    490.83      5000   -1.43403   -2.47268   -2.34713   -2.32373   -2.07015
    514.20     10000   -1.42964   -2.64466   -2.61003   -2.56348   -2.12140
    537.57     15000   -1.49571   -2.82010   -2.88632   -2.85475   -2.20593
    560.93     20000   -1.59531   -2.66459   -2.54552   -2.52539   -2.24233
    584.29     25000   -1.61957   -2.70690   -2.58861   -2.56525   -2.27771
    607.66     30000   -1.65743   -2.96088   -3.00229   -2.94877   -2.36262
    631.02     35000   -1.74551   -2.98453   -2.93215   -2.92097   -2.43699
    654.37     40000   -1.82172   -2.85211   -2.71919   -2.70389   -2.44880
    677.73     45000   -1.80836   -2.93557   -2.83826   -2.80872   -2.48097
    701.08     50000   -1.84934   -3.20462   -3.35080   -3.27882   -2.56525
    724.44     55000   -1.94679   -3.11250   -3.01622   -3.00162   -2.62453
    747.80     60000   -2.01825   -3.04470   -2.91742   -2.89581   -2.64312
    771.16     65000   -2.01791   -3.20871   -3.13982   -3.10469   -2.70221
    794.52     70000   -2.07971   -3.43707   -3.55375   -3.50956   -2.79208
    817.88     75000   -2.17147   -3.26683   -3.14677   -3.13189   -2.82880
    841.24     80000   -2.19401   -3.25691   -3.13655   -3.11414   -2.84554
    864.62     85000   -2.21350   -3.47415   -3.46518   -3.42073   -2.91460
    887.99     90000   -2.29402   -3.58493   -3.57828   -3.56149   -2.99632
    911.36     95000   -2.38365   -3.43157   -3.30336   -3.28653   -3.02080
    934.73    100000   -2.38715   -3.49216   -3.38454   -3.35763   -3.05389
    958.10      5000   -2.42624   -3.76060   -3.85298   -3.78908   -3.13818
    981.47     10000   -2.51960   -3.72579   -3.64356   -3.63013   -3.20471
   1004.84     15000   -2.60191   -3.61900   -3.48980   -3.47028   -3.21880
   1028.22     20000   -2.58644   -3.74137   -3.65806   -3.62655   -3.26472
   1051.58     25000   -2.63722   -4.00310   -4.16338   -4.10301   -3.35340
   1074.94     30000   -2.73384   -3.86312   -3.75054   -3.73629   -3.40165
   1098.30     35000   -2.77877   -3.82366   -3.69819   -3.67661   -3.41850
   1121.67     40000   -2.78977   -4.01288   -3.97143   -3.93192   -3.48258
   1145.04     45000   -2.86088   -4.19081   -4.23963   -4.21513   -3.56902
   1168.41     50000   -2.95137   -4.02279   -3.89568   -3.87987   -3.59865
   1191.78     55000   -2.96215   -4.04709   -3.93184   -3.90677   -3.62304
   1215.15     60000   -2.99251   -4.29255   -4.32966   -4.27638   -3.70064
   1238.52     65000   -3.08136   -4.33084   -4.27805   -4.26402   -3.77570
   1261.88     70000   -3.16733   -4.19843   -4.06764   -4.04944   -3.79398
   1285.26     75000   -3.16047   -4.28981   -4.19175   -4.16280   -3.83320
   1308.63     80000   -3.20505   -4.56179   -4.70954   -4.63958   -3.92048
   1331.99     85000   -3.30079   -4.46681   -4.36597   -4.35268   -3.97785
   1355.35     90000   -3.36653   -4.39422   -4.26529   -4.24493   -3.99224
   1378.72     95000   -3.36217   -4.55062   -4.48435   -4.44916   -4.04748
   1402.09    100000   -3.42291   -4.77899   -4.89541   -4.85503   -4.13626
   1425.46      5000   -3.51691   -4.61509   -4.49314   -4.47822   -4.17470
   1448.82     10000   -3.54279   -4.60812   -4.48624   -4.46293   -4.19452
   1472.19     15000   -3.56497   -4.82767   -4.81909   -4.77339   -4.26583
   1495.55     20000   -3.64569   -4.93716   -4.92753   -4.91043   -4.34744
   1518.92     25000   -3.73330   -4.78229   -4.65262   -4.63569   -4.37034
   1542.29     30000   -3.73474   -4.84093   -4.73265   -4.70594   -4.40174
   1565.65     35000   -3.77276   -5.10615   -5.19967   -5.13666   -4.48508
   1589.01     40000   -3.86656   -5.07141   -4.98992   -4.97686   -4.55179
   1612.38     45000   -3.95040   -4.96817   -4.83763   -4.81845   -4.56698
   1635.75     50000   -3.93598   -5.09269   -5.00799   -4.97622   -4.61416
   1659.12     55000   -3.98725   -5.35341   -5.51480   -5.45288   -4.70324
   1682.48     60000   -4.08334   -5.21258   -5.09926   -5.08520   -4.75089
   1705.85     65000   -4.12709   -5.17299   -5.04714   -5.02537   -4.76703
   1729.21     70000   -4.13764   -5.36234   -5.32047   -5.28089   -4.83065
   1752.58     75000   -4.20878   -5.53759   -5.58611   -5.56153   -4.91694
   1775.94     80000   -4.29974   -5.37015   -5.24342   -5.22753   -4.94680
   1799.32     85000   -4.31078   -5.39636   -5.28048   -5.25562   -4.97178
   1822.68     90000   -4.34161   -5.64276   -5.67992   -5.62626   -5.04978
   1846.05     95000   -4.43050   -5.67870   -5.62620   -5.61226   -5.12467
   1869.41    100000   -4.51607   -5.54693   -5.41630   -5.39826   -5.14258
   1892.78      5000   -4.50877   -5.63876   -5.54088   -5.51187   -5.18164
   1916.14     10000   -4.55333   -5.91086   -6.05844   -5.98898   -5.26885
   1939.51     15000   -4.64916   -5.81417   -5.71344   -5.70006   -5.32616
   1962.88     20000   -4.71479   -5.74239   -5.61369   -5.59325   -5.34074
   1986.24     25000   -4.71090   -5.89984   -5.83357   -5.79839   -5.39628
   2009.60     30000   -4.77182   -6.12748   -6.24362   -6.20282   -5.48507
   2032.96     35000   -4.86561   -5.96310   -5.84153   -5.82661   -5.52328
   2056.32     40000   -4.89117   -5.95662   -5.83510   -5.81187   -5.54303
   2079.69     45000   -4.91339   -6.17659   -6.16878   -6.12315   -5.61437
   2103.05     50000   -4.99422   -6.28487   -6.27436   -6.25756   -5.69591
   2126.41     55000   -5.08195   -6.13031   -6.00075   -5.98379   -5.71878
   2149.78     60000   -5.08326   -6.18954   -6.08152   -6.05473   -5.75036
   2173.15     65000   -5.12146   -6.45517   -6.54956   -6.48624   -5.83382
   2196.52     70000   -5.21527   -6.41948   -6.33790   -6.32472   -5.90037
   2219.88     75000   -5.29904   -6.31656   -6.18628   -6.16706   -5.91548
   2243.25     80000   -5.28452   -6.44150   -6.35727   -6.32551   -5.96273
   2266.62     85000   -5.33584   -6.70181   -6.86280   -6.80158   -6.05182
   2289.99     90000   -5.43201   -6.56053   -6.44707   -6.43302   -6.09935
   2313.36     95000   -5.47543   -6.52147   -6.39571   -6.37393   -6.11556
   2336.73    100000   -5.48623   -6.71126   -6.66990   -6.63019   -6.17933
   2360.09      5000   -5.55752   -6.88579   -6.93357   -6.90904   -6.26556
   2383.46     10000   -5.64843   -6.71847   -6.59175   -6.57583   -6.29528
   2406.82     15000   -5.65923   -6.74510   -6.62943   -6.60453   -6.32033
   2430.19     20000   -5.69014   -6.99181   -7.02988   -6.97617   -6.39842
   2453.56     25000   -5.77915   -7.02664   -6.97354   -6.95965   -6.47320
   2476.92     30000   -5.86474   -6.89527   -6.76463   -6.74656   -6.49107
   2500.29     35000   -5.85726   -6.98760   -6.88988   -6.86084   -6.53025
   2523.66     40000   -5.90195   -7.25965   -7.40797   -7.33832   -6.61751
   2547.03     45000   -5.99775   -7.16227   -7.06138   -7.04798   -6.67467
   2570.40     50000   -6.06308   -7.09096   -6.96233   -6.94187   -6.68925
   2593.75     55000   -6.05943   -7.24888   -7.18299   -7.14775   -6.74490
   2617.09     60000   -6.12049   -7.47585   -7.59089   -7.55054   -6.83368
   2640.44     65000   -6.21420   -7.31126   -7.18957   -7.17463   -6.87176
   2663.78     70000   -6.23957   -7.30528   -7.18382   -7.16056   -6.89158
   2687.12     75000   -6.26195   -7.52568   -7.51843   -7.47267   -6.96303
   2710.47     80000   -6.34287   -7.63295   -7.62177   -7.60499   -7.04448
   2733.81     85000   -6.43062   -7.47867   -7.34910   -7.33213   -7.06726
   2757.17     90000   -6.43176   -7.53838   -7.43052   -7.40371   -7.09894
   2780.55     95000   -6.47007   -7.80421   -7.89951   -7.83610   -7.18247
   2803.92    100000   -6.56386   -7.76749   -7.68551   -7.67236   -7.24889
   2827.30      5000   -6.64769   -7.66502   -7.53474   -7.51551   -7.26398
   2850.66     10000   -6.63307   -7.79045   -7.70643   -7.67463   -7.31135
   2874.03     15000   -6.68449   -8.05046   -8.21121   -8.15016   -7.40045
   2897.41     20000   -6.78069   -7.90868   -7.79509   -7.78102   -7.44784
   2920.78     25000   -6.82378   -7.87010   -7.74441   -7.72260   -7.46408
   2944.16     30000   -6.83478   -8.06036   -8.01945   -7.97968   -7.52797
   2967.54     35000   -6.90622   -8.23397   -8.28069   -8.25638   -7.61415
   2990.92     40000   -6.99704   -8.06672   -7.93993   -7.92400   -7.64376
   3014.29     45000   -7.00768   -8.09384   -7.97826   -7.95334   -7.66890
   3037.66     50000   -7.03870   -8.34090   -8.37974   -8.32587   -7.74707
   3061.02     55000   -7.12780   -8.37467   -8.32107   -8.30720   -7.82174
   3084.38     60000   -7.21341   -8.24369   -8.11305   -8.09497   -7.83955
   3107.75     65000   -7.20575   -8.33650   -8.23897   -8.20989   -7.87885
   3131.10     70000   -7.25055   -8.60853   -8.75743   -8.68781   -7.96615
   3154.44     75000   -7.34635   -8.51034   -8.40919   -8.39579   -8.02317
   3177.79     80000   -7.41136   -8.43951   -8.31090   -8.29042   -8.03776
   3201.13     85000   -7.40798   -8.59791   -8.53232   -8.49702   -8.09354
   3224.47     90000   -7.46917   -8.82424   -8.93835   -8.89826   -8.18229
   3247.81     95000   -7.56279   -8.65947   -8.53769   -8.52273   -8.22024
   3271.16    100000   -7.58797   -8.65397   -8.53259   -8.50931   -8.24013
   3294.50      5000   -7.61051   -8.87480   -8.86815   -8.82229   -8.31168
   3317.84     10000   -7.69151   -8.98100   -8.96906   -8.95236   -8.39304
   3341.19     15000   -7.77930   -8.82700   -8.69740   -8.68041   -8.41574
   3364.53     20000   -7.78026   -8.88721   -8.77947   -8.75263   -8.44753
   3387.87     25000   -7.81868   -9.15324   -9.24942   -9.18585   -8.53112
   3411.21     30000   -7.91246   -9.11552   -9.03321   -9.02005   -8.59741
   3434.56     35000   -7.99633   -9.01350   -8.88324   -8.86399   -8.61247
   3457.90     40000   -7.98158   -9.13942   -9.05564   -9.02379   -8.65997
MyID= 0: Time=  0.1,has convergenced
     1686054 iterations for the convertgence of psi
 MyID=           0 has finish
