 START-UP FOR CHUNK...
     23.48      5000   -0.54041   -1.99352   -1.83411   -1.74333   -1.27869
     46.84     10000   -0.62699   -2.18207   -1.68718   -1.76112   -1.43494
     70.20     15000   -0.57206   -2.23674   -1.58562   -1.64138   -1.40672
     93.56     20000   -0.48160   -1.99648   -1.50141   -1.49171   -1.32094
    116.93     25000   -0.42571   -1.63219   -1.46636   -1.45360   -1.23351
    140.29     30000   -0.40199   -1.75015   -1.67002   -1.65343   -1.21850
    163.66     35000   -0.47290   -1.95935   -1.81723   -1.94427   -1.35932
    187.02     40000   -0.68900   -1.90924   -1.80862   -1.79402   -1.46706
    210.39     45000   -0.89995   -1.98298   -1.84197   -1.86632   -1.57017
    233.75     50000   -0.95667   -2.29974   -2.19478   -2.17647   -1.69520
    257.11     55000   -1.03353   -2.41714   -2.35595   -2.36388   -1.81506
    280.48     60000   -1.13592   -2.33031   -2.10528   -2.12995   -1.84089
    303.84     65000   -1.18186   -2.21210   -2.08244   -2.05970   -1.82545
    327.21     70000   -1.15359   -2.37087   -2.29887   -2.25120   -1.86443
    350.55     75000   -1.21005   -2.64435   -2.63937   -2.54423   -1.96457
    373.89     80000   -1.34464   -2.45985   -2.37520   -2.32905   -2.02806
    397.23     85000   -1.45631   -2.44051   -2.33324   -2.32130   -2.06384
    420.58     90000   -1.45555   -2.67547   -2.58012   -2.56909   -2.13731
    443.91     95000   -1.52577   -2.89738   -2.97484   -2.88006   -2.24594
    467.26    100000   -1.64596   -2.74484   -2.60072   -2.61107   -2.30435
 ITERATION...
    490.60      5000   -1.69825   -2.70328   -2.56074   -2.55556   -2.31270
    513.94     10000   -1.67947   -2.87993   -2.79215   -2.74473   -2.36084
    537.28     15000   -1.74208   -3.18077   -3.21843   -3.11530   -2.46021
    560.63     20000   -1.87038   -2.98165   -2.86104   -2.83730   -2.52767
    583.97     25000   -1.93341   -2.93792   -2.81821   -2.79550   -2.55245
    607.32     30000   -1.93824   -3.13706   -3.04737   -3.01751   -2.61250
    630.66     35000   -2.00327   -3.41660   -3.48901   -3.37350   -2.71462
    654.01     40000   -2.12895   -3.21370   -3.09374   -3.08569   -2.77986
    677.36     45000   -2.17331   -3.18133   -3.04503   -3.04023   -2.79637
    700.71     50000   -2.17141   -3.37100   -3.27252   -3.23876   -2.84833
    724.05     55000   -2.23509   -3.66375   -3.72182   -3.61332   -2.94743
    747.40     60000   -2.36260   -3.46851   -3.33929   -3.32998   -3.01520
    770.74     65000   -2.41265   -3.42778   -3.29774   -3.27965   -3.03679
    794.09     70000   -2.41867   -3.61824   -3.52808   -3.48886   -3.09307
    817.44     75000   -2.48280   -3.92328   -3.97158   -3.86023   -3.19340
    840.79     80000   -2.60959   -3.70198   -3.57989   -3.56525   -3.26019
    864.14     85000   -2.65358   -3.66221   -3.53149   -3.52070   -3.27922
    887.48     90000   -2.65706   -3.85431   -3.75631   -3.72568   -3.33279
    910.83     95000   -2.72067   -4.14967   -4.21194   -4.09782   -3.43187
    934.20    100000   -2.84773   -3.94740   -3.82138   -3.81383   -3.49940
    957.57      5000   -2.89444   -3.91012   -3.77760   -3.76470   -3.52003
    980.94     10000   -2.90011   -4.10030   -4.00851   -3.97000   -3.57513
   1004.30     15000   -2.96423   -4.40977   -4.45059   -4.34436   -3.67494
   1027.67     20000   -3.09121   -4.19012   -4.06185   -4.04902   -3.74220
   1051.04     25000   -3.13559   -4.14648   -4.01637   -4.00233   -3.76201
   1074.41     30000   -3.14071   -4.33656   -4.24214   -4.20868   -3.81622
   1097.77     35000   -3.20444   -4.64073   -4.69669   -4.58140   -3.91538
   1121.13     40000   -3.33132   -4.42931   -4.30517   -4.29490   -3.98269
   1144.50     45000   -3.37695   -4.39068   -4.25965   -4.24795   -4.00302
   1167.87     50000   -3.38245   -4.58122   -4.48944   -4.45375   -4.05776
   1191.23     55000   -3.44655   -4.88854   -4.93185   -4.82663   -4.15735
   1214.60     60000   -3.57371   -4.67390   -4.54338   -4.53312   -4.22475
   1237.97     65000   -3.61811   -4.63064   -4.49955   -4.48553   -4.24481
   1261.33     70000   -3.62370   -4.81929   -4.72723   -4.69140   -4.29926
   1284.69     75000   -3.68768   -5.12867   -5.17880   -5.06536   -4.39853
   1308.07     80000   -3.81446   -4.91368   -4.78834   -4.77653   -4.46573
   1331.44     85000   -3.85963   -4.87239   -4.74282   -4.73024   -4.48595
   1354.81     90000   -3.86524   -5.06238   -4.97185   -4.93717   -4.54060
   1378.18     95000   -3.92929   -5.36876   -5.41472   -5.30865   -4.64010
   1401.54    100000   -4.05653   -5.15583   -5.02583   -5.01621   -4.70750
   1424.91      5000   -4.10079   -5.11368   -4.98229   -4.96910   -4.72764
   1448.28     10000   -4.10657   -5.30213   -5.21112   -5.17485   -4.78219
   1471.64     15000   -4.17072   -5.61202   -5.66036   -5.54893   -4.88153
   1495.01     20000   -4.29749   -5.39777   -5.27069   -5.25905   -4.94868
   1518.38     25000   -4.34233   -5.35518   -5.22599   -5.21263   -4.96885
   1541.74     30000   -4.34813   -5.54442   -5.45516   -5.42006   -5.02352
   1565.10     35000   -4.41220   -5.85132   -5.89777   -5.79114   -5.12300
   1588.47     40000   -4.53945   -5.63802   -5.50882   -5.49875   -5.19033
   1611.84     45000   -4.58353   -5.59624   -5.46525   -5.45238   -5.21050
   1635.21     50000   -4.58947   -5.78492   -5.69450   -5.65859   -5.26511
   1658.57     55000   -4.65371   -6.09352   -6.14231   -6.03195   -5.36448
   1681.94     60000   -4.78051   -5.88072   -5.75287   -5.74179   -5.43160
   1705.30     65000   -4.82505   -5.83820   -5.70887   -5.69537   -5.45175
   1728.67     70000   -4.83103   -6.02713   -5.93859   -5.90292   -5.50646
   1752.01     75000   -4.89518   -6.33439   -6.38054   -6.27396   -5.60595
   1775.35     80000   -5.02239   -6.12073   -5.99180   -5.98131   -5.67319
   1798.69     85000   -5.06628   -6.07890   -5.94840   -5.93540   -5.69337
   1822.04     90000   -5.07240   -6.26782   -6.17791   -6.14222   -5.74805
   1845.37     95000   -5.13669   -6.57531   -6.62461   -6.51474   -5.84743
   1868.71    100000   -5.26354   -6.36308   -6.23521   -6.22440   -5.91450
   1892.06      5000   -5.30778   -6.32108   -6.19164   -6.17828   -5.93464
   1915.40     10000   -5.31392   -6.51014   -6.42186   -6.38596   -5.98940
   1938.74     15000   -5.37817   -6.81710   -6.86315   -6.75680   -6.08891
   1962.08     20000   -5.50534   -6.60353   -6.47461   -6.46403   -6.15607
   1985.42     25000   -5.54903   -6.56176   -6.43156   -6.41838   -6.17623
   2008.76     30000   -5.55534   -6.75089   -6.66142   -6.62567   -6.23098
   2032.10     35000   -5.61968   -7.05780   -7.10700   -6.99752   -6.33040
   2055.44     40000   -5.74655   -6.84540   -6.71770   -6.70689   -6.39740
   2078.79     45000   -5.79051   -6.80384   -6.67445   -6.66117   -6.41753
   2102.13     50000   -5.79684   -6.99323   -6.90502   -6.86913   -6.47235
   2125.47     55000   -5.86115   -7.29957   -7.34575   -7.23955   -6.57187
   2148.81     60000   -5.98830   -7.08618   -6.95733   -6.94680   -6.63895
   2172.18     65000   -6.03177   -7.04470   -6.91465   -6.90139   -6.65910
   2195.54     70000   -6.03827   -7.23409   -7.14494   -7.10905   -6.71392
   2218.90     75000   -6.10267   -7.54060   -7.58934   -7.48033   -6.81336
   2242.26     80000   -6.22955   -7.32787   -7.20023   -7.18938   -6.88029
   2265.62     85000   -6.27324   -7.28662   -7.15731   -7.14403   -6.90042
   2288.99     90000   -6.27976   -7.47634   -7.38820   -7.35232   -6.95530
   2312.37     95000   -6.34414   -7.78213   -7.82839   -7.72224   -7.05484
   2335.74    100000   -6.47127   -7.56875   -7.44004   -7.42954   -7.12183
   2359.10      5000   -6.51452   -7.52763   -7.39768   -7.38443   -7.14197
   2382.47     10000   -6.52120   -7.71735   -7.62840   -7.59243   -7.19686
   2405.84     15000   -6.58566   -8.02342   -8.07165   -7.96313   -7.29633
   2429.19     20000   -6.71255   -7.81043   -7.68276   -7.67191   -7.36318
   2452.56     25000   -6.75597   -7.76946   -7.64020   -7.62689   -7.38330
   2475.92     30000   -6.76268   -7.95949   -7.87141   -7.83549   -7.43826
   2499.29     35000   -6.82713   -8.26484   -8.31101   -8.20493   -7.53780
   2522.64     40000   -6.95423   -8.05132   -7.92276   -7.91225   -7.60470
   2546.00     45000   -6.99726   -8.01056   -7.88070   -7.86745   -7.62484
   2569.37     50000   -7.00412   -8.20060   -8.11182   -8.07581   -7.67980
   2592.73     55000   -7.06865   -8.50620   -8.55398   -8.44591   -7.77930
   2616.10     60000   -7.19554   -8.29301   -8.16528   -8.15448   -7.84607
   2639.47     65000   -7.23870   -8.25235   -8.12309   -8.10976   -7.86619
   2662.81     70000   -7.24561   -8.44267   -8.35466   -8.31867   -7.92121
   2686.17     75000   -7.31012   -8.74765   -8.79361   -8.68763   -8.02077
   2709.54     80000   -7.43720   -8.53395   -8.40547   -8.39494   -8.08758
   2732.89     85000   -7.48000   -8.49349   -8.36372   -8.35046   -8.10771
   2756.23     90000   -7.48705   -8.68386   -8.59523   -8.55918   -8.16274
   2779.57     95000   -7.55163   -8.98899   -9.03633   -8.92867   -8.26226
   2802.91    100000   -7.67854   -8.77561   -8.64781   -8.63705   -8.32896
   2826.25      5000   -7.72144   -8.73525   -8.60598   -8.59264   -8.34907
   2849.59     10000   -7.72853   -8.92587   -8.83791   -8.80186   -8.40416
   2872.92     15000   -7.79311   -9.23047   -9.27618   -9.17033   -8.50374
   2896.26     20000   -7.92017   -9.01660   -8.88817   -8.87762   -8.57046
   2919.60     25000   -7.96275   -8.97643   -8.84673   -8.83345   -8.59059
   2942.94     30000   -7.96998   -9.16712   -9.07863   -9.04253   -8.64569
MyID= 0: Time=  0.1,has convergenced
     1681924 iterations for the convertgence of psi
 MyID=           0 has finish
