 START-UP FOR CHUNK...
     23.50      5000   -0.54561   -1.99910   -1.85071   -1.76642   -1.27845
     46.89     10000   -0.64117   -2.18643   -1.70668   -1.78167   -1.44230
     70.28     15000   -0.58905   -2.24262   -1.60572   -1.65668   -1.41932
     93.67     20000   -0.49863   -2.02737   -1.51084   -1.50157   -1.33198
    117.06     25000   -0.43480   -1.64445   -1.46135   -1.44775   -1.23978
    140.45     30000   -0.40114   -1.70692   -1.62736   -1.61444   -1.20828
    163.84     35000   -0.45656   -1.94852   -1.82434   -1.96044   -1.34087
    187.24     40000   -0.66493   -1.90561   -1.81074   -1.79679   -1.44909
    210.64     45000   -0.87033   -1.96007   -1.81911   -1.84342   -1.54761
    234.05     50000   -0.93948   -2.25648   -2.15642   -2.12517   -1.67138
    257.48     55000   -1.01886   -2.41409   -2.37599   -2.38676   -1.79343
    280.90     60000   -1.11679   -2.32517   -2.10264   -2.11936   -1.82199
    304.32     65000   -1.16056   -2.18662   -2.06262   -2.03307   -1.80336
    327.72     70000   -1.13142   -2.32829   -2.26126   -2.21437   -1.83767
    351.12     75000   -1.18388   -2.59561   -2.63622   -2.53165   -1.93342
    374.51     80000   -1.31397   -2.42105   -2.35380   -2.30999   -1.99589
    397.91     85000   -1.42267   -2.41224   -2.30215   -2.29600   -2.03134
    421.31     90000   -1.42517   -2.64567   -2.55435   -2.53746   -2.10551
    444.71     95000   -1.49431   -2.85506   -2.94332   -2.86461   -2.21223
    468.10    100000   -1.60963   -2.70730   -2.56325   -2.57399   -2.26559
 ITERATION...
    491.48      5000   -1.65126   -2.66418   -2.53059   -2.51661   -2.27230
    514.87     10000   -1.64153   -2.84864   -2.77420   -2.71810   -2.32281
    538.27     15000   -1.70405   -3.12591   -3.17312   -3.07603   -2.42045
    561.66     20000   -1.82836   -2.91172   -2.80874   -2.78113   -2.48042
    585.05     25000   -1.87558   -2.89249   -2.78026   -2.75996   -2.50540
    608.46     30000   -1.89358   -3.11852   -3.03984   -3.00891   -2.57114
    631.87     35000   -1.96341   -3.33462   -3.39602   -3.31112   -2.67192
    655.26     40000   -2.08122   -3.13923   -3.01971   -3.01735   -2.72527
    678.65     45000   -2.10295   -3.13390   -3.00559   -2.99564   -2.74103
    702.05     50000   -2.11952   -3.35355   -3.28179   -3.23176   -2.80136
    725.44     55000   -2.18935   -3.58494   -3.60290   -3.53587   -2.89971
    748.83     60000   -2.31072   -3.37368   -3.25430   -3.23975   -2.95282
    772.25     65000   -2.33262   -3.37216   -3.25635   -3.23411   -2.97521
    795.66     70000   -2.36130   -3.61144   -3.54929   -3.50272   -3.04279
    819.07     75000   -2.43442   -3.80518   -3.81105   -3.74531   -3.14172
    842.48     80000   -2.55297   -3.59287   -3.47488   -3.46449   -3.18998
    865.89     85000   -2.56195   -3.60732   -3.48608   -3.47273   -3.21002
    889.30     90000   -2.59178   -3.85356   -3.79583   -3.74575   -3.27762
    912.69     95000   -2.66877   -4.02619   -4.01657   -3.96748   -3.37531
    936.08    100000   -2.78754   -3.82856   -3.70457   -3.69509   -3.42142
    959.47      5000   -2.79356   -3.85103   -3.73396   -3.71340   -3.44457
    982.86     10000   -2.82921   -4.11004   -4.06656   -4.00845   -3.51659
   1006.24     15000   -2.90994   -4.25566   -4.21935   -4.17510   -3.61389
   1029.63     20000   -3.02595   -4.05320   -3.93021   -3.91783   -3.65619
   1053.01     25000   -3.02500   -4.08663   -3.96953   -3.95160   -3.67960
   1076.39     30000   -3.06378   -4.35565   -4.31805   -4.25972   -3.75333
   1099.79     35000   -3.14777   -4.46803   -4.43031   -4.39180   -3.84918
   1123.21     40000   -3.26201   -4.28513   -4.15993   -4.15055   -3.88880
   1146.60     45000   -3.25733   -4.33119   -4.21520   -4.19528   -3.91443
   1170.00     50000   -3.29930   -4.61115   -4.58935   -4.52127   -3.99145
   1193.39     55000   -3.38758   -4.69466   -4.63223   -4.60228   -4.08628
   1216.79     60000   -3.49954   -4.51449   -4.38735   -4.37547   -4.12280
   1240.22     65000   -3.48966   -4.56976   -4.45494   -4.43376   -4.14980
   1263.66     70000   -3.53435   -4.86018   -4.84697   -4.77516   -4.22901
   1287.09     75000   -3.62639   -4.91006   -4.84706   -4.81712   -4.32194
   1310.46     80000   -3.73552   -4.74505   -4.61888   -4.60823   -4.35579
   1333.83     85000   -3.72328   -4.81385   -4.70040   -4.67928   -4.38495
   1357.19     90000   -3.77029   -5.11389   -5.11763   -5.03763   -4.46690
   1380.56     95000   -3.86612   -5.13149   -5.05184   -5.02967   -4.55823
   1403.93    100000   -3.97315   -4.97629   -4.84732   -4.83596   -4.58953
   1427.30      5000   -3.95712   -5.05508   -4.94262   -4.91928   -4.62063
   1450.67     10000   -4.00508   -5.36465   -5.38004   -5.29208   -4.70476
   1474.04     15000   -4.10513   -5.35099   -5.26849   -5.24560   -4.79377
   1497.41     20000   -4.20880   -5.20769   -5.08059   -5.06886   -4.82270
   1520.77     25000   -4.19133   -5.29919   -5.18925   -5.16580   -4.85613
   1544.14     30000   -4.24046   -5.61631   -5.64935   -5.55430   -4.94262
   1567.51     35000   -4.34492   -5.57012   -5.47750   -5.45964   -5.02949
   1590.88     40000   -4.44572   -5.43958   -5.31036   -5.29881   -5.05636
   1614.25     45000   -4.42469   -5.54219   -5.43323   -5.40789   -5.09208
   1637.62     50000   -4.47661   -5.86600   -5.91296   -5.80796   -5.18056
   1660.99     55000   -4.58379   -5.79173   -5.69541   -5.67759   -5.26472
   1684.35     60000   -4.68185   -5.67247   -5.54485   -5.53242   -5.28967
   1707.73     65000   -4.65900   -5.78709   -5.68155   -5.65528   -5.32793
   1731.12     70000   -4.71245   -6.11505   -6.17808   -6.06708   -5.41843
   1754.51     75000   -4.82365   -6.01127   -5.90841   -5.89332   -5.49998
   1777.89     80000   -4.91783   -5.90505   -5.77627   -5.76403   -5.52337
   1801.31     85000   -4.89351   -6.03136   -5.92729   -5.89949   -5.56417
   1824.71     90000   -4.94789   -6.36123   -6.43704   -6.31754   -5.65634
   1848.11     95000   -5.06223   -6.23380   -6.12780   -6.11322   -5.73484
   1871.51    100000   -5.15407   -6.13929   -6.01174   -5.99870   -5.75683
   1894.90      5000   -5.12806   -6.27744   -6.17739   -6.14800   -5.80034
   1918.29     10000   -5.18403   -6.60630   -6.69143   -6.56987   -5.89416
   1941.70     15000   -5.30201   -6.45485   -6.34409   -6.33096   -5.96970
   1965.13     20000   -5.38472   -6.37289   -6.24488   -6.23172   -5.99064
   1988.55     25000   -5.36317   -6.52295   -6.42518   -6.39419   -6.03687
   2011.97     30000   -5.42089   -6.84744   -6.93813   -6.81364   -6.13198
   2035.36     35000   -5.54027   -6.67814   -6.56518   -6.55254   -6.20419
   2058.75     40000   -5.61155   -6.60824   -6.48131   -6.46753   -6.22429
   2082.14     45000   -5.59911   -6.77030   -6.67709   -6.64413   -6.27336
   2105.53     50000   -5.65845   -7.08695   -7.17463   -7.05571   -6.36970
   2128.92     55000   -5.77906   -6.90083   -6.78419   -6.77242   -6.43868
   2152.32     60000   -5.83867   -6.84308   -6.71607   -6.70193   -6.45826
   2175.72     65000   -5.83542   -7.01713   -6.92719   -6.89223   -6.51016
   2199.11     70000   -5.89636   -7.32237   -7.40423   -7.28999   -6.60736
   2222.51     75000   -6.01698   -7.12512   -7.00704   -6.99553   -6.67285
   2245.90     80000   -6.06639   -7.07946   -6.95356   -6.93887   -6.69213
   2269.30     85000   -6.06993   -7.26573   -7.18108   -7.14381   -6.74696
   2292.70     90000   -6.13429   -7.55554   -7.62243   -7.52045   -6.84491
   2316.09     95000   -6.25527   -7.34930   -7.22838   -7.21744   -6.90703
   2339.48    100000   -6.29480   -7.31557   -7.18986   -7.17465   -6.92630
   2362.87      5000   -6.30516   -7.51393   -7.43369   -7.39386   -6.98402
   2386.26     10000   -6.37237   -7.78539   -7.83771   -7.74517   -7.08236
   2409.66     15000   -6.49262   -7.57478   -7.45291   -7.44203   -7.14092
   2433.06     20000   -6.52415   -7.55298   -7.42850   -7.41270   -7.16043
   2456.47     25000   -6.54109   -7.76373   -7.68981   -7.64719   -7.22109
   2479.88     30000   -6.60973   -8.01276   -8.04474   -7.96595   -7.31969
   2503.27     35000   -6.73100   -7.80032   -7.67635   -7.66583   -7.37482
   2526.66     40000   -6.75385   -7.79032   -7.66628   -7.64988   -7.39484
   2550.05     45000   -6.77708   -8.01325   -7.94513   -7.89924   -7.45838
   2573.43     50000   -6.84776   -8.23793   -8.25278   -8.18370   -7.55686
   2596.82     55000   -6.96787   -8.02707   -7.90246   -7.89187   -7.60849
   2620.21     60000   -6.98391   -8.02882   -7.90614   -7.88908   -7.62925
   2643.61     65000   -7.01208   -8.26415   -8.20374   -8.15438   -7.69570
   2667.00     70000   -7.08656   -8.46100   -8.45627   -8.39858   -7.79390
   2690.39     75000   -7.20555   -8.25393   -8.12781   -8.11740   -7.84219
   2713.78     80000   -7.21463   -8.26738   -8.14539   -8.12766   -7.86392
   2737.16     85000   -7.24691   -8.51480   -8.46194   -8.40845   -7.93320
   2760.55     90000   -7.32499   -8.68290   -8.66268   -8.61274   -8.03076
   2783.94     95000   -7.44273   -8.48192   -8.35541   -8.34485   -8.07570
   2807.33    100000   -7.44621   -8.50700   -8.38654   -8.36804   -8.09862
   2830.72      5000   -7.48242   -8.76657   -8.72327   -8.66534   -8.17073
   2854.11     10000   -7.56397   -8.90337   -8.86697   -8.82524   -8.26746
   2877.49     15000   -7.67966   -8.71009   -8.58253   -8.57199   -8.30925
   2900.87     20000   -7.67831   -8.74676   -8.62729   -8.60803   -8.33358
   2924.26     25000   -7.71821   -9.01803   -8.98445   -8.92130   -8.40840
   2947.65     30000   -7.80328   -9.12346   -9.07465   -9.03842   -8.50396
   2971.05     35000   -7.91711   -8.93929   -8.81154   -8.80080   -8.54266
   2994.43     40000   -7.91047   -8.98754   -8.86979   -8.84966   -8.56860
   3017.82     45000   -7.95308   -9.27027   -9.24850   -9.17970   -8.64609
MyID= 0: Time=  0.1,has convergenced
     1683208 iterations for the convertgence of psi
 MyID=           0 has finish
