 START-UP FOR CHUNK...
     23.48      5000   -0.56208   -2.01117   -1.90772   -1.83037   -1.28149
     46.88     10000   -0.67661   -2.17430   -1.76866   -1.84100   -1.46300
     70.27     15000   -0.63632   -2.26989   -1.66323   -1.70916   -1.45548
     93.67     20000   -0.54123   -2.11202   -1.54497   -1.54158   -1.36677
    117.06     25000   -0.45705   -1.69238   -1.46496   -1.44844   -1.26253
    140.46     30000   -0.40929   -1.63198   -1.54594   -1.54039   -1.19787
    163.85     35000   -0.44076   -1.93606   -1.84595   -1.94494   -1.29892
    187.25     40000   -0.61412   -1.90700   -1.82936   -1.81956   -1.41200
    210.64     45000   -0.80526   -1.90877   -1.77382   -1.79396   -1.49923
    234.04     50000   -0.90410   -2.15401   -2.05977   -2.01653   -1.62086
    257.43     55000   -0.98915   -2.38575   -2.43786   -2.42577   -1.74670
    280.83     60000   -1.07927   -2.31398   -2.10228   -2.10881   -1.78312
    304.22     65000   -1.11440   -2.13912   -2.01554   -1.98317   -1.75724
    327.61     70000   -1.08412   -2.24249   -2.17697   -2.13328   -1.77944
    351.01     75000   -1.12789   -2.49910   -2.61102   -2.50754   -1.86574
    374.40     80000   -1.24563   -2.36165   -2.30406   -2.26647   -1.92676
    397.80     85000   -1.35125   -2.35402   -2.23610   -2.23068   -1.96173
    421.19     90000   -1.36054   -2.57006   -2.49422   -2.46684   -2.03771
    444.59     95000   -1.42995   -2.77018   -2.87884   -2.82654   -2.14016
    467.98    100000   -1.52885   -2.62467   -2.48252   -2.48732   -2.18194
 ITERATION...
    491.38      5000   -1.55194   -2.58493   -2.45947   -2.43662   -2.18571
    514.77     10000   -1.55571   -2.78424   -2.73386   -2.67096   -2.24059
    538.16     15000   -1.62085   -2.98646   -3.03551   -2.97027   -2.33289
    561.56     20000   -1.73302   -2.79039   -2.68772   -2.66230   -2.37808
    584.95     25000   -1.76028   -2.81750   -2.70336   -2.68280   -2.40713
    608.35     30000   -1.79468   -3.07846   -3.04847   -3.00204   -2.48487
    631.74     35000   -1.87695   -3.16074   -3.15897   -3.12969   -2.57622
    655.13     40000   -1.97266   -3.00119   -2.87566   -2.87058   -2.60504
    678.53     45000   -1.96817   -3.05072   -2.93483   -2.91335   -2.62672
    701.92     50000   -2.00225   -3.32636   -3.34287   -3.26164   -2.70365
    725.31     55000   -2.09488   -3.35629   -3.29920   -3.28064   -2.78861
    748.70     60000   -2.19304   -3.20872   -3.08850   -3.06982   -2.81590
    772.10     65000   -2.18667   -3.29823   -3.19507   -3.16567   -2.85239
    795.49     70000   -2.23280   -3.60740   -3.67523   -3.58641   -2.94024
    818.89     75000   -2.33596   -3.52851   -3.45033   -3.43201   -3.01665
    842.28     80000   -2.42268   -3.41838   -3.29567   -3.28240   -3.03507
    865.67     85000   -2.40280   -3.54155   -3.44425   -3.41667   -3.07508
    889.07     90000   -2.45363   -3.84223   -3.96894   -3.85854   -3.16541
    912.45     95000   -2.56220   -3.71357   -3.61369   -3.60342   -3.23285
    935.85    100000   -2.63566   -3.64155   -3.51803   -3.50061   -3.25125
    959.24      5000   -2.62580   -3.80168   -3.72067   -3.68268   -3.30288
    982.64     10000   -2.68481   -4.08770   -4.20271   -4.10926   -3.39723
   1006.03     15000   -2.79421   -3.90156   -3.79008   -3.77618   -3.45335
   1029.42     20000   -2.83626   -3.86298   -3.74195   -3.72314   -3.47018
   1052.81     25000   -2.84645   -4.05908   -3.99423   -3.95340   -3.52938
   1076.20     30000   -2.91265   -4.28290   -4.35518   -4.28997   -3.62337
   1099.60     35000   -3.02123   -4.09368   -3.97595   -3.96476   -3.66935
   1122.99     40000   -3.04283   -4.09574   -3.97594   -3.95598   -3.68975
   1146.38     45000   -3.06850   -4.32844   -4.29247   -4.23911   -3.75880
   1169.78     50000   -3.14638   -4.47761   -4.47549   -4.44170   -3.85082
   1193.17     55000   -3.24958   -4.29424   -4.17016   -4.15694   -3.88654
   1216.56     60000   -3.25438   -4.33025   -4.21502   -4.19140   -3.91101
   1239.96     65000   -3.28929   -4.59679   -4.59708   -4.53080   -3.98783
   1263.35     70000   -3.37886   -4.65311   -4.61042   -4.58625   -4.07469
   1286.74     75000   -3.47575   -4.49839   -4.37355   -4.35995   -4.10242
   1310.14     80000   -3.46890   -4.57296   -4.46318   -4.43798   -4.13378
   1333.53     85000   -3.51224   -4.86509   -4.92036   -4.83435   -4.21802
   1356.93     90000   -3.61203   -4.83088   -4.75344   -4.73858   -4.29764
   1380.32     95000   -3.70324   -4.70979   -4.58260   -4.56785   -4.31913
   1403.71    100000   -3.68725   -4.82001   -4.71842   -4.68856   -4.35808
   1427.11      5000   -3.73650   -5.12410   -5.23497   -5.12766   -4.44771
   1450.51     10000   -3.84417   -5.01094   -4.91534   -4.90165   -4.51801
   1473.90     15000   -3.92756   -4.92616   -4.80043   -4.78403   -4.53611
   1497.29     20000   -3.90860   -5.07411   -4.98433   -4.95062   -4.58393
   1520.69     25000   -3.96518   -5.36254   -5.49475   -5.38994   -4.67718
   1544.08     30000   -4.07359   -5.19525   -5.08623   -5.07452   -4.73708
   1567.48     35000   -4.12576   -5.14829   -5.02330   -5.00564   -4.75428
   1590.87     40000   -4.13129   -5.33324   -5.25975   -5.21931   -4.81111
   1614.26     45000   -4.19401   -5.57769   -5.66676   -5.59164   -4.90545
   1637.65     50000   -4.30226   -5.38670   -5.26995   -5.25784   -4.95454
   1661.05     55000   -4.33006   -5.37636   -5.25461   -5.23472   -4.97353
   1684.44     60000   -4.35174   -5.59858   -5.54927   -5.50047   -5.03949
   1707.83     65000   -4.42561   -5.77024   -5.79227   -5.74877   -5.13242
   1731.23     70000   -4.53087   -5.58315   -5.46123   -5.44882   -5.17130
   1754.62     75000   -4.54024   -5.60969   -5.49153   -5.46966   -5.19429
   1778.01     80000   -4.57347   -5.86672   -5.85182   -5.79034   -5.26875
   1801.41     85000   -4.65848   -5.95092   -5.92030   -5.89411   -5.35751
   1824.80     90000   -4.75802   -5.78656   -5.66186   -5.64857   -5.38752
   1848.20     95000   -4.75411   -5.84938   -5.73709   -5.71235   -5.41651
   1871.59    100000   -4.79524   -6.13582   -6.17006   -6.09088   -5.49855
   1894.98      5000   -4.89195   -6.12773   -6.06040   -6.04284   -5.58073
   1918.37     10000   -4.98547   -5.99525   -5.86913   -5.85470   -5.60393
   1941.77     15000   -4.97140   -6.09455   -5.98971   -5.96172   -5.64035
   1965.16     20000   -5.01816   -6.39733   -6.49064   -6.38978   -5.72846
   1988.56     25000   -5.12402   -6.30642   -6.21650   -6.20267   -5.80190
   2011.95     30000   -5.21143   -6.21019   -6.08415   -6.06845   -5.82077
   2035.35     35000   -5.19299   -6.34626   -6.25223   -6.21994   -5.86567
   2058.74     40000   -5.24619   -6.64339   -6.77540   -6.66619   -5.95803
   2082.13     45000   -5.35461   -6.48966   -6.38453   -6.37231   -6.02135
   2105.52     50000   -5.41560   -6.43050   -6.30544   -6.28814   -6.03854
   2128.92     55000   -5.41344   -6.60365   -6.52434   -6.48638   -6.09246
   2152.31     60000   -5.47423   -6.86548   -6.97371   -6.88736   -6.18674
   2175.70     65000   -5.58325   -6.67870   -6.56444   -6.55248   -6.23927
   2199.09     70000   -5.61812   -6.65672   -6.53401   -6.51494   -6.25740
   2222.48     75000   -5.63468   -6.86705   -6.80916   -6.76348   -6.32047
   2245.88     80000   -5.70549   -7.06436   -7.10752   -7.05564   -6.41416
   2269.27     85000   -5.81167   -6.87371   -6.75327   -6.74104   -6.45620
   2292.66     90000   -5.82675   -6.88844   -6.76909   -6.74788   -6.47768
   2316.05     95000   -5.85616   -7.13462   -7.10739   -7.05051   -6.54949
   2339.44    100000   -5.93819   -7.24793   -7.23250   -7.20189   -6.63989
   2362.84      5000   -6.03953   -7.07493   -6.95110   -6.93808   -6.67254
   2386.23     10000   -6.04016   -7.12611   -7.01184   -6.98810   -6.69942
   2409.62     15000   -6.07771   -7.40396   -7.42098   -7.34819   -6.77916
   2433.02     20000   -6.17120   -7.42516   -7.36815   -7.34854   -6.86371
   2456.41     25000   -6.26616   -7.28196   -7.15620   -7.14219   -6.88885
   2479.80     30000   -6.25563   -7.36955   -7.26208   -7.23521   -6.92274
   2503.19     35000   -6.30048   -7.66891   -7.74329   -7.64927   -7.00909
   2526.59     40000   -6.40441   -7.60298   -7.51939   -7.50466   -7.08553
   2549.98     45000   -6.49333   -7.49494   -7.36883   -7.35354   -7.10550
   2573.37     50000   -6.47551   -7.61917   -7.52133   -7.49054   -7.14759
   2596.76     55000   -6.52723   -7.92104   -8.04633   -7.93662   -7.23882
   2620.15     60000   -6.63553   -7.78455   -7.68371   -7.67115   -7.30550
   2643.54     65000   -6.70633   -7.71352   -7.58806   -7.57131   -7.32294
   2666.94     70000   -6.69629   -7.87475   -7.79015   -7.75421   -7.37393
   2690.33     75000   -6.75509   -8.15123   -8.27422   -8.17755   -7.46786
   2713.72     80000   -6.86495   -7.97172   -7.86004   -7.84808   -7.52387
   2737.11     85000   -6.90703   -7.93787   -7.81433   -7.79585   -7.54142
   2760.50     90000   -6.91840   -8.13632   -8.07071   -8.02780   -7.60157
   2783.90     95000   -6.98525   -8.35707   -8.42208   -8.36010   -7.69574
   2807.28    100000   -7.09326   -8.16480   -8.04610   -8.03401   -7.74107
   2830.68      5000   -7.11378   -8.16779   -8.04726   -8.02677   -7.76123
   2854.07     10000   -7.13957   -8.40274   -8.36439   -8.31160   -7.83030
   2877.46     15000   -7.21777   -8.54446   -8.54608   -8.51003   -7.92204
   2900.85     20000   -7.32090   -8.36406   -8.24117   -8.22843   -7.95754
   2924.25     25000   -7.32576   -8.40356   -8.28752   -8.26464   -7.98248
   2947.64     30000   -7.36095   -8.67199   -8.67319   -8.60614   -8.05980
   2971.03     35000   -7.45098   -8.72288   -8.67739   -8.65511   -8.14649
   2994.42     40000   -7.54750   -8.56925   -8.44397   -8.43030   -8.17381
   3017.81     45000   -7.54007   -8.64512   -8.53525   -8.50946   -8.20530
   3041.21     50000   -7.58354   -8.93917   -8.99420   -8.90732   -8.28969
   3064.60     55000   -7.68366   -8.90001   -8.82374   -8.80784   -8.36895
   3087.99     60000   -7.77477   -8.78035   -8.65424   -8.63939   -8.39031
   3111.38     65000   -7.75874   -8.89275   -8.79150   -8.76209   -8.42966
   3134.77     70000   -7.80829   -9.19651   -9.30893   -9.20222   -8.51954
   3158.16     75000   -7.91604   -9.08014   -8.98402   -8.97098   -8.58950
   3181.55     80000   -7.99797   -8.99713   -8.87136   -8.85510   -8.60745
   3204.95     85000   -7.97990   -9.14642   -9.05708   -9.02296   -8.65554
MyID= 0: Time=  0.1,has convergenced
     1684889 iterations for the convertgence of psi
 MyID=           0 has finish
