 START-UP FOR CHUNK...
     23.47      5000   -0.64002   -2.04175   -2.23784   -2.29195   -1.29205
     46.84     10000   -0.85799   -2.12027   -2.21593   -2.29255   -1.53550
     70.21     15000   -0.91723   -2.21277   -2.10740   -2.14869   -1.64325
     93.57     20000   -0.88875   -2.56398   -1.94922   -1.94861   -1.65105
    116.94     25000   -0.78400   -2.21219   -1.74828   -1.74610   -1.54744
    140.30     30000   -0.64903   -1.92091   -1.55396   -1.55971   -1.38546
    163.67     35000   -0.53676   -1.66923   -1.45224   -1.45165   -1.23356
    187.04     40000   -0.45980   -1.66087   -1.58703   -1.55771   -1.17159
    210.40     45000   -0.50755   -1.90184   -1.90449   -2.05093   -1.24851
    233.77     50000   -0.62331   -1.81137   -1.68303   -1.65616   -1.33149
    257.13     55000   -0.78968   -1.88989   -1.75005   -1.72385   -1.44690
    280.50     60000   -0.86880   -2.16720   -2.15541   -2.14074   -1.57919
    303.86     65000   -0.93953   -2.21698   -2.11913   -2.11640   -1.63394
    327.23     70000   -0.95170   -2.02124   -1.85353   -1.83853   -1.59326
    350.60     75000   -0.89936   -1.99406   -1.90325   -1.87780   -1.57520
    373.96     80000   -0.90352   -2.20334   -2.30706   -2.31469   -1.63066
    397.33     85000   -0.99160   -2.20604   -2.09270   -2.06795   -1.68600
    420.70     90000   -1.09641   -2.14102   -2.01042   -1.98916   -1.73218
    444.06     95000   -1.12669   -2.32343   -2.27286   -2.25258   -1.82453
    467.43    100000   -1.19736   -2.53572   -2.55636   -2.55847   -1.90596
 ITERATION...
    490.79      5000   -1.25265   -2.36530   -2.20581   -2.18714   -1.90757
    514.16     10000   -1.24327   -2.32654   -2.21819   -2.19442   -1.91048
    537.52     15000   -1.25336   -2.52633   -2.58562   -2.58505   -1.97490
    560.89     20000   -1.33298   -2.59520   -2.49365   -2.47476   -2.03493
    584.26     25000   -1.43999   -2.47713   -2.33669   -2.31390   -2.06154
    607.62     30000   -1.43799   -2.59491   -2.52125   -2.50064   -2.12929
    630.99     35000   -1.49774   -2.84168   -2.94634   -2.94955   -2.21468
    654.35     40000   -1.56802   -2.71565   -2.56296   -2.54488   -2.23562
    677.72     45000   -1.58710   -2.66120   -2.53776   -2.51506   -2.24553
    701.09     50000   -1.59548   -2.84023   -2.85891   -2.84592   -2.31148
    724.45     55000   -1.67078   -2.96778   -2.89694   -2.88449   -2.37714
    747.82     60000   -1.76238   -2.82146   -2.67499   -2.65218   -2.39612
    771.18     65000   -1.76466   -2.89278   -2.80091   -2.77888   -2.44705
    794.55     70000   -1.81144   -3.14765   -3.27505   -3.27458   -2.53239
    817.91     75000   -1.88717   -3.07072   -2.92993   -2.91144   -2.56680
    841.28     80000   -1.92919   -2.99152   -2.85857   -2.83648   -2.57764
    864.65     85000   -1.93168   -3.14409   -3.12370   -3.10653   -2.64051
    888.02     90000   -2.00091   -3.32774   -3.31039   -3.30418   -2.71288
    911.38     95000   -2.08439   -3.17005   -3.02122   -2.99934   -2.73157
    934.75    100000   -2.09479   -3.19961   -3.09425   -3.07189   -2.76982
    958.11      5000   -2.13038   -3.44283   -3.54023   -3.53338   -2.85285
    981.48     10000   -2.21000   -3.43321   -3.30823   -3.29052   -2.89909
   1004.85     15000   -2.27438   -3.32387   -3.18461   -3.16237   -2.90932
   1028.21     20000   -2.26614   -3.44449   -3.39372   -3.37421   -2.96611
   1051.58     25000   -2.32719   -3.67310   -3.72439   -3.72631   -3.04413
   1074.95     30000   -2.40746   -3.52457   -3.37584   -3.35457   -3.06726
   1098.31     35000   -2.42842   -3.51459   -3.39786   -3.37542   -3.09554
   1121.68     40000   -2.45465   -3.73183   -3.78134   -3.76880   -3.17421
   1145.05     45000   -2.53251   -3.79860   -3.69920   -3.68370   -3.23130
   1168.41     50000   -2.61718   -3.66180   -3.51720   -3.49509   -3.24176
   1191.78     55000   -2.60051   -3.74723   -3.67302   -3.65202   -3.29074
   1215.14     60000   -2.65204   -3.99840   -4.10853   -4.11731   -3.37220
   1238.51     65000   -2.73067   -3.88471   -3.73917   -3.71877   -3.40287
   1261.88     70000   -2.76676   -3.83688   -3.71024   -3.68764   -3.42343
   1285.24     75000   -2.78200   -4.02154   -4.02630   -4.00969   -3.49595
   1308.61     80000   -2.85671   -4.16103   -4.10326   -4.09157   -3.56258
   1331.97     85000   -2.93842   -4.00560   -3.85717   -3.83532   -3.57524
   1355.34     90000   -2.93453   -4.05496   -3.96198   -3.94021   -3.61569
   1378.71     95000   -2.97524   -4.30566   -4.42579   -4.43052   -3.69794
   1402.07    100000   -3.05507   -4.24890   -4.11217   -4.09311   -3.73803
   1425.44      5000   -3.10775   -4.16533   -4.03041   -4.00785   -3.75313
   1448.81     10000   -3.11215   -4.31463   -4.28328   -4.26410   -3.81809
   1472.17     15000   -3.17964   -4.51375   -4.51691   -4.51149   -3.89238
   1495.54     20000   -3.25889   -4.35502   -4.20502   -4.18358   -3.90961
   1518.90     25000   -3.26941   -4.36804   -4.26016   -4.23795   -3.94163
   1542.27     30000   -3.29986   -4.60172   -4.68570   -4.68043   -4.02202
   1565.63     35000   -3.37906   -4.61558   -4.49621   -4.47900   -4.07235
   1589.00     40000   -3.45396   -4.49944   -4.35803   -4.33564   -4.08443
   1612.36     45000   -3.44392   -4.61233   -4.55295   -4.53231   -4.14083
   1635.73     50000   -3.50302   -4.85046   -4.92462   -4.92741   -4.22041
   1659.09     55000   -3.58106   -4.71000   -4.56130   -4.54048   -4.24455
   1682.46     60000   -3.60500   -4.68659   -4.56688   -4.54446   -4.26890
   1705.83     65000   -3.62752   -4.89297   -4.92869   -4.91593   -4.34505
   1729.19     70000   -3.70437   -4.98195   -4.89246   -4.87810   -4.40539
   1752.56     75000   -3.78934   -4.83922   -4.69306   -4.67091   -4.41711
   1775.93     80000   -3.77743   -4.91534   -4.83426   -4.81275   -4.46445
   1799.29     85000   -3.82540   -5.16869   -5.28956   -5.29636   -4.54667
   1822.66     90000   -3.90349   -5.07025   -4.92680   -4.90689   -4.57962
   1846.02     95000   -3.94419   -5.01081   -4.88158   -4.85909   -4.59767
   1869.39    100000   -3.95585   -5.18433   -5.17758   -5.16052   -4.66760
   1892.76      5000   -4.02904   -5.34294   -5.30086   -5.29108   -4.73680
   1916.12     10000   -4.11031   -5.18479   -5.03565   -5.01385   -4.75093
   1939.49     15000   -4.11031   -5.22402   -5.12589   -5.10384   -4.78923
   1962.85     20000   -4.14880   -5.47142   -5.58420   -5.58478   -4.87135
   1986.22     25000   -4.22804   -5.43482   -5.30260   -5.28401   -4.91432
   2009.59     30000   -4.28689   -5.34079   -5.20388   -5.18144   -4.92797
   2032.95     35000   -4.28716   -5.47889   -5.43857   -5.41910   -4.99020
   2056.32     40000   -4.35216   -5.69189   -5.71579   -5.71310   -5.06635
   2079.68     45000   -4.43167   -5.53610   -5.38619   -5.36489   -5.08557
   2103.05     50000   -4.44513   -5.53850   -5.42672   -5.40437   -5.11537
   2126.42     55000   -4.47361   -5.76504   -5.83451   -5.82610   -5.19482
   2149.78     60000   -4.55186   -5.80162   -5.68993   -5.67340   -5.24816
   2173.15     65000   -4.63434   -5.67652   -5.53362   -5.51132   -5.25972
   2196.51     70000   -4.61973   -5.77820   -5.71189   -5.69104   -5.31331
   2219.88     75000   -4.67490   -6.02332   -6.11572   -6.12104   -5.39397
   2243.24     80000   -4.75397   -5.89294   -5.74530   -5.72471   -5.42064
   2266.61     85000   -4.78283   -5.85875   -5.73594   -5.71345   -5.44302
   2289.98     90000   -4.80172   -6.05576   -6.07776   -6.06325   -5.51754
   2313.34     95000   -4.87723   -6.16690   -6.08980   -6.07653   -5.58068
   2336.71    100000   -4.96069   -6.01803   -5.87081   -5.84877   -5.59278
   2360.07      5000   -4.95371   -6.08295   -5.99641   -5.97474   -5.63732
   2383.44     10000   -4.99814   -6.33643   -6.46053   -6.46672   -5.71978
   2406.80     15000   -5.07631   -6.25477   -6.11388   -6.09430   -5.75568
   2430.17     20000   -5.12227   -6.18475   -6.05300   -6.03049   -5.77223
   2453.54     25000   -5.13028   -6.34785   -6.33005   -6.31204   -5.84000
   2476.90     30000   -5.20130   -6.52490   -6.50110   -6.49310   -5.91152
   2500.27     35000   -5.28146   -6.36530   -6.21568   -6.19402   -5.92688
   2523.63     40000   -5.28649   -6.39339   -6.29087   -6.26873   -5.96252
   2547.00     45000   -5.32124   -6.63574   -6.73745   -6.73533   -6.04408
   2570.36     50000   -5.40134   -6.62034   -6.49306   -6.47501   -6.09019
   2593.73     55000   -5.46632   -6.51649   -6.37758   -6.35516   -6.10297
   2617.09     60000   -5.46184   -6.64373   -6.59485   -6.57485   -6.16269
   2640.46     65000   -5.52434   -6.86896   -6.91477   -6.91456   -6.24046
   2663.82     70000   -5.60354   -6.71827   -6.56869   -6.54757   -6.26169
   2687.18     75000   -5.62118   -6.70961   -6.59427   -6.57188   -6.28911
   2710.55     80000   -5.64713   -6.92793   -6.98269   -6.97217   -6.36729
   2733.91     85000   -5.72520   -6.98720   -6.88414   -6.86844   -6.42369
   2757.28     90000   -5.81137   -6.85397   -6.70957   -6.68733   -6.43513
   2780.64     95000   -5.79483   -6.94463   -6.87169   -6.85053   -6.48603
   2804.01    100000   -5.84770   -7.19467   -7.30241   -7.30910   -6.56751
   2827.37      5000   -5.92618   -7.07667   -6.93051   -6.91019   -6.59680
   2850.74     10000   -5.95975   -7.03158   -6.90589   -6.88338   -6.61723
   2874.10     15000   -5.97532   -7.21871   -7.22779   -7.21204   -6.68989
   2897.47     20000   -6.05056   -7.35099   -7.28778   -7.27585   -6.75573
   2920.83     25000   -6.13280   -7.19722   -7.04905   -7.02711   -6.76853
   2944.20     30000   -6.12858   -7.25107   -7.15933   -7.13749   -6.81036
   2967.56     35000   -6.17034   -7.50298   -7.62521   -7.62943   -6.89283
   2990.92     40000   -6.24990   -7.43978   -7.30213   -7.28295   -6.93173
   3014.29     45000   -6.30034   -7.35930   -7.22522   -7.20273   -6.94691
   3037.65     50000   -6.30540   -7.51174   -7.48375   -7.46503   -7.01238
   3061.02     55000   -6.37372   -7.70549   -7.70140   -7.69552   -7.08602
   3084.38     60000   -6.45336   -7.54622   -7.39632   -7.37480   -7.10289
   3107.75     65000   -6.46291   -7.56325   -7.45658   -7.43434   -7.13596
   3131.11     70000   -6.49430   -7.79944   -7.88800   -7.88304   -7.21675
   3154.48     75000   -6.57390   -7.80607   -7.68475   -7.66730   -7.26599
   3177.84     80000   -6.64602   -7.69275   -7.55203   -7.52965   -7.27809
   3201.21     85000   -6.63723   -7.80904   -7.75228   -7.73187   -7.33522
   3224.57     90000   -6.69724   -8.04429   -8.11137   -8.11371   -7.41439
   3247.93     95000   -6.77553   -7.90087   -7.75190   -7.73099   -7.43784
   3271.30    100000   -6.79798   -7.88120   -7.76252   -7.74008   -7.46300
   3294.66      5000   -6.82142   -8.09070   -8.13100   -8.11858   -7.53972
   3318.03     10000   -6.89907   -8.17255   -8.07960   -8.06484   -7.59909
   3341.39     15000   -6.98442   -8.03196   -7.88625   -7.86408   -7.61065
   3364.76     20000   -6.97067   -8.11157   -8.03250   -8.01110   -7.65882
   3388.12     25000   -7.01993   -8.36440   -8.48275   -8.48994   -7.74089
   3411.49     30000   -7.09804   -8.26079   -8.11655   -8.09653   -7.77294
   3434.85     35000   -7.13701   -8.20491   -8.07650   -8.05399   -7.79159
   3458.21     40000   -7.14967   -8.38185   -8.37883   -8.36200   -7.86224
   3481.58     45000   -7.22336   -8.53427   -8.48679   -8.47640   -7.93063
   3504.94     50000   -7.30547   -8.37694   -8.22803   -8.20619   -7.94437
   3528.31     55000   -7.30379   -8.41973   -8.32314   -8.30116   -7.98351
   3551.67     60000   -7.34307   -8.66844   -8.78415   -8.78582   -8.06575
   3575.04     65000   -7.42245   -8.62508   -8.49135   -8.47261   -8.10772
   3598.40     70000   -7.47918   -8.53435   -8.39810   -8.37563   -8.12172
   3621.77     75000   -7.48117   -8.67602   -8.63859   -8.61926   -8.18478
   3645.13     80000   -7.54688   -8.88464   -8.90159   -8.89803   -8.26035
   3668.49     85000   -7.62601   -8.72767   -8.57772   -8.55637   -8.27895
   3691.86     90000   -7.63866   -8.73364   -8.62309   -8.60077   -8.30953
   3715.22     95000   -7.66795   -8.96269   -9.03694   -9.02939   -8.38934
   3738.59    100000   -7.74627   -8.99182   -8.87753   -8.86076   -8.44168
   3761.95      5000   -7.82642   -8.86953   -8.72713   -8.70480   -8.45334
   3785.32     10000   -7.81338   -8.97482   -8.91076   -8.88999   -8.50782
   3808.68     15000   -7.86951   -9.21789   -9.30456   -9.30917   -8.58814
   3832.04     20000   -7.94828   -9.08395   -8.93594   -8.91526   -8.61399
   3855.41     25000   -7.97555   -9.05332   -8.93150   -8.90902   -8.63703
   3878.77     30000   -7.99606   -9.25347   -9.27986   -9.26585   -8.71212
MyID= 0: Time=  0.1,has convergenced
     1686064 iterations for the convertgence of psi
 MyID=           0 has finish
