 START-UP FOR CHUNK...
     23.47      5000   -0.54443   -1.99800   -1.84682   -1.76163   -1.27834
     46.86     10000   -0.63816   -2.18647   -1.70235   -1.77734   -1.44072
     70.25     15000   -0.58552   -2.24052   -1.60153   -1.65318   -1.41666
     93.63     20000   -0.49610   -2.02116   -1.50874   -1.49915   -1.32959
    117.01     25000   -0.43157   -1.64155   -1.46188   -1.44853   -1.23835
    140.41     30000   -0.40072   -1.71467   -1.63513   -1.62162   -1.20992
    163.81     35000   -0.45885   -1.94969   -1.82263   -1.95784   -1.34434
    187.21     40000   -0.66912   -1.90618   -1.80997   -1.79617   -1.45240
    210.61     45000   -0.87610   -1.96462   -1.82333   -1.84773   -1.55181
    234.00     50000   -0.94257   -2.26502   -2.16402   -2.13451   -1.67579
    257.40     55000   -1.02160   -2.41541   -2.37184   -2.38262   -1.79748
    280.80     60000   -1.12030   -2.32637   -2.10328   -2.12116   -1.82555
    304.19     65000   -1.16456   -2.19124   -2.06661   -2.03788   -1.80756
    327.58     70000   -1.13565   -2.33585   -2.26823   -2.22126   -1.84276
    350.97     75000   -1.18882   -2.60417   -2.63743   -2.53393   -1.93933
    374.35     80000   -1.32008   -2.42756   -2.35822   -2.31392   -2.00203
    397.74     85000   -1.42920   -2.41742   -2.30795   -2.30119   -2.03753
    421.14     90000   -1.43082   -2.65148   -2.55899   -2.54326   -2.11151
    444.53     95000   -1.50026   -2.86272   -2.94960   -2.86800   -2.21860
    467.93    100000   -1.61645   -2.71474   -2.57063   -2.58163   -2.27305
 ITERATION...
    491.33      5000   -1.66033   -2.67151   -2.53658   -2.52389   -2.28006
    514.73     10000   -1.64859   -2.85411   -2.77739   -2.72252   -2.33007
    538.13     15000   -1.71136   -3.13706   -3.18329   -3.08420   -2.42807
    561.53     20000   -1.83631   -2.92413   -2.81951   -2.79204   -2.48953
    584.94     25000   -1.88656   -2.90019   -2.78743   -2.76683   -2.51437
    608.35     30000   -1.90225   -3.12155   -3.04015   -3.01010   -2.57895
    631.76     35000   -1.97095   -3.35003   -3.41621   -3.32472   -2.68012
    655.17     40000   -2.09062   -3.15279   -3.03379   -3.03098   -2.73588
    678.59     45000   -2.11609   -3.14242   -3.01280   -3.00396   -2.75159
    702.00     50000   -2.12915   -3.35604   -3.27872   -3.23164   -2.81024
    725.42     55000   -2.19851   -3.60261   -3.62942   -3.55440   -2.90901
    748.83     60000   -2.32084   -3.39095   -3.27077   -3.25685   -2.96498
    772.24     65000   -2.34776   -3.38130   -3.26382   -3.24219   -2.98687
    795.66     70000   -2.37257   -3.61127   -3.54282   -3.49840   -3.05222
    819.07     75000   -2.44341   -3.82988   -3.84629   -3.77174   -3.15187
    842.48     80000   -2.56438   -3.61196   -3.49431   -3.48348   -3.20374
    865.89     85000   -2.57884   -3.61629   -3.49355   -3.48110   -3.22308
    889.31     90000   -2.60530   -3.85224   -3.78483   -3.73927   -3.28792
    912.70     95000   -2.67821   -4.05355   -4.05904   -3.99914   -3.38655
    936.10    100000   -2.79908   -3.84984   -3.72590   -3.71698   -3.43675
    959.49      5000   -2.81152   -3.86026   -3.74085   -3.72163   -3.45869
    982.89     10000   -2.84318   -4.10590   -4.05083   -3.99753   -3.52746
   1006.29     15000   -2.92008   -4.28995   -4.26810   -4.21456   -3.62618
   1029.68     20000   -3.03954   -4.07670   -3.95369   -3.94134   -3.67316
   1053.07     25000   -3.04409   -4.09534   -3.97609   -3.95927   -3.69494
   1076.46     30000   -3.07811   -4.34975   -4.29704   -4.24553   -3.76495
   1099.85     35000   -3.15742   -4.50590   -4.48576   -4.43634   -3.86266
   1123.24     40000   -3.27601   -4.30994   -4.18513   -4.17613   -3.90735
   1146.63     45000   -3.27791   -4.33948   -4.22062   -4.20250   -3.93077
   1170.03     50000   -3.31543   -4.60270   -4.56230   -4.50264   -4.00364
   1193.43     55000   -3.39780   -4.73810   -4.69205   -4.65336   -4.10097
   1216.83     60000   -3.51452   -4.54127   -4.41389   -4.40251   -4.14297
   1240.24     65000   -3.51166   -4.57733   -4.45940   -4.43991   -4.16719
   1263.64     70000   -3.55230   -4.84960   -4.81386   -4.75253   -4.24187
   1287.04     75000   -3.63710   -4.95782   -4.91236   -4.87282   -4.33797
   1310.43     80000   -3.75209   -4.77284   -4.64689   -4.63663   -4.37754
   1333.82     85000   -3.74574   -4.82038   -4.70332   -4.68437   -4.40325
   1357.22     90000   -3.78844   -5.10156   -5.07791   -5.01081   -4.48033
   1380.61     95000   -3.87693   -5.18347   -5.12029   -5.09036   -4.57563
   1404.01    100000   -3.99025   -5.00543   -4.87608   -4.86550   -4.61287
   1427.40      5000   -3.97980   -5.06058   -4.94383   -4.92291   -4.63984
   1450.79     10000   -4.02490   -5.35052   -5.33388   -5.26138   -4.71886
   1474.18     15000   -4.11631   -5.40726   -5.34108   -5.31030   -4.81266
   1497.57     20000   -4.22720   -5.23770   -5.11038   -5.09928   -4.84757
   1520.95     25000   -4.21479   -5.30320   -5.18844   -5.16770   -4.87616
   1544.34     30000   -4.26176   -5.60172   -5.59760   -5.52047   -4.95732
   1567.73     35000   -4.35678   -5.62976   -5.55243   -5.52797   -5.04990
   1591.13     40000   -4.46530   -5.47032   -5.34049   -5.32992   -5.08277
   1614.52     45000   -4.44983   -5.54470   -5.42997   -5.40786   -5.11291
   1637.92     50000   -4.49846   -5.85103   -5.85620   -5.77168   -5.19594
   1661.32     55000   -4.59597   -5.85501   -5.77333   -5.74924   -5.28677
   1684.72     60000   -4.70291   -5.70383   -5.57551   -5.56404   -5.31754
   1708.12     65000   -4.68571   -5.78771   -5.67563   -5.65289   -5.34946
   1731.52     70000   -4.73453   -6.10158   -6.11997   -6.03044   -5.43446
   1754.92     75000   -4.83608   -6.07738   -5.98800   -5.96758   -5.52370
   1778.32     80000   -4.94025   -5.93666   -5.80691   -5.79586   -5.55270
   1801.71     85000   -4.92120   -6.02997   -5.91822   -5.89457   -5.58639
   1825.10     90000   -4.97115   -6.34993   -6.37942   -6.28192   -5.67311
   1848.50     95000   -5.07594   -6.30270   -6.20952   -6.19003   -5.76033
   1871.89    100000   -5.17748   -6.17114   -6.04240   -6.03066   -5.78754
   1895.28      5000   -5.15626   -6.27374   -6.16485   -6.14011   -5.82317
   1918.67     10000   -5.20814   -6.59931   -6.64211   -6.53909   -5.91166
   1942.07     15000   -5.31562   -6.52608   -6.42687   -6.40963   -5.99698
   1965.46     20000   -5.41538   -6.40462   -6.27511   -6.26343   -6.02271
   1988.85     25000   -5.39163   -6.51671   -6.40872   -6.38310   -6.06028
   2012.25     30000   -5.44567   -6.84595   -6.90033   -6.78966   -6.15030
   2035.64     35000   -5.55539   -6.75143   -6.64945   -6.63306   -6.23334
   2059.03     40000   -5.65178   -6.63978   -6.51109   -6.49896   -6.25763
   2082.44     45000   -5.62759   -6.76129   -6.65627   -6.62939   -6.29728
   2105.84     50000   -5.68206   -7.09316   -7.15905   -7.04375   -6.38886
   2129.24     55000   -5.79531   -6.97590   -6.86901   -6.85419   -6.46972
   2152.64     60000   -5.88901   -6.87414   -6.74501   -6.73270   -6.49284
   2176.03     65000   -5.86338   -7.00511   -6.90155   -6.87357   -6.53458
   2199.42     70000   -5.91881   -7.33749   -7.41288   -7.29165   -6.62747
   2222.82     75000   -6.03458   -7.20167   -7.09280   -7.07854   -6.70584
   2246.21     80000   -6.12636   -7.10990   -6.98159   -6.96891   -6.72787
   2269.59     85000   -6.09932   -7.25047   -7.15007   -7.12077   -6.77180
   2292.99     90000   -6.15599   -7.58153   -7.66350   -7.54083   -6.86600
   2316.38     95000   -6.27466   -7.42707   -7.31427   -7.30119   -6.94196
   2339.77    100000   -6.35736   -7.34515   -7.21659   -7.20362   -6.96316
   2363.16      5000   -6.33564   -7.49522   -7.39683   -7.36614   -7.00928
   2386.56     10000   -6.39365   -7.82287   -7.90897   -7.78413   -7.10454
   2409.95     15000   -6.51379   -7.65355   -7.53927   -7.52650   -7.17784
   2433.34     20000   -6.58689   -7.58154   -7.45384   -7.44048   -7.19831
   2456.74     25000   -6.57249   -7.74136   -7.64646   -7.61431   -7.24672
   2480.13     30000   -6.63175   -8.06303   -8.14786   -8.02667   -7.34301
   2503.54     35000   -6.75326   -7.87981   -7.76247   -7.75058   -7.41372
   2526.94     40000   -6.81689   -7.81762   -7.68985   -7.67616   -7.43369
   2550.34     45000   -6.80973   -7.98705   -7.89474   -7.86091   -7.48437
   2573.74     50000   -6.87035   -8.30078   -8.38222   -8.26389   -7.58146
   2597.15     55000   -6.99195   -8.10710   -7.98860   -7.97688   -7.64938
   2620.54     60000   -7.04692   -8.05468   -7.92782   -7.91370   -7.66899
   2643.95     65000   -7.04674   -8.23399   -8.14562   -8.11010   -7.72201
   2667.35     70000   -7.10893   -8.53681   -8.60882   -8.49894   -7.81983
   2690.75     75000   -7.23095   -8.33423   -8.21339   -8.20228   -7.88505
   2714.15     80000   -7.27735   -8.29156   -8.16480   -8.15032   -7.90450
   2737.56     85000   -7.28268   -8.48061   -8.39548   -8.35799   -7.95984
   2760.96     90000   -7.34757   -8.77073   -8.83276   -8.72974   -8.05815
   2784.36     95000   -7.46975   -8.56235   -8.44060   -8.42958   -8.12052
   2807.76    100000   -7.50842   -8.52932   -8.40352   -8.38855   -8.13996
   2831.16      5000   -7.51908   -8.72834   -8.64777   -8.60824   -8.19767
   2854.57     10000   -7.58648   -9.00282   -9.05014   -8.95789   -8.29640
   2877.95     15000   -7.70803   -8.79037   -8.66683   -8.65621   -8.35599
   2901.34     20000   -7.73993   -8.76698   -8.64147   -8.62609   -8.37561
   2924.74     25000   -7.75594   -8.97584   -8.89931   -8.85745   -8.43566
   2948.14     30000   -7.82474   -9.23318   -9.26708   -9.18320   -8.53456
   2971.54     35000   -7.94656   -9.01930   -8.89507   -8.88448   -8.59130
MyID= 0: Time=  0.1,has convergenced
     1683002 iterations for the convertgence of psi
 MyID=           0 has finish
