 START-UP FOR CHUNK...
     23.50      5000   -0.66154   -2.04521   -2.32760   -2.58173   -1.29241
     46.88     10000   -0.91600   -2.11495   -2.45428   -2.58651   -1.54417
     70.24     15000   -1.02544   -2.19576   -2.37113   -2.44395   -1.68117
     93.61     20000   -1.05298   -2.62863   -2.22459   -2.24094   -1.76075
    116.98     25000   -1.00160   -2.51972   -2.03580   -2.02889   -1.74307
    140.35     30000   -0.88244   -2.25716   -1.79716   -1.80942   -1.61164
    163.72     35000   -0.72735   -2.01096   -1.58345   -1.59435   -1.41976
    187.09     40000   -0.58441   -1.71718   -1.44775   -1.44076   -1.23531
    210.46     45000   -0.46892   -1.58605   -1.50162   -1.48131   -1.13580
    233.83     50000   -0.45498   -1.84073   -1.79946   -1.86820   -1.18228
    257.20     55000   -0.56147   -1.79368   -1.64062   -1.60245   -1.27401
    280.57     60000   -0.73855   -1.84495   -1.68898   -1.66245   -1.39736
    303.94     65000   -0.81439   -2.10342   -2.06467   -2.05321   -1.53539
    327.32     70000   -0.88429   -2.18103   -2.05379   -2.05072   -1.58245
    350.69     75000   -0.88770   -1.98736   -1.79322   -1.77822   -1.53239
    374.07     80000   -0.82755   -1.93225   -1.83949   -1.82015   -1.50908
    397.45     85000   -0.82954   -2.15195   -2.20340   -2.24422   -1.56299
    420.82     90000   -0.91725   -2.14050   -1.99712   -1.96882   -1.61654
    444.20     95000   -1.02572   -2.08728   -1.95343   -1.93162   -1.67510
    467.57    100000   -1.06368   -2.28936   -2.24687   -2.23703   -1.77722
 ITERATION...
    490.94      5000   -1.13785   -2.47438   -2.40921   -2.40325   -1.84494
    514.32     10000   -1.18644   -2.29005   -2.11871   -2.09829   -1.83356
    537.69     15000   -1.16243   -2.26226   -2.16654   -2.14867   -1.84195
    561.06     20000   -1.17997   -2.48968   -2.55161   -2.58686   -1.90933
    584.43     25000   -1.26099   -2.49684   -2.34959   -2.32463   -1.95712
    607.80     30000   -1.34747   -2.40184   -2.26489   -2.24248   -1.99139
    631.16     35000   -1.36228   -2.55777   -2.51393   -2.50213   -2.07298
    654.54     40000   -1.43121   -2.78041   -2.75402   -2.75095   -2.14484
    677.91     45000   -1.49647   -2.61205   -2.44473   -2.42325   -2.14884
    701.28     50000   -1.49243   -2.58837   -2.48480   -2.46579   -2.16912
    724.66     55000   -1.51474   -2.81067   -2.87226   -2.89406   -2.24189
    748.04     60000   -1.59127   -2.84559   -2.69977   -2.67773   -2.28874
    771.41     65000   -1.67235   -2.72502   -2.58201   -2.55911   -2.31053
    794.78     70000   -1.67326   -2.84902   -2.79486   -2.78123   -2.37953
    818.15     75000   -1.73649   -3.09189   -3.10284   -3.10390   -2.45420
    841.53     80000   -1.80835   -2.93889   -2.77319   -2.75124   -2.46672
    864.91     85000   -1.81878   -2.90745   -2.79473   -2.77533   -2.49016
    888.28     90000   -1.83865   -3.11846   -3.16565   -3.17674   -2.56473
    911.66     95000   -1.91402   -3.18890   -3.05235   -3.03271   -2.61441
    935.04    100000   -1.99994   -3.04908   -2.90131   -2.87845   -2.62984
    958.43      5000   -1.98840   -3.14658   -3.08117   -3.06612   -2.69006
    981.81     10000   -2.04613   -3.40287   -3.44770   -3.45538   -2.76714
   1005.21     15000   -2.11977   -3.26929   -3.10515   -3.08275   -2.78576
   1028.61     20000   -2.14084   -3.22292   -3.10295   -3.08290   -2.80847
   1052.01     25000   -2.15895   -3.41918   -3.44612   -3.44985   -2.88269
   1075.41     30000   -2.23162   -3.52954   -3.40801   -3.39036   -2.93685
   1098.81     35000   -2.32250   -3.37441   -3.22282   -3.19994   -2.94932
   1122.21     40000   -2.30691   -3.44757   -3.37165   -3.35559   -3.00257
   1145.60     45000   -2.35843   -3.70908   -3.78057   -3.79537   -3.08147
   1169.00     50000   -2.43240   -3.60333   -3.44057   -3.41813   -3.10553
   1192.39     55000   -2.46410   -3.53842   -3.41214   -3.39143   -3.12593
   1215.79     60000   -2.47802   -3.71678   -3.72330   -3.72150   -3.19832
   1239.18     65000   -2.54970   -3.86752   -3.76638   -3.75146   -3.25746
   1262.56     70000   -2.63556   -3.70177   -3.54659   -3.52356   -3.26904
   1285.93     75000   -2.62595   -3.75181   -3.66591   -3.64882   -3.31625
   1309.29     80000   -2.67190   -4.01088   -4.09604   -4.11500   -3.39625
   1332.66     85000   -2.74499   -3.94001   -3.77948   -3.75727   -3.42570
   1356.02     90000   -2.78829   -3.85552   -3.72326   -3.70201   -3.44336
   1379.38     95000   -2.79575   -4.01414   -4.00140   -3.99539   -3.51288
   1402.74    100000   -2.86535   -4.20115   -4.12694   -4.11587   -3.57691
   1426.11      5000   -2.94803   -4.03094   -3.87257   -3.84949   -3.58902
   1449.48     10000   -2.94623   -4.05870   -3.96343   -3.94536   -3.63070
   1472.86     15000   -2.98536   -4.30939   -4.39368   -4.41192   -3.71104
   1496.23     20000   -3.05875   -4.27828   -4.12185   -4.10015   -3.74603
   1519.61     25000   -3.11346   -4.17438   -4.03662   -4.01492   -3.76109
   1542.99     30000   -3.11394   -4.31249   -4.28215   -4.27291   -3.82699
   1566.36     35000   -3.18083   -4.52944   -4.48841   -4.48247   -3.89549
   1589.74     40000   -3.25996   -4.36170   -4.20089   -4.17779   -3.90926
   1613.11     45000   -3.26574   -4.36769   -4.26384   -4.24496   -3.94573
   1636.48     50000   -3.29931   -4.60565   -4.67762   -4.69153   -4.02564
   1659.86     55000   -3.37372   -4.61742   -4.46771   -4.44682   -4.06632
   1683.23     60000   -3.43866   -4.49499   -4.35229   -4.33022   -4.07921
   1706.61     65000   -3.43299   -4.61217   -4.56616   -4.55442   -4.14095
   1729.99     70000   -3.49483   -4.85169   -4.84796   -4.84868   -4.21333
   1753.39     75000   -3.57254   -4.69412   -4.53167   -4.50861   -4.22970
   1776.78     80000   -3.58706   -4.67860   -4.56697   -4.54737   -4.26127
   1800.17     85000   -3.61397   -4.90071   -4.95382   -4.96208   -4.33996
   1823.54     90000   -3.68920   -4.95678   -4.81714   -4.79742   -4.38643
   1846.91     95000   -3.76577   -4.81744   -4.67029   -4.64792   -4.39777
   1870.30    100000   -3.75216   -4.91343   -4.85356   -4.83984   -4.45495
   1893.68      5000   -3.80956   -5.16745   -5.20092   -5.20944   -4.53050
   1917.05     10000   -3.88599   -5.02827   -4.86505   -4.84210   -4.55029
   1940.44     15000   -3.90827   -4.99138   -4.87267   -4.85244   -4.57730
   1963.81     20000   -3.93004   -5.19548   -5.22736   -5.23014   -4.65405
   1987.19     25000   -4.00266   -5.29547   -5.17013   -5.15210   -4.70622
   2010.56     30000   -4.09084   -5.14179   -4.99062   -4.96800   -4.71677
   2033.96     35000   -4.07196   -5.21646   -5.14428   -5.12898   -4.76911
   2057.35     40000   -4.12447   -5.47692   -5.54114   -5.55701   -4.84704
   2080.73     45000   -4.19916   -5.36408   -5.20119   -5.17844   -4.87098
   2104.09     50000   -4.23019   -5.30604   -5.18085   -5.16007   -4.89383
   2127.46     55000   -4.24661   -5.49069   -5.50148   -5.49955   -4.96793
   2150.83     60000   -4.31874   -5.63233   -5.52652   -5.51091   -5.02562
   2174.19     65000   -4.40470   -5.46804   -5.31330   -5.29048   -5.03617
   2197.56     70000   -4.39202   -5.52133   -5.43819   -5.42158   -5.08353
   2220.94     75000   -4.43854   -5.78094   -5.86327   -5.88343   -5.16299
   2244.32     80000   -4.51275   -5.70138   -5.54023   -5.51782   -5.19168
   2267.70     85000   -4.55408   -5.62257   -5.49142   -5.47016   -5.21084
   2291.08     90000   -4.56402   -5.78688   -5.77796   -5.77218   -5.28170
   2314.46     95000   -4.63373   -5.96601   -5.88578   -5.87359   -5.34455
   2337.85    100000   -4.71645   -5.79618   -5.63837   -5.61541   -5.35593
   2361.23      5000   -4.71261   -5.82809   -5.73511   -5.71741   -5.39826
   2384.60     10000   -4.75269   -6.08075   -6.16601   -6.18580   -5.47840
   2407.97     15000   -4.82623   -6.03992   -5.88236   -5.86047   -5.51232
   2431.34     20000   -4.87906   -5.94095   -5.80434   -5.78267   -5.52834
   2454.71     25000   -4.88122   -6.08439   -6.05762   -6.04875   -5.59543
   2478.08     30000   -4.94882   -6.29517   -6.24664   -6.23920   -5.66294
   2501.45     35000   -5.02886   -6.12620   -5.96589   -5.94286   -5.67601
   2524.82     40000   -5.03239   -6.13671   -6.03489   -6.01627   -5.71337
   2548.19     45000   -5.06699   -6.37769   -6.45312   -6.46875   -5.79333
   2571.56     50000   -5.14163   -6.37928   -6.22775   -6.20662   -5.83280
   2594.94     55000   -5.20391   -6.26120   -6.11958   -6.09755   -5.84632
   2618.31     60000   -5.19991   -6.38348   -6.34075   -6.32939   -5.90920
   2641.68     65000   -5.26297   -6.61865   -6.60658   -6.60546   -5.98076
   2665.06     70000   -5.34078   -6.45807   -6.29594   -6.27289   -5.99636
   2688.43     75000   -5.35319   -6.44722   -6.33739   -6.31799   -6.02889
   2711.80     80000   -5.38177   -6.67305   -6.73081   -6.74066   -6.10786
   2735.18     85000   -5.45660   -6.71889   -6.57655   -6.55652   -6.15304
   2758.55     90000   -5.53081   -6.58330   -6.43713   -6.41479   -6.16477
   2781.93     95000   -5.51935   -6.68427   -6.62736   -6.61399   -6.22309
   2805.30    100000   -5.57787   -6.93578   -6.96130   -6.96786   -6.29799
   2828.68      5000   -5.65464   -6.79174   -6.62862   -6.60564   -6.31689
   2852.03     10000   -5.67489   -6.75959   -6.64248   -6.62241   -6.34485
   2875.38     15000   -5.69748   -6.96787   -7.00468   -7.00879   -6.42206
   2898.74     20000   -5.77057   -7.05794   -6.92884   -6.91038   -6.47297
   2922.09     25000   -5.85832   -6.90727   -6.75697   -6.73439   -6.48366
   2945.45     30000   -5.83851   -6.98687   -6.91735   -6.90234   -6.53717
   2968.81     35000   -5.89220   -7.24658   -7.30483   -7.31910   -6.61463
   2992.16     40000   -5.96731   -7.12713   -6.96405   -6.94125   -6.63755
   3015.52     45000   -5.99622   -7.07383   -6.95008   -6.92943   -6.66127
   3038.87     50000   -6.01384   -7.26296   -7.27849   -7.27762   -6.73602
   3062.23     55000   -6.08609   -7.39538   -7.28456   -7.26833   -6.79249
   3085.58     60000   -6.17367   -7.23312   -7.07915   -7.05636   -6.80297
   3108.94     65000   -6.15882   -7.29132   -7.21055   -7.19420   -6.85150
   3132.29     70000   -6.20639   -7.55172   -7.63130   -7.65081   -6.93068
   3155.65     75000   -6.28133   -7.46407   -7.30238   -7.27988   -6.95824
   3179.00     80000   -6.31998   -7.38992   -7.26009   -7.23895   -6.97818
   3202.35     85000   -6.33172   -7.55890   -7.55434   -7.54940   -7.04982
   3225.72     90000   -6.40151   -7.72993   -7.64328   -7.63021   -7.11154
   3249.09     95000   -6.48480   -7.56084   -7.40369   -7.38075   -7.12266
   3272.46    100000   -6.47938   -7.59764   -7.50681   -7.48933   -7.16615
   3295.83      5000   -6.52067   -7.85236   -7.93825   -7.95848   -7.24620
   3319.21     10000   -6.59420   -7.80233   -7.64377   -7.62174   -7.27889
   3342.58     15000   -6.64458   -7.70788   -7.57247   -7.55090   -7.29557
   3365.95     20000   -6.64833   -7.85610   -7.83323   -7.82502   -7.36356
   3389.32     25000   -6.71660   -8.06024   -8.00396   -7.99532   -7.43006
   3412.69     30000   -6.79779   -7.89044   -7.73065   -7.70762   -7.44268
   3436.06     35000   -6.79929   -7.90584   -7.80596   -7.78753   -7.48116
   3459.45     40000   -6.83504   -8.14984   -8.22839   -8.24517   -7.56124
   3482.82     45000   -6.90969   -8.14154   -7.98839   -7.96706   -7.59942
   3506.19     50000   -6.96934   -8.02769   -7.88718   -7.86523   -7.61344
   3529.56     55000   -6.96682   -8.15481   -8.11556   -8.10472   -7.67732
   3552.92     60000   -7.03107   -8.38510   -8.36443   -8.36175   -7.74802
   3576.28     65000   -7.10910   -8.22190   -8.06012   -8.03707   -7.76296
   3599.65     70000   -7.11948   -8.21592   -8.10785   -8.08861   -7.79658
   3623.01     75000   -7.14982   -8.44546   -8.50768   -8.51887   -7.87585
   3646.37     80000   -7.22422   -8.48115   -8.33639   -8.31608   -7.91972
   3669.74     85000   -7.29602   -8.34937   -8.20420   -8.18193   -7.93179
   3693.11     90000   -7.28661   -8.45520   -8.40138   -8.38844   -7.99117
   3716.48     95000   -7.34595   -8.70371   -8.72083   -8.72558   -8.06538
   3739.85    100000   -7.42306   -8.55517   -8.39219   -8.36919   -8.08346
   3763.21      5000   -7.44166   -8.52787   -8.41236   -8.39243   -8.11243
   3786.58     10000   -7.46493   -8.74032   -8.78202   -8.78737   -8.19012
   3809.93     15000   -7.53867   -8.82041   -8.68789   -8.66902   -8.23972
   3833.27     20000   -7.62370   -8.67291   -8.52351   -8.50098   -8.25059
   3856.62     25000   -7.60518   -8.75739   -8.69061   -8.67595   -8.30520
   3879.96     30000   -7.65997   -9.01592   -9.06749   -9.08012   -8.38215
   3903.31     35000   -7.73545   -8.89018   -8.72699   -8.70413   -8.40410
   3926.66     40000   -7.76239   -8.84168   -8.71940   -8.69887   -8.42875
   3950.00     45000   -7.78123   -9.03529   -9.05560   -9.05578   -8.50412
   3972.83     50000   -7.85359   -9.15832   -9.04284   -9.02603   -8.55934
   3995.42     55000   -7.94154   -8.99833   -8.84515   -8.82241   -8.56980
   4017.98     60000   -7.92575   -9.06141   -8.98309   -8.96703   -8.61947
   4040.59     65000   -7.97436   -9.32226   -9.39824   -9.41691   -8.69834
MyID= 0: Time=  0.1,has convergenced
     1685487 iterations for the convertgence of psi
 MyID=           0 has finish
