 START-UP FOR CHUNK...
     23.46      5000   -0.60673   -2.03388   -2.08610   -2.04792   -1.28797
     46.92     10000   -0.77909   -2.13909   -1.98085   -2.05054   -1.51078
     70.38     15000   -0.78571   -2.24445   -1.87186   -1.90806   -1.56492
     93.84     20000   -0.70890   -2.38698   -1.71816   -1.71724   -1.50389
    117.30     25000   -0.59248   -1.92666   -1.55185   -1.54593   -1.37633
    140.76     30000   -0.49887   -1.64428   -1.45604   -1.45751   -1.24718
    164.23     35000   -0.43271   -1.67854   -1.59396   -1.56685   -1.19263
    187.69     40000   -0.48526   -1.88615   -1.89909   -2.12744   -1.28556
    211.15     45000   -0.63399   -1.85704   -1.75103   -1.73196   -1.37112
    234.61     50000   -0.81905   -1.89226   -1.77065   -1.75349   -1.47122
    258.07     55000   -0.89825   -2.14487   -2.13172   -2.09023   -1.60184
    281.53     60000   -0.97566   -2.30195   -2.27584   -2.30647   -1.69033
    304.99     65000   -1.01649   -2.11231   -1.94782   -1.93773   -1.67342
    328.45     70000   -0.99491   -2.04414   -1.94088   -1.91120   -1.64837
    351.92     75000   -0.98584   -2.22838   -2.26976   -2.21578   -1.69495
    375.38     80000   -1.05922   -2.32853   -2.31740   -2.28644   -1.76586
    398.84     85000   -1.16752   -2.21351   -2.09014   -2.06824   -1.80125
    422.30     90000   -1.20072   -2.32498   -2.22575   -2.20287   -1.86820
    445.76     95000   -1.25645   -2.58150   -2.75848   -2.71193   -1.96710
    469.22    100000   -1.33578   -2.51122   -2.39107   -2.38430   -2.01154
 ITERATION...
    492.69      5000   -1.37875   -2.41141   -2.27641   -2.25682   -2.00566
    516.15     10000   -1.35733   -2.53130   -2.48164   -2.44551   -2.04632
    539.61     15000   -1.41194   -2.75371   -2.86560   -2.84912   -2.12796
    563.07     20000   -1.50696   -2.61315   -2.48888   -2.46781   -2.16681
    586.53     25000   -1.54523   -2.62426   -2.50284   -2.47805   -2.20146
    609.99     30000   -1.57784   -2.85616   -2.87625   -2.83839   -2.28496
    633.45     35000   -1.66002   -2.92411   -2.88098   -2.86766   -2.35685
    656.91     40000   -1.73353   -2.78005   -2.64362   -2.62559   -2.36626
    680.37     45000   -1.72218   -2.84552   -2.75004   -2.72368   -2.39734
    703.84     50000   -1.76041   -3.09908   -3.24335   -3.20433   -2.47930
    727.30     55000   -1.85120   -3.02651   -2.92190   -2.90653   -2.53273
    750.76     60000   -1.91888   -2.95906   -2.82911   -2.80691   -2.55201
    774.22     65000   -1.92374   -3.12120   -3.06652   -3.03451   -2.61575
    797.68     70000   -1.98950   -3.33144   -3.41150   -3.39221   -2.70092
    821.14     75000   -2.07242   -3.16749   -3.03739   -3.01944   -2.72760
    844.60     80000   -2.08751   -3.16766   -3.05202   -3.02769   -2.74794
    868.07     85000   -2.11095   -3.39153   -3.42511   -3.38951   -2.82225
    891.53     90000   -2.19592   -3.45398   -3.40152   -3.38791   -2.89300
    914.99     95000   -2.28223   -3.32149   -3.18778   -3.16781   -2.91056
    938.45    100000   -2.27791   -3.40878   -3.31647   -3.28931   -2.95426
    961.92      5000   -2.32292   -3.67063   -3.82492   -3.78471   -3.04116
    985.38     10000   -2.41168   -3.57724   -3.46381   -3.44856   -3.08872
   1008.84     15000   -2.46454   -3.50952   -3.38113   -3.35866   -3.10202
   1032.30     20000   -2.46762   -3.67074   -3.62729   -3.59561   -3.16229
   1055.76     25000   -2.53387   -3.86791   -3.92906   -3.91478   -3.24539
   1079.22     30000   -2.62002   -3.70847   -3.57684   -3.55844   -3.27303
   1102.69     35000   -2.63749   -3.72335   -3.60828   -3.58358   -3.29974
   1126.15     40000   -2.66651   -3.95685   -4.00632   -3.96738   -3.37858
   1149.61     45000   -2.75186   -3.99970   -3.93495   -3.92184   -3.44643
   1173.07     50000   -2.83444   -3.87182   -3.73701   -3.71684   -3.46063
   1196.53     55000   -2.82532   -3.96430   -3.87668   -3.84880   -3.50391
   1219.99     60000   -2.87165   -4.22190   -4.37949   -4.34516   -3.59007
   1243.45     65000   -2.96106   -4.11582   -3.99921   -3.98338   -3.63579
   1266.92     70000   -3.01067   -4.06047   -3.93208   -3.90941   -3.65176
   1290.38     75000   -3.01833   -4.23318   -4.19613   -4.16342   -3.71588
   1313.84     80000   -3.08849   -4.41375   -4.45796   -4.44329   -3.79793
   1337.30     85000   -3.17254   -4.25430   -4.12159   -4.10332   -3.82256
   1360.76     90000   -3.18613   -4.27751   -4.16483   -4.13988   -3.84990
   1384.22     95000   -3.21611   -4.51657   -4.58101   -4.54190   -3.92952
   1407.68    100000   -3.30230   -4.53801   -4.46421   -4.45092   -3.99512
   1431.14      5000   -3.38630   -4.41856   -4.28420   -4.26366   -4.00945
   1454.61     10000   -3.37540   -4.52212   -4.43811   -4.40972   -4.05590
   1478.07     15000   -3.42490   -4.77708   -4.93545   -4.90160   -4.14249
   1501.53     20000   -3.51306   -4.65779   -4.53885   -4.52268   -4.18515
   1524.99     25000   -3.55661   -4.61138   -4.48482   -4.46203   -4.20149
   1548.45     30000   -3.56740   -4.79274   -4.76488   -4.73184   -4.26741
   1571.92     35000   -3.64013   -4.95662   -4.98127   -4.96804   -4.34808
   1595.38     40000   -3.72454   -4.79816   -4.66490   -4.64632   -4.37108
   1618.84     45000   -3.73480   -4.83137   -4.72131   -4.69596   -4.40073
   1642.30     50000   -3.76794   -5.07678   -5.15686   -5.11635   -4.48192
   1665.76     55000   -3.85390   -5.07869   -4.99722   -4.98339   -4.54490
   1689.22     60000   -3.93879   -4.96667   -4.83319   -4.81237   -4.55860
   1712.68     65000   -3.92485   -5.07933   -5.00063   -4.97192   -4.60723
   1736.14     70000   -3.97644   -5.32950   -5.48162   -5.45239   -4.69377
   1759.61     75000   -4.06492   -5.19938   -5.07753   -5.06107   -4.73385
   1783.07     80000   -4.10303   -5.16241   -5.03730   -5.01421   -4.75140
   1806.53     85000   -4.11764   -5.35265   -5.33441   -5.30043   -4.81957
   1829.99     90000   -4.19229   -5.49975   -5.50737   -5.49428   -4.89867
   1853.45     95000   -4.27710   -5.34359   -5.20981   -5.19095   -4.91985
   1876.91    100000   -4.28312   -5.38601   -5.27892   -5.25323   -4.95146
   1900.37      5000   -4.31837   -5.63624   -5.73255   -5.69188   -5.03384
   1923.84     10000   -4.40570   -5.61882   -5.52980   -5.51572   -5.09424
   1947.30     15000   -4.48933   -5.51502   -5.38199   -5.36090   -5.10779
   1970.76     20000   -4.47433   -5.63710   -5.56352   -5.53425   -5.15887
   1994.22     25000   -4.52883   -5.88096   -6.02326   -5.99693   -5.24523
   2017.68     30000   -4.61611   -5.74196   -5.61771   -5.60094   -5.28265
   2041.14     35000   -4.65005   -5.71426   -5.59075   -5.56739   -5.30138
   2064.61     40000   -4.66790   -5.91303   -5.90529   -5.87060   -5.37159
   2088.07     45000   -4.74483   -6.04182   -6.03289   -6.02019   -5.44898
   2111.53     50000   -4.82833   -5.88908   -5.75477   -5.73564   -5.46860
   2134.99     55000   -4.83204   -5.94099   -5.83677   -5.81069   -5.50237
   2158.45     60000   -4.86894   -6.19529   -6.30740   -6.26617   -5.58585
   2181.92     65000   -4.95744   -6.15930   -6.06397   -6.04954   -5.64355
   2205.38     70000   -5.03398   -6.06395   -5.93163   -5.91028   -5.65706
   2228.84     75000   -5.02382   -6.19540   -6.12747   -6.09772   -5.71052
   2252.30     80000   -5.08114   -6.43110   -6.55880   -6.53601   -5.79650
   2275.76     85000   -5.16744   -6.28462   -6.15819   -6.14114   -5.83138
   2299.23     90000   -5.19741   -6.26633   -6.14447   -6.12081   -5.85148
   2322.69     95000   -5.21724   -6.47348   -6.47694   -6.44135   -5.92368
   2346.15    100000   -5.29683   -6.58339   -6.55979   -6.54708   -5.99919
   2369.61      5000   -5.38010   -6.43507   -6.30053   -6.28113   -6.01739
   2393.07     10000   -5.38120   -6.49642   -6.39542   -6.36899   -6.05336
   2416.53     15000   -5.42003   -6.75373   -6.88074   -6.83974   -6.13778
   2440.00     20000   -5.50847   -6.69979   -6.59873   -6.58399   -6.19275
   2463.46     25000   -5.57896   -6.61314   -6.48161   -6.45999   -6.20642
   2486.92     30000   -5.57274   -6.75394   -6.69209   -6.66177   -6.26226
   2510.38     35000   -5.63321   -6.97991   -7.09050   -7.07043   -6.34768
   2533.84     40000   -5.71930   -6.82773   -6.69953   -6.68218   -6.38009
   2557.30     45000   -5.74468   -6.81885   -6.69885   -6.67490   -6.40168
   2580.76     50000   -5.76711   -7.03405   -7.04971   -7.01329   -6.47577
   2604.21     55000   -5.84881   -7.12442   -7.08732   -7.07458   -6.54925
   2627.68     60000   -5.93243   -6.98138   -6.84670   -6.82704   -6.56623
   2651.17     65000   -5.93017   -7.05219   -6.95460   -6.92778   -6.60446
   2674.67     70000   -5.97167   -7.31134   -7.45150   -7.41105   -6.68965
   2698.16     75000   -6.06003   -7.24055   -7.13451   -7.11944   -6.74187
   2721.66     80000   -6.12425   -7.16277   -7.03217   -7.01029   -6.75586
   2745.16     85000   -6.12220   -7.31286   -7.25765   -7.22676   -6.81407
   2768.65     90000   -6.18585   -7.52741   -7.61891   -7.60124   -6.89873
   2792.13     95000   -6.27173   -7.37117   -7.24142   -7.22378   -6.92879
   2815.60    100000   -6.29250   -7.37172   -7.25370   -7.22944   -6.95199
   2839.07      5000   -6.31753   -7.59460   -7.62337   -7.58603   -7.02788
   2862.55     10000   -6.40135   -7.66511   -7.61597   -7.60306   -7.09919
   2886.02     15000   -6.48531   -7.52811   -7.39347   -7.37354   -7.11512
   2909.49     20000   -6.47969   -7.60837   -7.51450   -7.48727   -7.15565
   2932.97     25000   -6.52302   -7.86806   -8.01854   -7.97944   -7.24145
   2956.44     30000   -6.61215   -7.78151   -7.67105   -7.65567   -7.29090
   2979.92     35000   -6.66956   -7.71276   -7.58319   -7.56104   -7.30541
   3003.39     40000   -6.67221   -7.87208   -7.82406   -7.79254   -7.36594
   3026.86     45000   -6.73783   -8.07369   -8.14544   -8.12953   -7.44965
   3050.34     50000   -6.82343   -7.91500   -7.78398   -7.76606   -7.47747
   3073.81     55000   -6.84088   -7.92499   -7.80913   -7.78456   -7.50241
   3097.29     60000   -6.86848   -8.15511   -8.19791   -8.15969   -7.57998
   3120.77     65000   -6.95344   -8.20555   -8.14556   -8.13244   -7.64900
   3144.24     70000   -7.03688   -8.07522   -7.94073   -7.92053   -7.66407
   3167.72     75000   -7.02934   -8.16492   -8.07503   -8.04739   -7.70694
   3191.19     80000   -7.07468   -8.42375   -8.58073   -8.54364   -7.79317
   3214.66     85000   -7.16427   -8.32277   -8.20844   -8.19274   -7.83985
   3238.13     90000   -7.21546   -8.26315   -8.13473   -8.11232   -7.85504
   3261.60     95000   -7.22149   -8.43161   -8.39141   -8.35923   -7.91786
   3285.07    100000   -7.29009   -8.61883   -8.67083   -8.65624   -8.00045
   3308.54      5000   -7.37481   -8.45922   -8.32713   -8.30892   -8.02616
   3332.01     10000   -7.38981   -8.47865   -8.36509   -8.34020   -8.05293
   3355.48     15000   -7.41914   -8.71546   -8.77314   -8.73403   -8.13207
   3378.95     20000   -7.50529   -8.74584   -8.67619   -8.66282   -8.19869
   3402.42     25000   -7.58858   -8.62273   -8.48852   -8.46806   -8.21308
   3425.89     30000   -7.57860   -8.72186   -8.63629   -8.60821   -8.25832
   3449.36     35000   -7.62688   -8.97831   -9.13709   -9.10274   -8.34481
   3472.83     40000   -7.71546   -8.86432   -8.74659   -8.73058   -8.38875
   3496.29     45000   -7.76152   -8.81392   -8.68677   -8.66408   -8.40478
   3519.76     50000   -7.77082   -8.99140   -8.95970   -8.92683   -8.46983
   3543.23     55000   -7.84272   -9.16295   -9.19586   -9.18216   -8.55111
   3566.70     60000   -7.92674   -9.00382   -8.87087   -8.85239   -8.57486
   3590.17     65000   -7.93867   -9.03270   -8.92163   -8.89641   -8.60357
   3613.64     70000   -7.97034   -9.27557   -9.34882   -9.30891   -8.68413
MyID= 0: Time=  0.1,has convergenced
     1686664 iterations for the convertgence of psi
 MyID=           0 has finish
