 START-UP FOR CHUNK...
     23.48      5000   -0.54662   -1.99921   -1.85429   -1.76815   -1.27926
     46.89     10000   -0.64255   -2.18261   -1.70964   -1.78346   -1.44335
     70.29     15000   -0.59046   -2.24896   -1.60706   -1.65922   -1.42052
     93.68     20000   -0.49989   -2.02829   -1.51152   -1.50365   -1.33305
    117.09     25000   -0.43590   -1.64560   -1.46253   -1.44847   -1.24054
    140.49     30000   -0.40197   -1.70772   -1.62893   -1.61450   -1.20881
    163.89     35000   -0.45729   -1.95261   -1.82493   -1.96258   -1.34126
    187.29     40000   -0.66542   -1.90491   -1.81129   -1.79520   -1.44936
    210.69     45000   -0.87122   -1.95804   -1.81927   -1.84336   -1.54806
    234.09     50000   -0.94003   -2.25438   -2.15546   -2.12856   -1.67196
    257.49     55000   -1.01939   -2.40822   -2.37446   -2.38547   -1.79376
    280.89     60000   -1.11704   -2.32270   -2.09979   -2.11942   -1.82166
    304.29     65000   -1.16000   -2.18674   -2.06106   -2.03339   -1.80265
    327.69     70000   -1.13072   -2.33000   -2.26345   -2.21442   -1.83718
    351.09     75000   -1.18379   -2.59856   -2.63354   -2.53202   -1.93306
    374.49     80000   -1.31363   -2.42259   -2.35123   -2.30623   -1.99502
    397.89     85000   -1.42043   -2.41132   -2.30239   -2.29384   -2.03048
    421.29     90000   -1.42484   -2.64527   -2.55625   -2.54026   -2.10516
    444.69     95000   -1.49398   -2.84929   -2.93938   -2.86014   -2.21176
    468.10    100000   -1.60929   -2.70213   -2.55921   -2.56999   -2.26405
 ITERATION...
    491.50      5000   -1.64803   -2.66367   -2.52827   -2.51646   -2.27056
    514.90     10000   -1.64030   -2.85050   -2.77693   -2.72079   -2.32165
    538.30     15000   -1.70328   -3.12001   -3.16395   -3.07379   -2.41942
    561.70     20000   -1.82710   -2.91119   -2.80260   -2.77653   -2.47846
    585.10     25000   -1.87197   -2.89376   -2.77966   -2.75754   -2.50345
    608.50     30000   -1.89218   -3.12116   -3.04511   -3.01158   -2.57003
    631.90     35000   -1.96252   -3.33002   -3.38725   -3.30332   -2.67070
    655.30     40000   -2.07997   -3.13415   -3.01462   -3.01062   -2.72263
    678.70     45000   -2.09872   -3.13334   -3.00382   -2.99449   -2.73842
    702.10     50000   -2.11761   -3.35704   -3.28631   -3.23691   -2.79968
    725.50     55000   -2.18798   -3.57211   -3.58901   -3.52751   -2.89793
    748.90     60000   -2.30874   -3.36921   -3.24635   -3.23379   -2.94967
    772.30     65000   -2.32777   -3.37368   -3.25482   -3.23233   -2.97228
    795.70     70000   -2.35822   -3.61725   -3.55730   -3.50702   -3.04099
    819.10     75000   -2.43325   -3.79798   -3.79583   -3.73407   -3.13965
    842.50     80000   -2.55090   -3.58767   -3.46818   -3.45662   -3.18619
    865.90     85000   -2.55672   -3.60718   -3.48507   -3.47099   -3.20658
    889.31     90000   -2.58843   -3.85953   -3.80380   -3.75286   -3.27543
    912.71     95000   -2.66702   -4.01200   -3.99916   -3.95306   -3.37268
    936.11    100000   -2.78453   -3.82129   -3.69595   -3.68738   -3.41706
    959.51      5000   -2.78807   -3.85166   -3.73230   -3.71217   -3.44076
    982.91     10000   -2.82583   -4.11733   -4.07713   -4.01559   -3.51415
   1006.31     15000   -2.90835   -4.24350   -4.19946   -4.15994   -3.61083
   1029.71     20000   -3.02284   -4.04679   -3.92196   -3.90940   -3.65121
   1053.11     25000   -3.01892   -4.08684   -3.96910   -3.95008   -3.67534
   1076.51     30000   -3.05933   -4.36346   -4.33036   -4.26886   -3.75058
   1099.91     35000   -3.14554   -4.45343   -4.40947   -4.37338   -3.84557
   1123.31     40000   -3.25870   -4.27667   -4.15090   -4.14147   -3.88324
   1146.71     45000   -3.25091   -4.33113   -4.21426   -4.19448   -3.90981
   1170.11     50000   -3.29460   -4.61873   -4.60319   -4.53143   -3.98840
   1193.51     55000   -3.38551   -4.67843   -4.60973   -4.58338   -4.08213
   1216.91     60000   -3.49519   -4.50662   -4.37810   -4.36648   -4.11662
   1240.31     65000   -3.48311   -4.57013   -4.45517   -4.43308   -4.14476
   1263.71     70000   -3.52972   -4.86850   -4.86371   -4.78663   -4.22564
   1287.12     75000   -3.62402   -4.89383   -4.82346   -4.79615   -4.31721
   1310.51     80000   -3.73139   -4.73623   -4.60943   -4.59837   -4.34905
   1333.91     85000   -3.71671   -4.81385   -4.70076   -4.67911   -4.37959
   1357.31     90000   -3.76422   -5.12123   -5.13535   -5.05020   -4.46323
   1380.70     95000   -3.86348   -5.11289   -5.02776   -5.00791   -4.55288
   1404.10    100000   -3.96765   -4.96746   -4.83764   -4.82642   -4.58218
   1427.50      5000   -3.95021   -5.05576   -4.94393   -4.91980   -4.61488
   1450.89     10000   -3.99898   -5.37204   -5.40033   -5.30545   -4.70076
   1474.29     15000   -4.10245   -5.33243   -5.24316   -5.22276   -4.78781
   1497.69     20000   -4.20342   -5.19873   -5.07079   -5.05870   -4.81481
   1521.09     25000   -4.18316   -5.29996   -5.19126   -5.16672   -4.85009
   1544.48     30000   -4.23455   -5.62254   -5.66972   -5.56771   -4.93831
   1567.88     35000   -4.34160   -5.55005   -5.45231   -5.43601   -5.02287
   1591.28     40000   -4.43982   -5.43039   -5.30061   -5.28891   -5.04791
   1614.68     45000   -4.41662   -5.54364   -5.43623   -5.40988   -5.08572
   1638.08     50000   -4.47003   -5.87100   -5.93358   -5.82111   -5.17590
   1661.48     55000   -4.58068   -5.77112   -5.66918   -5.65333   -5.25744
   1684.87     60000   -4.67485   -5.66341   -5.53499   -5.52226   -5.28071
   1708.27     65000   -4.65082   -5.78909   -5.68559   -5.65783   -5.32130
   1731.67     70000   -4.70500   -6.11840   -6.19567   -6.07814   -5.41343
   1755.07     75000   -4.81948   -5.99001   -5.88245   -5.86855   -5.49201
   1778.46     80000   -4.91112   -5.89589   -5.76672   -5.75408   -5.51389
   1801.86     85000   -4.88470   -6.03411   -5.93261   -5.90331   -5.55726
   1825.25     90000   -4.94075   -6.36206   -6.45013   -6.32614   -5.65096
   1848.65     95000   -5.05854   -6.21175   -6.10116   -6.08795   -5.72618
   1872.05    100000   -5.14051   -6.13026   -6.00214   -5.98876   -5.74688
   1895.44      5000   -5.11952   -6.28099   -6.18399   -6.15271   -5.79320
   1918.84     10000   -5.17729   -6.60432   -6.69584   -6.57349   -5.88841
   1942.23     15000   -5.29690   -6.43255   -6.31768   -6.30549   -5.96032
   1965.63     20000   -5.36633   -6.36400   -6.23574   -6.22205   -5.98021
   1989.03     25000   -5.35501   -6.52739   -6.43344   -6.40031   -6.02947
   2012.42     30000   -5.41463   -6.84193   -6.93261   -6.81197   -6.12580
   2035.82     35000   -5.53486   -6.65521   -6.53842   -6.52667   -6.19410
   2059.22     40000   -5.59267   -6.59949   -6.47230   -6.45804   -6.21343
   2082.61     45000   -5.59052   -6.77567   -6.68694   -6.65150   -6.26575
   2106.01     50000   -5.65214   -7.07736   -7.15670   -7.04659   -6.36309
   2129.40     55000   -5.77300   -6.87775   -6.75765   -6.74656   -6.42786
   2152.80     60000   -5.81953   -6.83464   -6.70764   -6.69285   -6.44697
   2176.19     65000   -5.82470   -7.02356   -6.93911   -6.90122   -6.50232
   2199.59     70000   -5.88993   -7.30867   -7.37507   -7.27386   -6.60028
   2222.99     75000   -6.01023   -7.10167   -6.98036   -6.96941   -6.66131
   2246.39     80000   -6.04746   -7.07124   -6.94546   -6.93010   -6.68046
   2269.78     85000   -6.05967   -7.27318   -7.19497   -7.15435   -6.73892
   2293.18     90000   -6.12724   -7.53721   -7.58307   -7.49647   -6.83734
   2316.58     95000   -6.24780   -7.32575   -7.20198   -7.19147   -6.89475
   2339.98    100000   -6.27616   -7.30779   -7.18245   -7.16646   -6.91425
   2363.37      5000   -6.29543   -7.52255   -7.45009   -7.40627   -6.97576
   2386.77     10000   -6.36446   -7.76290   -7.79048   -7.71463   -7.07425
   2410.16     15000   -6.48513   -7.55109   -7.42652   -7.41596   -7.12793
   2433.56     20000   -6.50515   -7.54558   -7.42163   -7.40497   -7.14804
   2456.96     25000   -6.53072   -7.77342   -7.70866   -7.66143   -7.21264
   2480.36     30000   -6.60255   -7.98602   -7.99210   -7.92921   -7.31101
   2503.76     35000   -6.72205   -7.77664   -7.65032   -7.63999   -7.36111
   2527.16     40000   -6.73469   -7.78349   -7.66024   -7.64288   -7.38211
   2550.56     45000   -6.76474   -8.02413   -7.96693   -7.91560   -7.44973
   2573.96     50000   -6.84096   -8.20755   -8.19621   -8.14225   -7.54757
   2597.36     55000   -6.95954   -8.00339   -7.87655   -7.86608   -7.59409
   2620.76     60000   -6.96519   -8.02253   -7.90085   -7.88271   -7.61623
   2644.17     65000   -6.99943   -8.27607   -8.22850   -8.17278   -7.68686
   2667.57     70000   -7.07933   -8.42729   -8.39779   -8.35323   -7.78397
   2690.97     75000   -7.19575   -8.23038   -8.10235   -8.09193   -7.82710
   2714.37     80000   -7.19643   -8.26177   -8.14111   -8.12219   -7.85061
   2737.77     85000   -7.23494   -8.52777   -8.49009   -8.42912   -7.92415
   2761.18     90000   -7.31845   -8.64640   -8.60282   -8.56460   -8.02015
   2784.58     95000   -7.43257   -8.45850   -8.33019   -8.31956   -8.05995
   2807.99    100000   -7.42786   -8.50211   -8.38321   -8.36340   -8.08507
   2831.41      5000   -7.46939   -8.78037   -8.75477   -8.68809   -8.16147
   2854.82     10000   -7.55712   -8.86456   -8.80705   -8.77509   -8.25614
   2878.24     15000   -7.66912   -8.68691   -8.55783   -8.54711   -8.29285
   2901.65     20000   -7.65980   -8.74271   -8.62519   -8.60445   -8.31979
   2925.06     25000   -7.70433   -9.03250   -9.01958   -8.94620   -8.39892
   2948.47     30000   -7.79635   -9.08276   -9.01465   -8.98691   -8.49188
   2971.86     35000   -7.90519   -8.91636   -8.78722   -8.77623   -8.52564
   2995.25     40000   -7.89262   -8.98436   -8.86888   -8.84713   -8.55461
   3018.64     45000   -7.93963   -9.28500   -9.28693   -9.20632   -8.63638
MyID= 0: Time=  0.1,has convergenced
     1683068 iterations for the convertgence of psi
 MyID=           0 has finish
