 START-UP FOR CHUNK...
     23.45      5000   -0.62326   -2.03926   -2.16135   -2.15904   -1.28948
     46.80     10000   -0.81873   -2.12960   -2.08673   -2.16006   -1.52416
     70.14     15000   -0.85079   -2.22310   -1.98030   -2.01543   -1.60637
     93.50     20000   -0.79485   -2.47213   -1.82237   -1.81927   -1.57457
    116.85     25000   -0.67754   -2.05833   -1.63265   -1.63035   -1.45124
    140.21     30000   -0.55997   -1.75481   -1.48363   -1.48510   -1.30194
    163.56     35000   -0.46538   -1.61267   -1.48287   -1.47547   -1.19252
    186.91     40000   -0.46430   -1.79246   -1.80106   -1.81342   -1.21952
    210.26     45000   -0.57208   -1.91558   -1.83105   -1.83150   -1.31902
    233.61     50000   -0.72852   -1.81990   -1.69493   -1.68031   -1.40084
    256.97     55000   -0.84395   -2.01241   -1.92277   -1.88032   -1.52913
    280.32     60000   -0.92562   -2.29730   -2.40895   -2.43590   -1.64264
    303.67     65000   -0.98084   -2.16255   -1.99467   -1.97964   -1.65371
    327.03     70000   -0.98673   -2.00671   -1.87752   -1.85113   -1.61292
    350.38     75000   -0.93732   -2.09550   -2.06281   -2.03080   -1.63046
    373.73     80000   -0.98045   -2.30025   -2.40642   -2.39247   -1.70105
    397.09     85000   -1.08203   -2.18609   -2.06339   -2.04235   -1.74306
    420.44     90000   -1.14259   -2.22380   -2.10573   -2.08828   -1.80001
    443.79     95000   -1.18973   -2.46029   -2.52530   -2.49420   -1.89814
    467.14    100000   -1.26712   -2.52577   -2.43226   -2.43139   -1.95843
 ITERATION...
    490.49      5000   -1.32111   -2.37268   -2.22432   -2.20421   -1.95125
    513.85     10000   -1.29381   -2.42205   -2.34548   -2.31467   -1.97548
    537.20     15000   -1.33023   -2.67217   -2.80896   -2.80793   -2.05249
    560.56     20000   -1.42099   -2.58607   -2.46505   -2.44128   -2.09917
    583.92     25000   -1.48358   -2.54356   -2.41367   -2.39070   -2.12982
    607.27     30000   -1.50498   -2.73100   -2.70457   -2.68132   -2.20823
    630.62     35000   -1.57884   -2.88624   -2.89340   -2.88349   -2.28481
    653.98     40000   -1.64971   -2.73082   -2.58593   -2.56871   -2.29596
    677.32     45000   -1.64762   -2.75009   -2.64539   -2.62168   -2.31914
    700.68     50000   -1.67562   -2.98462   -3.08276   -3.06331   -2.39613
    724.03     55000   -1.76015   -2.98145   -2.87729   -2.86121   -2.45217
    747.38     60000   -1.84395   -2.88192   -2.74648   -2.72323   -2.47093
    770.74     65000   -1.84013   -3.01433   -2.94903   -2.92292   -2.53203
    794.09     70000   -1.90063   -3.24852   -3.34875   -3.33805   -2.61597
    817.44     75000   -1.97950   -3.10003   -2.96349   -2.94404   -2.64181
    840.80     80000   -2.00078   -3.07721   -2.95815   -2.93534   -2.66017
    864.15     85000   -2.01875   -3.28070   -3.30657   -3.28469   -2.73239
    887.51     90000   -2.09865   -3.37369   -3.31480   -3.30229   -2.79995
    910.88     95000   -2.18478   -3.23462   -3.09499   -3.07388   -2.81634
    934.23    100000   -2.18165   -3.31106   -3.22145   -3.19657   -2.86194
    957.58      5000   -2.22728   -3.56817   -3.71061   -3.69525   -2.94730
    980.94     10000   -2.30968   -3.48321   -3.35717   -3.33945   -2.98818
   1004.30     15000   -2.35749   -3.41283   -3.28342   -3.26033   -3.00182
   1027.65     20000   -2.36271   -3.57295   -3.54407   -3.51947   -3.06535
   1051.01     25000   -2.43187   -3.75720   -3.77536   -3.76764   -3.14274
   1074.36     30000   -2.51499   -3.60026   -3.45975   -3.43921   -3.16391
   1097.71     35000   -2.52655   -3.62425   -3.51543   -3.49154   -3.19616
   1121.07     40000   -2.55896   -3.86225   -3.94804   -3.92525   -3.27778
   1144.42     45000   -2.64142   -3.87199   -3.77255   -3.75745   -3.33370
   1167.77     50000   -2.72238   -3.75862   -3.62126   -3.59934   -3.34550
   1191.13     55000   -2.70757   -3.87029   -3.80337   -3.77826   -3.39780
   1214.48     60000   -2.76360   -4.11099   -4.22551   -4.22170   -3.48096
   1237.83     65000   -2.84573   -3.97646   -3.84040   -3.82119   -3.51226
   1261.19     70000   -2.87661   -3.94955   -3.82694   -3.80343   -3.53394
   1284.54     75000   -2.89625   -4.14974   -4.16311   -4.13785   -3.60775
   1307.89     80000   -2.97464   -4.26080   -4.21357   -4.20136   -3.67696
   1331.24     85000   -3.05707   -4.11415   -3.97328   -3.95227   -3.69132
   1354.59     90000   -3.05315   -4.17672   -4.08334   -4.05894   -3.73149
   1377.94     95000   -3.09479   -4.42947   -4.56584   -4.55249   -3.81539
   1401.29    100000   -3.17863   -4.36125   -4.23939   -4.22217   -3.86009
   1424.64      5000   -3.23427   -4.28546   -4.15337   -4.13068   -3.87494
   1448.00     10000   -3.23740   -4.43894   -4.40036   -4.37478   -3.93802
   1471.35     15000   -3.30473   -4.63665   -4.67576   -4.66802   -4.01698
   1494.70     20000   -3.38629   -4.48038   -4.34029   -4.32019   -4.03873
   1518.06     25000   -3.40004   -4.49316   -4.38172   -4.35788   -4.06746
   1541.41     30000   -3.42962   -4.72444   -4.79494   -4.77272   -4.14721
   1564.76     35000   -3.51227   -4.75215   -4.66050   -4.64569   -4.20614
   1588.11     40000   -3.59712   -4.63222   -4.49407   -4.47224   -4.21881
   1611.47     45000   -3.58210   -4.73606   -4.66260   -4.63756   -4.26956
   1634.82     50000   -3.63505   -4.98253   -5.11240   -5.10541   -4.35345
   1658.17     55000   -3.71677   -4.85740   -4.72376   -4.70502   -4.38675
   1681.52     60000   -3.75172   -4.82036   -4.69615   -4.67294   -4.40624
   1704.88     65000   -3.76775   -5.01155   -5.01388   -4.98894   -4.47780
   1728.23     70000   -3.84465   -5.14107   -5.10677   -5.09568   -4.54927
   1751.59     75000   -3.92674   -4.99006   -4.84912   -4.82816   -4.56500
   1774.94     80000   -3.92740   -5.04364   -4.94624   -4.92181   -4.60322
   1798.29     85000   -3.96602   -5.29496   -5.42265   -5.40585   -4.68682
   1821.65     90000   -4.05063   -5.24369   -5.12644   -5.10950   -4.73413
   1845.00     95000   -4.11103   -5.15851   -5.02528   -5.00280   -4.74794
   1868.35    100000   -4.11033   -5.30220   -5.25625   -5.23100   -4.80853
   1891.70      5000   -4.17555   -5.51259   -5.57049   -5.56416   -4.88883
   1915.05     10000   -4.25651   -5.35883   -5.21928   -5.19942   -4.91265
   1938.41     15000   -4.27473   -5.36216   -5.24786   -5.22407   -4.93955
   1961.76     20000   -4.30245   -5.58688   -5.64300   -5.61944   -5.01809
   1985.11     25000   -4.38308   -5.63500   -5.55195   -5.53765   -5.07958
   2008.46     30000   -4.46817   -5.50752   -5.36861   -5.34693   -5.09233
   2031.81     35000   -4.45604   -5.60153   -5.52292   -5.49806   -5.14055
   2055.16     40000   -4.50589   -5.85199   -5.99044   -5.98284   -5.22476
   2078.51     45000   -4.58778   -5.73797   -5.60635   -5.58791   -5.26069
   2101.86     50000   -4.62741   -5.69157   -5.56524   -5.54215   -5.27884
   2125.18     55000   -4.64053   -5.87403   -5.86549   -5.84023   -5.34852
   2148.51     60000   -4.71512   -6.02164   -6.00280   -5.99250   -5.42201
   2171.84     65000   -4.79672   -5.86741   -5.72636   -5.70560   -5.43887
   2195.17     70000   -4.80084   -5.91126   -5.81018   -5.78589   -5.47474
   2218.49     75000   -4.83730   -6.15931   -6.27524   -6.25689   -5.55770
   2241.82     80000   -4.92089   -6.12573   -6.01320   -5.99671   -5.60782
   2265.15     85000   -4.98820   -6.03182   -5.89717   -5.87483   -5.62107
   2288.47     90000   -4.98412   -6.16611   -6.11278   -6.08752   -5.67938
   2311.80     95000   -5.04591   -6.38776   -6.46550   -6.45959   -5.76082
   2335.13    100000   -5.12740   -6.23813   -6.09954   -6.07993   -5.78669
   2358.46      5000   -5.14995   -6.23183   -6.11491   -6.09127   -5.81165
   2381.78     10000   -5.17405   -6.44923   -6.49144   -6.46741   -5.88873
   2405.11     15000   -5.25422   -6.51714   -6.44358   -6.42997   -5.95277
   2428.43     20000   -5.33808   -6.38292   -6.24327   -6.22175   -5.96592
   2451.76     25000   -5.32937   -6.46734   -6.38373   -6.35894   -6.01174
   2475.09     30000   -5.37626   -6.72037   -6.86343   -6.85384   -6.09610
   2498.41     35000   -5.45941   -6.61908   -6.49011   -6.47199   -6.13465
   2521.74     40000   -5.50291   -6.56329   -6.43512   -6.41217   -6.15152
   2545.06     45000   -5.51379   -6.73677   -6.71823   -6.69294   -6.21916
   2568.39     50000   -5.58610   -6.90122   -6.89888   -6.88955   -6.29454
   2591.71     55000   -5.66728   -6.74491   -6.60391   -6.58335   -6.31278
   2615.03     60000   -5.67466   -6.77913   -6.67457   -6.65039   -6.34641
   2638.35     65000   -5.70885   -7.02297   -7.12554   -7.10546   -6.42857
   2661.68     70000   -5.79163   -7.00806   -6.90115   -6.88511   -6.48146
   2685.00     75000   -5.86591   -6.90560   -6.76976   -6.74757   -6.49429
   2708.33     80000   -5.85730   -7.03039   -6.97032   -6.94515   -6.55024
   2731.65     85000   -5.91653   -7.26158   -7.35789   -7.35237   -6.63265
   2754.98     90000   -5.99886   -7.11768   -6.98026   -6.96090   -6.66072
   2778.30     95000   -6.02391   -7.10181   -6.98241   -6.95889   -6.68387
   2801.62    100000   -6.04577   -7.31145   -7.34037   -7.31586   -6.75938
   2824.95      5000   -6.12578   -7.39912   -7.33640   -7.32349   -6.82586
   2848.27     10000   -6.20855   -7.25878   -7.11858   -7.09724   -6.83958
   2871.60     15000   -6.20219   -7.33358   -7.24535   -7.22068   -6.88299
   2894.93     20000   -6.24700   -7.58759   -7.73036   -7.71871   -6.96732
   2918.25     25000   -6.33051   -7.50043   -7.37450   -7.35672   -7.00856
   2941.58     30000   -6.37901   -7.43536   -7.30545   -7.28264   -7.02431
   2964.90     35000   -6.38698   -7.59971   -7.57186   -7.54653   -7.08984
   2988.23     40000   -6.45684   -7.77996   -7.79551   -7.78711   -7.16694
   3011.56     45000   -6.53840   -7.62286   -7.48211   -7.46176   -7.18673
   3034.88     50000   -6.54816   -7.64745   -7.53964   -7.51559   -7.21817
   3058.21     55000   -6.58024   -7.88615   -7.97442   -7.95301   -7.29937
   3081.53     60000   -6.66295   -7.89044   -7.78990   -7.77437   -7.35500
   3104.86     65000   -6.74344   -7.77976   -7.64282   -7.62078   -7.36760
   3128.19     70000   -6.73040   -7.89500   -7.82867   -7.80357   -7.42117
   3151.52     75000   -6.78745   -8.13409   -8.24720   -8.24156   -7.50436
   3174.85     80000   -6.86911   -7.99764   -7.86168   -7.84259   -7.53475
   3198.18     85000   -6.89841   -7.97221   -7.85050   -7.82712   -7.55620
   3221.51     90000   -6.91806   -8.17371   -8.19010   -8.16528   -7.63002
   3244.84     95000   -6.99676   -8.28072   -8.23010   -8.21795   -7.69882
   3268.17    100000   -7.07960   -8.13503   -7.99440   -7.97323   -7.71332
   3291.50      5000   -7.07550   -8.20020   -8.10766   -8.08310   -7.75434
   3314.83     10000   -7.11802   -8.45376   -8.59187   -8.57797   -7.83844
   3338.16     15000   -7.20152   -8.38209   -8.25969   -8.24228   -7.88243
   3361.49     20000   -7.25572   -8.30785   -8.17633   -8.15366   -7.89721
   3384.82     25000   -7.25948   -8.46293   -8.42647   -8.40115   -7.96055
   3408.15     30000   -7.32724   -8.65769   -8.69213   -8.68464   -8.03921
   3431.49     35000   -7.40913   -8.50120   -8.36087   -8.34074   -8.06072
   3454.82     40000   -7.42210   -8.51615   -8.40530   -8.38137   -8.09004
   3478.15     45000   -7.45220   -8.74892   -8.82257   -8.80009   -8.17013
   3501.48     50000   -7.53484   -8.77287   -8.67960   -8.66461   -8.22845
   3524.82     55000   -7.61970   -8.65433   -8.51641   -8.49452   -8.24101
   3548.15     60000   -7.60408   -8.75999   -8.68784   -8.66284   -8.29217
   3571.48     65000   -7.65772   -9.00526   -9.13223   -9.12598   -8.37594
   3594.81     70000   -7.73948   -8.87796   -8.74377   -8.72496   -8.40877
   3618.14     75000   -7.77349   -8.84301   -8.71913   -8.69588   -8.42864
   3641.47     80000   -7.79024   -9.03605   -9.04069   -9.01564   -8.50065
   3664.80     85000   -7.86760   -9.16185   -9.12473   -9.11339   -8.57166
   3688.14     90000   -7.94974   -9.01169   -8.87077   -8.84978   -8.58711
   3711.47     95000   -7.94939   -9.06722   -8.97065   -8.94621   -8.62578
   3734.80    100000   -7.98867   -9.31901   -9.44875   -9.43268   -8.70948
MyID= 0: Time=  0.1,has convergenced
     1686690 iterations for the convertgence of psi
 MyID=           0 has finish
