 START-UP FOR CHUNK...
     23.49      5000   -0.66766   -2.04620   -2.34578   -2.72044   -1.29194
     46.93     10000   -0.93411   -2.11460   -2.53682   -2.73203   -1.54517
     70.36     15000   -1.05905   -2.19084   -2.48393   -2.59277   -1.68789
     93.80     20000   -1.11313   -2.62359   -2.34716   -2.38974   -1.78698
    117.23     25000   -1.09131   -2.66655   -2.18506   -2.17664   -1.81270
    140.66     30000   -0.99458   -2.39863   -1.93908   -1.95243   -1.72298
    164.10     35000   -0.84438   -2.17228   -1.70394   -1.72017   -1.54091
    187.53     40000   -0.67819   -1.88834   -1.50878   -1.51014   -1.33067
    210.96     45000   -0.51503   -1.60642   -1.42566   -1.40771   -1.16209
    234.39     50000   -0.41227   -1.61172   -1.58541   -1.59877   -1.12034
    257.81     55000   -0.45335   -1.91401   -1.71668   -1.69003   -1.20033
    281.23     60000   -0.64298   -1.75719   -1.60382   -1.56713   -1.30539
    304.65     65000   -0.75159   -1.93857   -1.80519   -1.78003   -1.45142
    328.07     70000   -0.83362   -2.18175   -2.21080   -2.21661   -1.55749
    351.49     75000   -0.86594   -2.07637   -1.85756   -1.84610   -1.54045
    374.91     80000   -0.83757   -1.91078   -1.75471   -1.73588   -1.48581
    398.33     85000   -0.78519   -1.97850   -1.95696   -1.96152   -1.50304
    421.75     90000   -0.83968   -2.21994   -2.11566   -2.10281   -1.56835
    445.17     95000   -0.96643   -2.05303   -1.90685   -1.88074   -1.61671
    468.59    100000   -1.01766   -2.14737   -2.03881   -2.02227   -1.70559
 ITERATION...
    492.01      5000   -1.08065   -2.41725   -2.47983   -2.49365   -1.80361
    515.43     10000   -1.13822   -2.35956   -2.17859   -2.16078   -1.81976
    538.85     15000   -1.15720   -2.22239   -2.08151   -2.06118   -1.80490
    562.27     20000   -1.13217   -2.32818   -2.30552   -2.30707   -1.84902
    585.69     25000   -1.19398   -2.55841   -2.47680   -2.46806   -1.91506
    609.11     30000   -1.29735   -2.38616   -2.23316   -2.20734   -1.94470
    632.53     35000   -1.32194   -2.43383   -2.33134   -2.31431   -2.00725
    655.95     40000   -1.37129   -2.69307   -2.76272   -2.77756   -2.09649
    679.36     45000   -1.43770   -2.67052   -2.50211   -2.48224   -2.12435
    702.78     50000   -1.47907   -2.54159   -2.40129   -2.38045   -2.12503
    726.20     55000   -1.46482   -2.65496   -2.62616   -2.62251   -2.17941
    749.62     60000   -1.52758   -2.88946   -2.83034   -2.82640   -2.24667
    773.04     65000   -1.61739   -2.71919   -2.55915   -2.53422   -2.26781
    796.46     70000   -1.63400   -2.73631   -2.63120   -2.61290   -2.31576
    819.88     75000   -1.67357   -2.98233   -3.04638   -3.05984   -2.40018
    843.30     80000   -1.74457   -2.99281   -2.83222   -2.81147   -2.43548
    866.72     85000   -1.80028   -2.86040   -2.71668   -2.69538   -2.44228
    890.14     90000   -1.78850   -2.96881   -2.92780   -2.92062   -2.49971
    913.56     95000   -1.84970   -3.21258   -3.18198   -3.18250   -2.56942
    936.98    100000   -1.93168   -3.04960   -2.88561   -2.86146   -2.58776
    960.40      5000   -1.94815   -3.04317   -2.93310   -2.91430   -2.62662
    983.83     10000   -1.98117   -3.27465   -3.32678   -3.33754   -2.70804
   1007.25     15000   -2.05326   -3.31992   -3.16737   -3.14670   -2.74926
   1030.67     20000   -2.12219   -3.17825   -3.03136   -3.00955   -2.75818
   1054.08     25000   -2.10845   -3.27559   -3.22265   -3.21282   -2.81519
   1077.50     30000   -2.16630   -3.53016   -3.52935   -3.53524   -2.88764
   1100.92     35000   -2.24511   -3.37917   -3.21322   -3.18930   -2.90620
   1124.34     40000   -2.26535   -3.35218   -3.23700   -3.21778   -2.93875
   1147.76     45000   -2.29099   -3.56804   -3.60558   -3.61344   -3.01782
   1171.18     50000   -2.36411   -3.64958   -3.50645   -3.48646   -3.06427
   1194.60     55000   -2.44436   -3.49702   -3.34693   -3.32469   -3.07379
   1218.02     60000   -2.42550   -3.57971   -3.51626   -3.50441   -3.12858
   1241.44     65000   -2.48061   -3.84193   -3.86953   -3.88189   -3.20350
   1264.86     70000   -2.55693   -3.70935   -3.54208   -3.51831   -3.22396
   1288.29     75000   -2.58273   -3.66319   -3.54282   -3.52304   -3.25169
   1311.72     80000   -2.60345   -3.86267   -3.88474   -3.88922   -3.32853
   1335.14     85000   -2.67458   -3.97997   -3.84863   -3.82997   -3.37982
   1358.56     90000   -2.76248   -3.81741   -3.66396   -3.64134   -3.38950
   1381.98     95000   -2.74252   -3.88388   -3.81075   -3.79728   -3.44117
   1405.40    100000   -2.79395   -4.14868   -4.19983   -4.21824   -3.51808
   1428.82      5000   -2.86832   -4.04014   -3.87240   -3.84885   -3.54141
   1452.25     10000   -2.90046   -3.97589   -3.85028   -3.82999   -3.56519
   1475.67     15000   -2.91645   -4.15852   -4.16514   -4.16613   -3.63966
   1499.09     20000   -2.98719   -4.30940   -4.19331   -4.17668   -3.69552
   1522.51     25000   -3.07459   -4.13922   -3.98257   -3.95965   -3.70546
   1545.93     30000   -3.05992   -4.18887   -4.10684   -4.09200   -3.75351
   1569.35     35000   -3.10624   -4.45169   -4.51822   -4.54058   -3.83186
   1592.77     40000   -3.18059   -4.37147   -4.20439   -4.18110   -3.85869
   1616.19     45000   -3.22007   -4.28988   -4.15929   -4.13854   -3.87913
   1639.62     50000   -3.23138   -4.45547   -4.44721   -4.44499   -3.95098
   1663.05     55000   -3.30009   -4.63679   -4.53998   -4.52607   -4.01112
   1686.47     60000   -3.38377   -4.46230   -4.30278   -4.27963   -4.02166
   1709.89     65000   -3.37671   -4.49483   -4.40470   -4.38872   -4.06586
   1733.31     70000   -3.41874   -4.75181   -4.82431   -4.84762   -4.14508
   1756.73     75000   -3.49106   -4.70338   -4.53819   -4.51525   -4.17586
   1780.15     80000   -3.53989   -4.60505   -4.46981   -4.44863   -4.19344
   1803.57     85000   -3.54478   -4.75344   -4.73124   -4.72621   -4.26239
   1826.99     90000   -3.61277   -4.96136   -4.88786   -4.87756   -4.32650
   1850.41     95000   -3.69468   -4.78666   -4.62462   -4.60129   -4.33809
   1873.83    100000   -3.69368   -4.80190   -4.70436   -4.68740   -4.37835
   1897.25      5000   -3.73087   -5.04983   -5.11970   -5.14111   -4.45787
   1920.67     10000   -3.80319   -5.03582   -4.87395   -4.85148   -4.49291
   1944.10     15000   -3.86139   -4.92143   -4.78180   -4.76022   -4.50808
   1967.52     20000   -3.85957   -5.05248   -5.01740   -5.00995   -4.57384
   1990.94     25000   -3.92522   -5.28240   -5.23579   -5.23015   -4.64157
   2014.36     30000   -4.00404   -5.11232   -4.94809   -4.92462   -4.65472
   2037.78     35000   -4.01024   -5.11017   -5.00579   -4.98798   -4.69105
   2061.20     40000   -4.04278   -5.34654   -5.40726   -5.42486   -4.77033
   2084.62     45000   -4.11604   -5.36857   -5.21176   -5.18996   -4.80982
   2108.04     50000   -4.18199   -5.23902   -5.09527   -5.07332   -4.82303
   2131.46     55000   -4.17519   -5.35267   -5.30574   -5.29620   -4.88537
   2154.88     60000   -4.23688   -5.59935   -5.58201   -5.58216   -4.95630
   2178.30     65000   -4.31425   -5.43921   -5.27323   -5.24969   -4.97152
   2201.72     70000   -4.32745   -5.41967   -5.30892   -5.29036   -5.00401
   2225.14     75000   -4.35534   -5.64258   -5.69010   -5.70305   -5.08250
   2248.56     80000   -4.42852   -5.70126   -5.55170   -5.53081   -5.12656
   2271.98     85000   -4.50423   -5.55784   -5.41020   -5.38793   -5.13830
   2295.41     90000   -4.49183   -5.65404   -5.59625   -5.58491   -5.19698
   2318.83     95000   -4.54952   -5.91200   -5.92406   -5.93091   -5.27066
   2342.25    100000   -4.62617   -5.76730   -5.60008   -5.57652   -5.28846
   2365.67      5000   -4.64638   -5.73039   -5.61371   -5.59448   -5.31725
   2389.09     10000   -4.66797   -5.93847   -5.97080   -5.97905   -5.39445
   2412.51     15000   -4.74058   -6.03342   -5.89379   -5.87415   -5.44310
   2435.93     20000   -4.82693   -5.87788   -5.72662   -5.70404   -5.45385
   2459.35     25000   -4.80703   -5.95661   -5.88887   -5.87599   -5.50872
   2482.77     30000   -4.86124   -6.22047   -6.25895   -6.27262   -5.58464
   2506.19     35000   -4.93624   -6.09653   -5.92870   -5.90519   -5.60548
   2529.62     40000   -4.96331   -6.04233   -5.92011   -5.90027   -5.63078
   2553.05     45000   -4.98165   -6.23462   -6.25120   -6.25514   -5.70622
   2576.47     50000   -5.05263   -6.36447   -6.23798   -6.22003   -5.75939
   2599.89     55000   -5.14138   -6.19914   -6.04452   -6.02168   -5.76968
   2623.31     60000   -5.12392   -6.26041   -6.18354   -6.16932   -5.82060
   2646.73     65000   -5.17378   -6.52515   -6.58379   -6.60315   -5.89825
   2670.15     70000   -5.24755   -6.42680   -6.25915   -6.23578   -5.92255
   2693.56     75000   -5.28189   -6.35549   -6.22807   -6.20770   -5.94461
   2716.98     80000   -5.29579   -6.53134   -6.53251   -6.53265   -6.01786
   2740.40     85000   -5.36637   -6.69372   -6.58406   -6.56838   -6.07540
   2763.82     90000   -5.45213   -6.52163   -6.36394   -6.34087   -6.08576
   2787.24     95000   -5.44054   -6.56544   -6.48017   -6.46478   -6.13267
   2810.66    100000   -5.48564   -6.82667   -6.89684   -6.91938   -6.21149
   2834.09      5000   -5.55887   -6.75800   -6.59152   -6.56838   -6.23963
   2857.52     10000   -5.60167   -6.66986   -6.53757   -6.51671   -6.25876
   2880.94     15000   -5.61059   -6.82884   -6.81540   -6.81229   -6.32942
   2904.36     20000   -5.67883   -7.02044   -6.93161   -6.91897   -6.39110
   2927.78     25000   -5.76197   -6.84536   -6.68489   -6.66164   -6.40208
   2951.20     30000   -5.75764   -6.87171   -6.77869   -6.76228   -6.44496
   2974.62     35000   -5.79759   -7.12576   -7.19833   -7.22092   -6.52440
   2998.05     40000   -5.86986   -7.08998   -6.92587   -6.90309   -6.55668
   3021.49     45000   -5.92207   -6.98546   -6.84858   -6.82727   -6.57321
   3044.91     50000   -5.92438   -7.12728   -7.10025   -7.09437   -6.64094
   3068.33     55000   -5.99149   -7.34391   -7.27987   -7.27121   -6.70645
   3091.75     60000   -6.07288   -7.17032   -7.00742   -6.98401   -6.71861
   3115.17     65000   -6.07461   -7.17921   -7.07903   -7.06172   -6.75747
   3138.58     70000   -6.10988   -7.42315   -7.49028   -7.51028   -6.83699
   3162.00     75000   -6.18256   -7.42248   -7.26228   -7.24004   -6.87364
   3185.42     80000   -6.24323   -7.30227   -7.16108   -7.13938   -6.88798
   3208.84     85000   -6.23985   -7.42679   -7.38723   -7.37900   -6.95247
   3232.26     90000   -6.30417   -7.66353   -7.62752   -7.62395   -7.02144
   3255.68     95000   -6.38200   -7.49649   -7.33155   -7.30805   -7.03532
   3279.10    100000   -6.39084   -7.48793   -7.38111   -7.36300   -7.07025
   3302.52      5000   -6.42186   -7.71952   -7.77569   -7.79153   -7.14930
   3325.95     10000   -6.49490   -7.75520   -7.60082   -7.57932   -7.19047
   3349.37     15000   -6.56450   -7.62030   -7.47507   -7.45300   -7.20306
   3372.79     20000   -6.55562   -7.72742   -7.67637   -7.66615   -7.26404
   3396.21     25000   -6.61575   -7.97892   -7.97258   -7.97518   -7.33605
   3419.63     30000   -6.69286   -7.82387   -7.65735   -7.63379   -7.35218
   3443.05     35000   -6.70867   -7.79789   -7.68488   -7.66605   -7.38329
   3466.47     40000   -6.73424   -8.01544   -8.05745   -8.06859   -7.46137
   3489.89     45000   -6.80798   -8.08772   -7.94153   -7.92106   -7.50713
   3513.31     50000   -6.88687   -7.93955   -7.79054   -7.76815   -7.51843
   3536.73     55000   -6.87166   -8.02924   -7.96767   -7.95574   -7.57571
   3560.15     60000   -6.92832   -8.29000   -8.31237   -8.32182   -7.65028
   3583.56     65000   -7.00415   -8.15240   -7.98487   -7.96132   -7.66916
   3606.96     70000   -7.02691   -8.10907   -7.99028   -7.97081   -7.69663
   3630.34     75000   -7.04748   -8.31138   -8.33786   -8.34443   -7.77324
   3653.72     80000   -7.11925   -8.41952   -8.28439   -8.26532   -7.82358
   3677.11     85000   -7.20826   -8.26003   -8.10750   -8.08482   -7.83409
   3700.49     90000   -7.18749   -8.33227   -8.26105   -8.24765   -7.88750
   3723.87     95000   -7.24025   -8.59701   -8.64385   -8.65987   -7.96413
   3747.25    100000   -7.31471   -8.48204   -8.31418   -8.29070   -7.98621
   3770.63      5000   -7.34440   -8.42146   -8.29727   -8.27722   -8.01027
   3794.01     10000   -7.36110   -8.60771   -8.61849   -8.62094   -8.08495
   3817.40     15000   -7.43193   -8.74998   -8.62930   -8.61212   -8.13977
   3840.78     20000   -7.52053   -8.58175   -8.42596   -8.40303   -8.15001
   3864.17     25000   -7.50495   -8.63653   -8.55646   -8.54178   -8.19945
   3887.57     30000   -7.55238   -8.90044   -8.96443   -8.98533   -8.27760
   3910.97     35000   -7.62653   -8.81268   -8.64534   -8.62203   -8.30329
   3934.32     40000   -7.66363   -8.73508   -8.60581   -8.58525   -8.32422
   3957.32     45000   -7.67587   -8.90469   -8.90033   -8.89919   -8.39656
   3980.52     50000   -7.74559   -9.07838   -8.97599   -8.96134   -8.45566
   4003.11     55000   -7.82998   -8.90470   -8.74594   -8.72280   -8.46619
   4025.72     60000   -7.82115   -8.94202   -8.85380   -8.83801   -8.51160
   4047.80     65000   -7.86487   -9.20097   -9.27305   -9.29598   -8.59072
   4069.94     70000   -7.93714   -9.14419   -8.97843   -8.95541   -8.62036
MyID= 0: Time=  0.1,has convergenced
     1685339 iterations for the convertgence of psi
 MyID=           0 has finish
