 START-UP FOR CHUNK...
     23.47      5000   -0.57471   -2.01751   -1.95418   -1.87872   -1.28495
     46.85     10000   -0.70198   -2.15926   -1.81896   -1.88705   -1.47767
     70.23     15000   -0.67213   -2.28262   -1.70796   -1.75356   -1.48275
     93.60     20000   -0.57760   -2.17625   -1.57657   -1.57837   -1.39569
    116.98     25000   -0.48236   -1.73625   -1.47658   -1.45993   -1.28336
    140.36     30000   -0.42601   -1.60580   -1.50752   -1.50527   -1.20056
    163.74     35000   -0.43511   -1.91498   -1.84115   -1.87831   -1.27098
    187.12     40000   -0.58509   -1.91705   -1.84869   -1.85675   -1.38842
    210.50     45000   -0.76601   -1.88027   -1.75126   -1.76409   -1.46944
    233.87     50000   -0.88446   -2.09172   -1.99191   -1.95032   -1.58976
    257.25     55000   -0.97284   -2.35692   -2.46593   -2.42120   -1.71756
    280.63     60000   -1.05813   -2.30735   -2.11154   -2.11592   -1.76139
    304.01     65000   -1.08898   -2.11605   -1.98637   -1.95885   -1.73167
    327.39     70000   -1.05668   -2.19030   -2.12080   -2.08060   -1.74429
    350.77     75000   -1.09309   -2.44548   -2.57809   -2.48675   -1.82426
    374.14     80000   -1.20372   -2.33952   -2.27778   -2.24328   -1.88574
    397.52     85000   -1.31050   -2.31655   -2.19583   -2.18596   -1.92039
    420.90     90000   -1.32085   -2.51627   -2.44671   -2.41741   -1.99681
    444.28     95000   -1.38828   -2.72292   -2.85106   -2.80602   -2.09704
    467.65    100000   -1.47872   -2.57862   -2.43818   -2.43866   -2.13340
 ITERATION...
    491.03      5000   -1.49693   -2.53794   -2.41295   -2.38985   -2.13517
    514.41     10000   -1.50146   -2.73372   -2.69974   -2.63930   -2.19074
    537.79     15000   -1.57022   -2.90539   -2.94790   -2.90558   -2.27935
    561.17     20000   -1.67517   -2.73220   -2.61907   -2.59600   -2.31831
    584.55     25000   -1.69748   -2.77544   -2.65885   -2.63526   -2.35095
    607.92     30000   -1.73539   -3.04001   -3.05353   -2.99794   -2.43375
    631.30     35000   -1.82365   -3.06932   -3.03735   -3.01936   -2.51652
    654.68     40000   -1.90714   -2.93096   -2.80147   -2.79161   -2.53496
    678.06     45000   -1.89490   -3.00653   -2.89781   -2.87218   -2.56243
    701.44     50000   -1.93406   -3.28580   -3.38222   -3.29112   -2.64516
    724.82     55000   -2.03502   -3.23078   -3.15008   -3.13816   -2.71749
    748.20     60000   -2.12468   -3.13266   -3.00661   -2.98699   -2.73761
    771.57     65000   -2.11141   -3.26753   -3.17557   -3.14109   -2.78567
    794.95     70000   -2.16508   -3.55386   -3.70354   -3.60866   -2.87799
    818.33     75000   -2.26733   -3.39539   -3.29234   -3.27773   -2.93431
    841.71     80000   -2.31870   -3.34214   -3.21818   -3.19996   -2.94796
    865.09     85000   -2.31946   -3.52118   -3.45327   -3.41621   -3.00336
    888.46     90000   -2.38282   -3.74328   -3.84557   -3.78774   -3.09475
    911.84     95000   -2.48513   -3.56716   -3.45023   -3.43851   -3.13830
    935.22    100000   -2.51113   -3.56820   -3.44743   -3.42577   -3.15899
    958.60      5000   -2.53569   -3.79873   -3.77307   -3.72070   -3.22955
    981.98     10000   -2.61472   -3.92722   -3.92384   -3.89866   -3.31755
   1005.35     15000   -2.70958   -3.75352   -3.62910   -3.61380   -3.34666
   1028.73     20000   -2.71062   -3.79982   -3.68780   -3.66240   -3.37271
   1052.11     25000   -2.74693   -4.06998   -4.10771   -4.04012   -3.45232
   1075.49     30000   -2.84024   -4.07761   -4.02042   -4.00348   -3.53130
   1098.86     35000   -2.93009   -3.94751   -3.82093   -3.80533   -3.55233
   1122.24     40000   -2.91984   -4.04638   -3.94510   -3.91672   -3.59019
   1145.62     45000   -2.96659   -4.33561   -4.46153   -4.36943   -3.67841
   1169.00     50000   -3.06866   -4.23874   -4.14334   -4.13149   -3.74461
   1192.37     55000   -3.14673   -4.15449   -4.02721   -4.00914   -3.76039
   1215.75     60000   -3.13130   -4.30160   -4.21936   -4.18402   -3.80960
   1239.13     65000   -3.18734   -4.57005   -4.71314   -4.63058   -3.90133
   1262.51     70000   -3.29025   -4.40409   -4.29189   -4.27873   -3.95309
   1285.88     75000   -3.33214   -4.37086   -4.24678   -4.22649   -3.97001
   1309.26     80000   -3.34501   -4.56902   -4.51598   -4.47317   -4.03227
   1332.64     85000   -3.41421   -4.76116   -4.81815   -4.77669   -4.12321
   1356.02     90000   -3.51379   -4.58132   -4.45866   -4.44548   -4.16056
   1379.39     95000   -3.52850   -4.59828   -4.47922   -4.45637   -4.18231
   1402.77    100000   -3.55698   -4.84285   -4.83896   -4.78166   -4.25607
   1426.15      5000   -3.64206   -4.92600   -4.89890   -4.87857   -4.34100
   1449.52     10000   -3.73468   -4.76963   -4.64241   -4.62735   -4.36681
   1472.90     15000   -3.73182   -4.83659   -4.72666   -4.70007   -4.39757
   1496.28     20000   -3.77184   -5.11705   -5.18910   -5.11056   -4.48117
   1519.66     25000   -3.87012   -5.08170   -5.00573   -4.99166   -4.55556
   1543.04     30000   -3.95767   -4.96858   -4.84014   -4.82352   -4.57378
   1566.42     35000   -3.94290   -5.08566   -4.98959   -4.95864   -4.61566
   1589.79     40000   -3.99280   -5.37168   -5.51972   -5.42377   -4.70560
   1613.17     45000   -4.09473   -5.24234   -5.13942   -5.12712   -4.76635
   1636.55     50000   -4.15830   -5.17863   -5.05151   -5.03279   -4.78215
   1659.93     55000   -4.15586   -5.34610   -5.27230   -5.23454   -4.83657
   1683.31     60000   -4.21566   -5.58982   -5.70625   -5.63996   -4.92864
   1706.68     65000   -4.31840   -5.41264   -5.29524   -5.28238   -4.97463
   1730.06     70000   -4.34845   -5.39909   -5.27596   -5.25475   -4.99282
   1753.44     75000   -4.36755   -5.61607   -5.57821   -5.53045   -5.05961
   1776.82     80000   -4.44323   -5.76820   -5.78880   -5.75778   -5.14879
   1800.19     85000   -4.54017   -5.59381   -5.46901   -5.45508   -5.18130
   1823.57     90000   -4.54720   -5.63046   -5.51411   -5.48998   -5.20623
   1846.95     95000   -4.58139   -5.89141   -5.91277   -5.84837   -5.28415
   1870.33    100000   -4.67155   -5.92709   -5.87785   -5.86092   -5.36549
   1893.71      5000   -4.76263   -5.78625   -5.65820   -5.64267   -5.38777
   1917.09     10000   -4.75364   -5.87272   -5.76716   -5.73910   -5.42257
   1940.47     15000   -4.79779   -6.16025   -6.26598   -6.17794   -5.50905
   1963.84     20000   -4.89900   -6.08386   -5.99563   -5.98260   -5.57844
   1987.22     25000   -4.98344   -5.98951   -5.86136   -5.84395   -5.59513
   2010.60     30000   -4.96510   -6.12618   -6.03738   -6.00413   -5.64181
   2033.98     35000   -5.01893   -6.40243   -6.55433   -6.46397   -5.73315
   2057.36     40000   -5.12229   -6.24787   -6.13839   -6.12598   -5.78819
   2080.73     45000   -5.17117   -6.20353   -6.07770   -6.05810   -5.80433
   2104.11     50000   -5.17820   -6.39041   -6.32833   -6.28732   -5.86359
   2127.49     55000   -5.24459   -6.60358   -6.68307   -6.63316   -5.95515
   2150.87     60000   -5.34506   -6.42235   -6.30153   -6.28834   -5.99566
   2174.25     65000   -5.36565   -6.42824   -6.30739   -6.28513   -6.01601
   2197.63     70000   -5.39138   -6.66332   -6.64500   -6.59179   -6.08733
   2221.00     75000   -5.47285   -6.77192   -6.76117   -6.73752   -6.17405
   2244.38     80000   -5.56675   -6.60792   -6.48148   -6.46696   -6.20213
   2267.76     85000   -5.56678   -6.66376   -6.55106   -6.52554   -6.23054
   2291.14     90000   -5.60493   -6.93798   -6.98985   -6.91682   -6.31213
   2314.52     95000   -5.70094   -6.92828   -6.86122   -6.84644   -6.38927
   2337.89    100000   -5.78877   -6.80457   -6.67620   -6.65998   -6.40881
   2361.27      5000   -5.77686   -6.91037   -6.81042   -6.78058   -6.44803
   2384.65     10000   -5.82462   -7.19915   -7.33471   -7.23998   -6.53688
   2408.03     15000   -5.92637   -7.08722   -6.98922   -6.97669   -6.60091
   2431.41     20000   -5.99874   -7.01202   -6.88446   -6.86625   -6.61679
   2454.79     25000   -5.98936   -7.16808   -7.08811   -7.05223   -6.66830
   2478.16     30000   -6.04683   -7.42615   -7.56095   -7.48441   -6.76031
   2501.54     35000   -6.14944   -7.25508   -7.14037   -7.12775   -6.80964
   2524.92     40000   -6.18613   -7.23016   -7.10593   -7.08536   -6.82688
   2548.29     45000   -6.20168   -7.43610   -7.38837   -7.34335   -6.89093
   2571.67     50000   -6.27371   -7.61243   -7.65384   -7.61705   -6.98122
   2595.04     55000   -6.37182   -7.43381   -7.31030   -7.29665   -7.01658
   2618.42     60000   -6.38376   -7.45901   -7.34086   -7.31744   -7.03964
   2641.79     65000   -6.41438   -7.71089   -7.71613   -7.65630   -7.11520
   2665.17     70000   -6.50194   -7.77383   -7.73752   -7.71858   -7.19873
   2688.55     75000   -6.59352   -7.62369   -7.49616   -7.48101   -7.22298
   2711.93     80000   -6.58850   -7.69879   -7.59035   -7.56331   -7.25531
   2735.30     85000   -6.62973   -7.98269   -8.06834   -7.98580   -7.34012
   2758.68     90000   -6.72941   -7.92999   -7.84874   -7.83528   -7.41253
   2782.06     95000   -6.81575   -7.82453   -7.69618   -7.67923   -7.43005
   2805.43    100000   -6.79933   -7.94969   -7.85637   -7.82447   -7.47390
   2828.81      5000   -6.85085   -8.23288   -8.38480   -8.29002   -7.56451
   2852.18     10000   -6.95385   -8.09195   -7.98629   -7.97389   -7.62294
   2875.56     15000   -7.01103   -8.03611   -7.90955   -7.89048   -7.63876
   2898.93     20000   -7.01231   -8.21157   -8.14220   -8.10328   -7.69515
   2922.31     25000   -7.07496   -8.44355   -8.54571   -8.48631   -7.78710
   2945.68     30000   -7.17661   -8.26391   -8.14510   -8.13216   -7.83083
   2969.06     35000   -7.20287   -8.25837   -8.13613   -8.11453   -7.84984
   2992.44     40000   -7.22491   -8.48286   -8.45252   -8.40265   -7.91851
   3015.81     45000   -7.30277   -8.61764   -8.62474   -8.59716   -8.00678
   3039.19     50000   -7.39921   -8.44696   -8.32145   -8.30727   -8.03741
   3062.57     55000   -7.40254   -8.49141   -8.37651   -8.35181   -8.06370
   3085.95     60000   -7.43884   -8.75813   -8.79138   -8.72365   -8.14316
   3109.32     65000   -7.53088   -8.77510   -8.71822   -8.70225   -8.22286
   3132.70     70000   -7.62064   -8.64109   -8.51292   -8.49711   -8.24394
   3156.08     75000   -7.61047   -8.73545   -8.63207   -8.60334   -8.28051
   3179.45     80000   -7.65634   -9.02420   -9.14313   -9.05186   -8.36803
   3202.83     85000   -7.75816   -8.93266   -8.84020   -8.82745   -8.43528
   3226.20     90000   -7.84005   -8.84610   -8.71815   -8.70042   -8.45154
   3249.58     95000   -7.82235   -8.99066   -8.90527   -8.87099   -8.50017
   3272.96    100000   -7.87776   -9.26048   -9.40787   -9.32235   -8.59187
   3296.33      5000   -7.98071   -9.09822   -8.98649   -8.97400   -8.64458
MyID= 0: Time=  0.1,has convergenced
     1685249 iterations for the convertgence of psi
 MyID=           0 has finish
