 START-UP FOR CHUNK...
     23.41      5000   -0.62910   -2.04038   -2.18819   -2.20223   -1.29031
     46.74     10000   -0.83225   -2.12618   -2.12859   -2.20297   -1.52836
     70.07     15000   -0.87512   -2.21836   -2.02198   -2.05834   -1.61984
     93.39     20000   -0.82600   -2.50163   -1.86344   -1.86066   -1.60069
    116.71     25000   -0.71150   -2.10871   -1.66854   -1.66660   -1.48207
    140.04     30000   -0.58589   -1.80653   -1.50267   -1.50529   -1.32713
    163.37     35000   -0.48733   -1.61738   -1.46320   -1.45961   -1.20194
    186.69     40000   -0.46134   -1.74696   -1.72818   -1.70855   -1.19901
    210.02     45000   -0.55057   -1.93400   -1.86914   -1.90389   -1.29749
    233.35     50000   -0.68995   -1.80836   -1.68221   -1.66364   -1.37659
    256.67     55000   -0.82424   -1.97093   -1.85873   -1.82038   -1.50221
    280.00     60000   -0.90701   -2.26741   -2.36484   -2.36669   -1.62305
    303.33     65000   -0.96802   -2.18092   -2.02671   -2.01208   -1.64752
    326.66     70000   -0.97571   -2.00460   -1.86316   -1.84071   -1.60421
    349.99     75000   -0.92177   -2.05518   -2.00123   -1.97346   -1.60994
    373.31     80000   -0.95312   -2.27642   -2.41230   -2.41486   -1.67752
    396.64     85000   -1.05130   -2.18627   -2.06472   -2.04333   -1.72346
    419.96     90000   -1.12408   -2.19234   -2.06947   -2.05116   -1.77656
    443.29     95000   -1.16705   -2.41555   -2.43582   -2.40836   -1.87355
    466.62    100000   -1.24365   -2.53456   -2.46529   -2.46491   -1.94072
 ITERATION...
    489.95      5000   -1.29743   -2.36537   -2.21295   -2.19266   -1.93490
    513.28     10000   -1.27536   -2.38630   -2.29930   -2.27103   -1.95216
    536.60     15000   -1.30273   -2.62826   -2.74857   -2.75158   -2.02612
    559.93     20000   -1.39063   -2.58432   -2.46686   -2.44373   -2.07685
    583.26     25000   -1.46561   -2.51789   -2.38451   -2.36209   -2.10581
    606.58     30000   -1.48124   -2.68418   -2.64137   -2.62001   -2.18133
    629.91     35000   -1.55059   -2.87534   -2.91238   -2.90612   -2.26077
    653.24     40000   -1.62173   -2.72095   -2.57263   -2.55527   -2.27403
    676.57     45000   -1.62441   -2.71775   -2.60762   -2.58424   -2.29305
    699.89     50000   -1.64731   -2.93858   -3.01146   -2.99552   -2.36721
    723.22     55000   -1.72935   -2.97377   -2.87509   -2.85918   -2.42591
    746.55     60000   -1.82273   -2.85828   -2.71952   -2.69631   -2.44437
    769.87     65000   -1.81271   -2.97338   -2.90004   -2.87578   -2.50286
    793.20     70000   -1.87017   -3.21824   -3.33448   -3.32762   -2.58723
    816.52     75000   -1.94702   -3.08477   -2.94596   -2.92667   -2.61478
    839.85     80000   -1.97389   -3.04631   -2.92353   -2.90115   -2.63100
    863.18     85000   -1.98796   -3.23642   -3.24938   -3.23012   -2.70095
    886.51     90000   -2.06517   -3.35533   -3.30317   -3.29169   -2.76942
    909.83     95000   -2.15124   -3.20901   -3.06659   -3.04518   -2.78604
    933.16    100000   -2.15037   -3.27360   -3.18036   -3.15646   -2.83013
    956.49      5000   -2.19402   -3.52910   -3.66207   -3.65132   -2.91486
    979.82     10000   -2.27489   -3.46053   -3.33289   -3.31480   -2.95621
   1003.14     15000   -2.32603   -3.38058   -3.24889   -3.22606   -2.96903
   1026.47     20000   -2.32857   -3.53166   -3.49884   -3.47661   -3.03137
   1049.80     25000   -2.39604   -3.72676   -3.74748   -3.74173   -3.10828
   1073.13     30000   -2.47837   -3.56999   -3.42669   -3.40579   -3.12920
   1096.46     35000   -2.49130   -3.58713   -3.47738   -3.45405   -3.16116
   1119.78     40000   -2.52263   -3.82152   -3.90180   -3.88407   -3.24232
   1143.11     45000   -2.60341   -3.84078   -3.73736   -3.72175   -3.29713
   1166.44     50000   -2.68445   -3.72309   -3.58404   -3.56195   -3.30851
   1189.77     55000   -2.66938   -3.83081   -3.76484   -3.74133   -3.36102
   1213.09     60000   -2.72539   -4.07264   -4.17865   -4.17934   -3.44321
   1236.42     65000   -2.80667   -3.93957   -3.79950   -3.77966   -3.47290
   1259.75     70000   -2.83670   -3.91087   -3.78834   -3.76509   -3.49518
   1283.07     75000   -2.85610   -4.11037   -4.12794   -4.10634   -3.56955
   1306.40     80000   -2.93390   -4.22036   -4.16210   -4.14957   -3.63642
   1329.73     85000   -3.01602   -4.07354   -3.93040   -3.90896   -3.64970
   1353.06     90000   -3.01080   -4.13731   -4.04687   -4.02337   -3.69147
   1376.39     95000   -3.05372   -4.38985   -4.52434   -4.51954   -3.77494
   1399.71    100000   -3.13592   -4.31581   -4.18666   -4.16853   -3.81626
   1423.04      5000   -3.18692   -4.24321   -4.11122   -4.08844   -3.83181
   1446.37     10000   -3.19367   -4.40105   -4.37077   -4.34752   -3.89699
   1469.69     15000   -3.26237   -4.58977   -4.60424   -4.59700   -3.97327
   1493.02     20000   -3.34261   -4.43238   -4.28859   -4.26783   -3.99224
   1516.35     25000   -3.35298   -4.45171   -4.34361   -4.32023   -4.02358
   1539.68     30000   -3.38425   -4.68756   -4.77339   -4.75816   -4.10437
   1563.00     35000   -3.46538   -4.69704   -4.59079   -4.57478   -4.15837
   1586.33     40000   -3.54477   -4.58411   -4.44547   -4.42327   -4.17080
   1609.66     45000   -3.53272   -4.69775   -4.63342   -4.60979   -4.22528
   1632.99     50000   -3.58988   -4.93658   -5.03820   -5.03640   -4.30732
   1656.32     55000   -3.67119   -4.79981   -4.65955   -4.63982   -4.33552
   1679.65     60000   -3.69852   -4.77453   -4.65340   -4.63028   -4.35782
   1702.97     65000   -3.71835   -4.97705   -5.00020   -4.97948   -4.43246
   1726.30     70000   -3.79676   -5.07835   -5.01423   -5.00154   -4.49843
   1749.63     75000   -3.87942   -4.93378   -4.79105   -4.76944   -4.51180
   1772.95     80000   -3.87364   -5.00252   -4.91376   -4.89011   -4.55505
   1796.28     85000   -3.91765   -5.25590   -5.39241   -5.38699   -4.63873
   1819.61     90000   -3.99981   -5.17510   -5.04498   -5.02662   -4.67869
   1842.94     95000   -4.04808   -5.10606   -4.97514   -4.95241   -4.69439
   1866.27    100000   -4.05569   -5.26749   -5.24140   -5.21860   -4.76024
   1889.59      5000   -4.12543   -5.44976   -5.45567   -5.44827   -4.83581
   1912.92     10000   -4.20587   -5.29221   -5.14831   -5.12746   -4.85429
   1936.25     15000   -4.21546   -5.31593   -5.20922   -5.18573   -4.88675
   1959.57     20000   -4.24775   -5.55446   -5.64627   -5.63111   -4.96804
   1982.90     25000   -4.32886   -5.55600   -5.44715   -5.43083   -5.02082
   2006.22     30000   -4.40546   -5.44627   -5.30827   -5.28601   -5.03323
   2029.55     35000   -4.39521   -5.56377   -5.50235   -5.47886   -5.08860
   2052.87     40000   -4.45319   -5.79935   -5.89322   -5.89168   -5.17027
   2076.20     45000   -4.53422   -5.65913   -5.51820   -5.49835   -5.19757
   2099.53     50000   -4.56057   -5.63806   -5.51790   -5.49472   -5.22071
   2122.85     55000   -4.58148   -5.84413   -5.87256   -5.85191   -5.29610
   2146.18     60000   -4.65988   -5.93743   -5.86856   -5.85542   -5.36102
   2169.50     65000   -4.74301   -5.79514   -5.65268   -5.63102   -5.37407
   2192.83     70000   -4.73625   -5.86788   -5.78114   -5.75752   -5.41828
   2216.15     75000   -4.78112   -6.12125   -6.25824   -6.25410   -5.50197
   2239.48     80000   -4.86303   -6.03387   -5.90232   -5.88382   -5.54082
   2262.81     85000   -4.90931   -5.96884   -5.83863   -5.81584   -5.55704
   2286.14     90000   -4.91798   -6.13426   -6.11198   -6.08920   -5.62382
   2309.46     95000   -4.98871   -6.31011   -6.30861   -6.30052   -5.69863
   2332.79    100000   -5.06932   -6.15268   -6.00876   -5.98784   -5.71644
   2356.12      5000   -5.07764   -6.18050   -6.07525   -6.05176   -5.74983
   2379.44     10000   -5.11096   -6.42127   -6.51886   -6.50466   -5.83148
   2402.77     15000   -5.19228   -6.41445   -6.30291   -6.28638   -5.88309
   2426.10     20000   -5.26597   -6.30826   -6.17076   -6.14845   -5.89567
   2449.42     25000   -5.25785   -6.42989   -6.37119   -6.34769   -5.95206
   2472.74     30000   -5.31675   -6.66207   -6.74855   -6.74649   -6.03333
   2496.07     35000   -5.39743   -6.51879   -6.37740   -6.35744   -6.05968
   2519.40     40000   -5.42267   -6.50180   -6.38274   -6.35954   -6.08358
   2542.72     45000   -5.44461   -6.71130   -6.74520   -6.72495   -6.15963
   2566.05     50000   -5.52304   -6.79618   -6.72252   -6.70906   -6.22351
   2589.37     55000   -5.60670   -6.65634   -6.51416   -6.49243   -6.23634
   2612.70     60000   -5.59887   -6.73323   -6.64848   -6.62483   -6.28159
   2636.02     65000   -5.64477   -6.98642   -7.12334   -7.11986   -6.36526
   2659.34     70000   -5.72605   -6.89284   -6.76009   -6.74144   -6.40296
   2682.67     75000   -5.77067   -6.83177   -6.70237   -6.67955   -6.41969
   2706.00     80000   -5.78035   -7.00111   -6.98286   -6.96023   -6.48735
   2729.32     85000   -5.85207   -7.17019   -7.16119   -7.15258   -6.56138
   2752.65     90000   -5.93287   -7.01310   -6.86916   -6.84816   -6.57859
   2775.97     95000   -5.93981   -7.04506   -6.94128   -6.91777   -6.61294
   2799.29    100000   -5.97399   -7.28795   -7.39118   -7.37775   -6.69494
   2822.62      5000   -6.05583   -7.27300   -7.15904   -7.14229   -6.74537
   2845.95     10000   -6.12648   -7.17038   -7.03346   -7.01110   -6.75812
   2869.27     15000   -6.11990   -7.29610   -7.24027   -7.21682   -6.81552
   2892.60     20000   -6.18041   -7.52452   -7.60310   -7.60063   -6.89636
   2915.93     25000   -6.26073   -7.37844   -7.23660   -7.21654   -6.92179
   2939.26     30000   -6.28412   -7.36557   -7.24761   -7.22438   -6.94648
   2962.55     35000   -6.30786   -7.57843   -7.61789   -7.59799   -7.02318
   2985.84     40000   -6.38630   -7.65492   -7.57680   -7.56298   -7.08599
   3009.14     45000   -6.47050   -7.51766   -7.37580   -7.35402   -7.09862
   3032.44     50000   -6.46124   -7.59868   -7.51599   -7.49236   -7.14490
   3055.77     55000   -6.50851   -7.85138   -7.98734   -7.98457   -7.22853
   3079.10     60000   -6.58918   -7.75182   -7.61792   -7.59914   -7.26510
   3102.41     65000   -6.63213   -7.69474   -7.56617   -7.54331   -7.28237
   3125.72     70000   -6.64282   -7.86798   -7.85387   -7.83136   -7.35089
   3149.02     75000   -6.71554   -8.03012   -8.01395   -8.00479   -7.42411
   3172.33     80000   -6.79652   -7.87362   -7.72970   -7.70863   -7.44075
   3195.66     85000   -6.80209   -7.90971   -7.80746   -7.78393   -7.47606
   3218.99     90000   -6.83712   -8.15456   -8.26320   -8.25065   -7.55838
   3242.31     95000   -6.91947   -8.13155   -8.01527   -7.99831   -7.60762
   3265.63    100000   -6.98710   -8.03256   -7.89622   -7.87382   -7.62059
   3288.97      5000   -6.98205   -8.16236   -8.10948   -8.08606   -7.67898
   3312.30     10000   -7.04417   -8.38672   -8.45724   -8.45427   -7.75936
   3335.63     15000   -7.12414   -8.23818   -8.09594   -8.07578   -7.78389
   3358.96     20000   -7.14569   -8.22942   -8.11261   -8.08934   -7.80939
   3382.27     25000   -7.17100   -8.44557   -8.49072   -8.47121   -7.88671
   3405.60     30000   -7.24967   -8.51360   -8.43122   -8.41707   -7.94845
   3428.93     35000   -7.33441   -8.37904   -8.23753   -8.21569   -7.96091
   3452.26     40000   -7.32371   -8.46420   -8.38363   -8.35999   -8.00823
   3475.59     45000   -7.37191   -8.71614   -8.85031   -8.84812   -8.09177
   3498.91     50000   -7.45241   -8.61086   -8.47591   -8.45699   -8.12723
   3522.22     55000   -7.49367   -8.55780   -8.43008   -8.40718   -8.14507
   3545.53     60000   -7.50540   -8.73490   -8.72506   -8.70270   -8.21444
   3568.84     65000   -7.57911   -8.88989   -8.86675   -8.85708   -8.28682
   3592.16     70000   -7.66029   -8.73420   -8.59034   -8.56919   -8.30292
   3615.47     75000   -7.66448   -8.77444   -8.67374   -8.65019   -8.33921
   3638.78     80000   -7.70035   -9.02106   -9.13484   -9.12319   -8.42181
   3662.09     85000   -7.78323   -8.99013   -8.87168   -8.85452   -8.46987
   3685.40     90000   -7.84784   -8.89482   -8.75908   -8.73664   -8.48308
   3708.71     95000   -7.84431   -9.02869   -8.97885   -8.95548   -8.54246
   3732.01    100000   -7.90765   -9.24868   -9.31096   -9.30747   -8.62234
   3755.32      5000   -7.98765   -9.09799   -8.95539   -8.93514   -8.64600
MyID= 0: Time=  0.1,has convergenced
     1686527 iterations for the convertgence of psi
 MyID=           0 has finish
