 START-UP FOR CHUNK...
     23.66      5000   -0.62558   -2.03931   -2.17153   -2.17300   -1.29021
     47.24     10000   -0.82351   -2.12757   -2.10180   -2.17397   -1.52602
     70.81     15000   -0.85908   -2.22327   -1.99353   -2.02988   -1.61124
     94.38     20000   -0.80585   -2.48828   -1.83523   -1.83310   -1.58332
    117.95     25000   -0.68978   -2.07504   -1.64393   -1.64186   -1.46104
    141.52     30000   -0.56657   -1.77192   -1.48957   -1.49103   -1.30972
    165.10     35000   -0.47333   -1.61403   -1.47637   -1.47022   -1.19521
    188.67     40000   -0.46378   -1.78117   -1.78076   -1.78126   -1.21330
    212.24     45000   -0.56677   -1.92202   -1.84185   -1.84963   -1.31313
    235.81     50000   -0.71707   -1.81609   -1.68985   -1.67466   -1.39396
    259.38     55000   -0.83837   -2.00182   -1.90333   -1.86233   -1.52180
    282.95     60000   -0.92106   -2.29234   -2.40520   -2.42334   -1.63755
    306.52     65000   -0.97723   -2.16834   -2.00247   -1.98781   -1.65214
    330.10     70000   -0.98428   -2.00576   -1.87254   -1.84712   -1.61012
    353.67     75000   -0.93234   -2.08412   -2.04424   -2.01348   -1.62413
    377.24     80000   -0.97190   -2.29584   -2.41036   -2.40128   -1.69402
    400.81     85000   -1.07354   -2.18455   -2.06224   -2.04081   -1.73709
    424.38     90000   -1.13710   -2.21395   -2.09425   -2.07687   -1.79300
    447.95     95000   -1.18284   -2.44758   -2.49889   -2.46992   -1.89091
    471.53    100000   -1.25997   -2.52748   -2.43956   -2.43899   -1.95302
 ITERATION...
    495.10      5000   -1.31409   -2.36932   -2.21957   -2.19972   -1.94589
    518.67     10000   -1.28745   -2.41045   -2.33133   -2.30131   -1.96801
    542.24     15000   -1.32163   -2.65976   -2.79346   -2.79483   -2.04422
    565.81     20000   -1.41144   -2.58472   -2.46336   -2.43979   -2.09196
    589.38     25000   -1.47719   -2.53508   -2.40413   -2.38105   -2.12210
    612.95     30000   -1.49749   -2.71672   -2.68593   -2.66329   -2.19977
    636.53     35000   -1.57004   -2.88262   -2.89690   -2.88789   -2.27708
    660.10     40000   -1.64087   -2.72672   -2.58032   -2.56301   -2.28858
    683.67     45000   -1.63958   -2.73963   -2.63325   -2.60980   -2.31048
    707.24     50000   -1.66622   -2.96991   -3.06247   -3.04449   -2.38667
    730.81     55000   -1.75003   -2.97753   -2.87385   -2.85814   -2.44337
    754.38     60000   -1.83622   -2.87394   -2.73685   -2.71373   -2.46196
    777.95     65000   -1.83085   -3.00155   -2.93404   -2.90827   -2.52236
    801.53     70000   -1.89059   -3.23882   -3.34364   -3.33428   -2.60638
    825.10     75000   -1.96877   -3.09403   -2.95607   -2.93666   -2.63250
    848.67     80000   -1.99123   -3.06702   -2.94649   -2.92373   -2.65016
    872.24     85000   -2.00820   -3.26698   -3.28949   -3.26845   -2.72174
    895.81     90000   -2.08734   -3.36605   -3.30838   -3.29603   -2.78945
    919.38     95000   -2.17344   -3.22526   -3.08438   -3.06329   -2.80578
    942.95    100000   -2.17073   -3.29881   -3.20789   -3.18342   -2.85096
    966.53      5000   -2.21585   -3.55528   -3.69612   -3.68202   -2.93611
    990.10     10000   -2.29775   -3.47418   -3.34711   -3.32943   -2.97695
   1013.67     15000   -2.34605   -3.40146   -3.27110   -3.24813   -2.99026
   1037.24     20000   -2.35070   -3.55940   -3.52964   -3.50566   -3.05345
   1060.81     25000   -2.41942   -3.74623   -3.76388   -3.75667   -3.13061
   1084.38     30000   -2.50220   -3.58891   -3.44724   -3.42657   -3.15156
   1107.95     35000   -2.51391   -3.61130   -3.50210   -3.47840   -3.18371
   1131.52     40000   -2.54606   -3.84855   -3.93354   -3.91241   -3.26519
   1155.10     45000   -2.62799   -3.86006   -3.75878   -3.74351   -3.32065
   1178.67     50000   -2.70854   -3.74565   -3.60751   -3.58560   -3.33221
   1202.24     55000   -2.69380   -3.85642   -3.78998   -3.76537   -3.38455
   1225.81     60000   -2.75006   -4.09728   -4.20878   -4.20655   -3.46738
   1249.38     65000   -2.83176   -3.96283   -3.82497   -3.80561   -3.49806
   1272.95     70000   -2.86201   -3.93556   -3.81278   -3.78933   -3.51986
   1296.52     75000   -2.88167   -4.13575   -4.15100   -4.12678   -3.59384
   1320.09     80000   -2.95987   -4.24604   -4.19444   -4.18219   -3.66227
   1343.66     85000   -3.04216   -4.09930   -3.95727   -3.93613   -3.67617
   1367.23     90000   -3.03761   -4.16237   -4.06976   -4.04563   -3.71677
   1390.80     95000   -3.07999   -4.41498   -4.55179   -4.54124   -3.80054
   1414.38    100000   -3.16296   -4.34469   -4.21987   -4.20244   -3.84412
   1437.95      5000   -3.21687   -4.26998   -4.13747   -4.11477   -3.85907
   1461.52     10000   -3.22119   -4.42483   -4.38888   -4.36392   -3.92275
   1485.09     15000   -3.28892   -4.61960   -4.65045   -4.64315   -4.00089
   1508.67     20000   -3.37052   -4.46290   -4.32104   -4.30078   -4.02167
   1532.24     25000   -3.38252   -4.47771   -4.36692   -4.34319   -4.05109
   1555.81     30000   -3.41259   -4.71040   -4.78628   -4.76600   -4.13115
   1579.38     35000   -3.49474   -4.73229   -4.63535   -4.62026   -4.18856
   1602.95     40000   -3.58003   -4.61447   -4.47563   -4.45370   -4.20100
   1626.52     45000   -3.56359   -4.72129   -4.65032   -4.62564   -4.25281
   1650.09     50000   -3.61812   -4.96550   -5.08779   -5.08294   -4.33618
   1673.67     55000   -3.69934   -4.83652   -4.70017   -4.68119   -4.36783
   1697.24     60000   -3.73175   -4.80302   -4.67926   -4.65607   -4.38801
   1720.81     65000   -3.74928   -4.99764   -5.00622   -4.98235   -4.46049
   1744.38     70000   -3.82699   -5.11863   -5.07429   -5.06289   -4.53035
   1767.95     75000   -3.90943   -4.96932   -4.82722   -4.80608   -4.54517
   1791.52     80000   -3.90696   -5.02740   -4.93216   -4.90791   -4.58478
   1815.09     85000   -3.94760   -5.27964   -5.41236   -5.39900   -4.66848
   1838.66     90000   -4.03096   -5.21906   -5.09706   -5.07976   -4.71354
   1862.24     95000   -4.08801   -5.13860   -5.00551   -4.98296   -4.72768
   1885.81    100000   -4.08947   -5.28754   -5.24711   -5.22246   -4.78981
   1909.38      5000   -4.15595   -5.49007   -5.53182   -5.52562   -4.86882
   1932.95     10000   -4.23727   -5.33446   -5.19289   -5.17276   -4.89084
   1956.52     15000   -4.25198   -5.34377   -5.23120   -5.20746   -4.91921
   1980.09     20000   -4.28099   -5.57284   -5.64012   -5.61864   -4.99865
   2003.66     25000   -4.36305   -5.60699   -5.51491   -5.50009   -5.05759
   2027.23     30000   -4.44780   -5.48442   -5.34514   -5.32329   -5.06994
   2050.80     35000   -4.43271   -5.58528   -5.51119   -5.48663   -5.12020
   2074.37     40000   -4.48516   -5.83244   -5.96135   -5.95672   -5.20385
   2097.94     45000   -4.56651   -5.70948   -5.57414   -5.55532   -5.23705
   2121.51     50000   -4.60179   -5.67041   -5.54528   -5.52215   -5.25640
   2145.08     55000   -4.61755   -5.85991   -5.86167   -5.83745   -5.32783
   2168.66     60000   -4.69412   -5.99215   -5.95650   -5.94554   -5.39895
   2192.22     65000   -4.77598   -5.84048   -5.69823   -5.67722   -5.41434
   2215.79     70000   -4.77622   -5.89269   -5.79515   -5.77099   -5.45250
   2239.37     75000   -4.81488   -6.14345   -6.27046   -6.25619   -5.53590
   2262.94     80000   -4.89882   -6.09300   -5.97342   -5.95637   -5.58264
   2286.51     85000   -4.95880   -6.00725   -5.87320   -5.85071   -5.59637
   2310.08     90000   -4.95827   -6.15062   -6.10543   -6.08070   -5.65718
   2333.65     95000   -5.02348   -6.36067   -6.41444   -6.40865   -5.73698
   2357.22    100000   -5.10431   -6.20675   -6.06559   -6.04560   -5.76012
   2380.80      5000   -5.12159   -6.21027   -6.09601   -6.07237   -5.78727
   2404.36     10000   -5.14938   -6.43523   -6.49398   -6.47209   -5.86592
   2427.93     15000   -5.23027   -6.48117   -6.39403   -6.37962   -5.92644
   2451.50     20000   -5.31573   -6.35429   -6.21444   -6.19268   -5.93891
   2475.07     25000   -5.30214   -6.44944   -6.37207   -6.34753   -5.98774
   2498.64     30000   -5.35255   -6.69908   -6.83384   -6.82839   -6.07161
   2522.21     35000   -5.43394   -6.58282   -6.44878   -6.43013   -6.10632
   2545.78     40000   -5.47204   -6.53809   -6.41175   -6.38869   -6.12479
   2569.35     45000   -5.48592   -6.72235   -6.71762   -6.69333   -6.19507
   2592.92     50000   -5.56113   -6.86521   -6.83841   -6.82806   -6.26744
   2616.49     55000   -5.64273   -6.71156   -6.56919   -6.54829   -6.28351
   2640.07     60000   -5.64542   -6.75803   -6.65820   -6.63408   -6.32029
   2663.66     65000   -5.68243   -7.00697   -7.12747   -7.11185   -6.40336
   2687.26     70000   -5.76623   -6.96715   -6.85037   -6.83357   -6.45176
   2710.85     75000   -5.82982   -6.87612   -6.74123   -6.71883   -6.46509
   2734.43     80000   -5.82723   -7.01384   -6.96421   -6.93950   -6.52452
   2758.01     85000   -5.89100   -7.23076   -7.29621   -7.29101   -6.60506
   2781.61     90000   -5.97155   -7.07904   -6.93834   -6.91849   -6.62940
   2805.20     95000   -5.99141   -7.07682   -6.96092   -6.93734   -6.65538
   2828.79    100000   -6.01800   -7.29753   -7.34786   -7.32546   -6.73321
   2852.36      5000   -6.09764   -7.35538   -7.27372   -7.25969   -6.79527
   2875.93     10000   -6.18235   -7.22435   -7.08404   -7.06237   -6.80790
   2899.50     15000   -6.17116   -7.31376   -7.23332   -7.20883   -6.85528
   2923.07     20000   -6.22013   -7.56525   -7.70409   -7.69785   -6.93931
   2946.64     25000   -6.30157   -7.45621   -7.32357   -7.30510   -6.97557
   2970.22     30000   -6.34227   -7.40586   -7.27834   -7.25535   -6.99323
   2993.79     35000   -6.35452   -7.58481   -7.57385   -7.54943   -7.06234
   3017.36     40000   -6.42834   -7.73805   -7.72074   -7.71097   -7.13588
   3040.93     45000   -6.50969   -7.58284   -7.44042   -7.41963   -7.15270
   3064.50     50000   -6.51432   -7.62354   -7.52153   -7.49748   -7.18812
   3088.04     55000   -6.55018   -7.87027   -7.98348   -7.96672   -7.27078
   3111.58     60000   -6.63328   -7.84131   -7.72754   -7.71102   -7.32084
   3135.12     65000   -6.70106   -7.74510   -7.60941   -7.58708   -7.33385
   3158.65     70000   -6.69640   -7.87716   -7.82327   -7.79855   -7.39189
   3182.19     75000   -6.75794   -8.10041   -8.17749   -8.17273   -7.47309
   3205.74     80000   -6.83899   -7.95149   -7.81136   -7.79165   -7.49868
   3229.28     85000   -6.86144   -7.94355   -7.82607   -7.80255   -7.52352
   3252.83     90000   -6.88560   -8.15980   -8.20193   -8.17913   -7.60049
   3276.38     95000   -6.96521   -8.22951   -8.15368   -8.14008   -7.66405
   3299.92    100000   -7.04917   -8.09455   -7.95379   -7.93222   -7.67693
   3323.47      5000   -7.04001   -8.17820   -8.09481   -8.07036   -7.72286
   3347.01     10000   -7.08709   -8.43099   -8.57228   -8.56500   -7.80698
   3370.56     15000   -7.16940   -8.32973   -8.19864   -8.18037   -7.84481
   3394.11     20000   -7.21242   -8.27379   -8.14513   -8.12222   -7.86171
   3417.65     25000   -7.22331   -8.44736   -8.43044   -8.40593   -7.92960
   3441.20     30000   -7.29577   -8.61061   -8.60322   -8.59407   -8.00428
   3464.74     35000   -7.37685   -8.45424   -8.31183   -8.29116   -8.02191
   3488.29     40000   -7.38342   -8.48919   -8.38507   -8.36108   -8.05598
   3511.84     45000   -7.41813   -8.73335   -8.83870   -8.82087   -8.13818
   3535.41     50000   -7.50052   -8.71553   -8.60505   -8.58881   -8.18989
   3558.99     55000   -7.57252   -8.61423   -8.47778   -8.45554   -8.20264
   3582.57     60000   -7.56550   -8.74061   -8.68264   -8.65794   -8.25928
   3606.15     65000   -7.62509   -8.96959   -9.05794   -9.05354   -8.34108
   3629.73     70000   -7.70664   -8.82408   -8.68459   -8.66503   -8.36797
   3653.31     75000   -7.73090   -8.81040   -8.69140   -8.66796   -8.39171
   3676.89     80000   -7.75339   -9.02205   -9.05620   -9.03304   -8.46775
   3700.47     85000   -7.83298   -9.10354   -9.03401   -9.02084   -8.53279
   3724.04     90000   -7.91620   -8.96488   -8.82375   -8.80227   -8.54598
   3747.62     95000   -7.90867   -9.04279   -8.95657   -8.93216   -8.59047
   3771.14    100000   -7.95426   -9.29632   -9.43836   -9.42991   -8.67461
MyID= 0: Time=  0.1,has convergenced
     1686522 iterations for the convertgence of psi
 MyID=           0 has finish
