 START-UP FOR CHUNK...
     23.54      5000   -0.60727   -2.03278   -2.08738   -2.04463   -1.28925
     46.93     10000   -0.77848   -2.13634   -1.98109   -2.04750   -1.51144
     70.33     15000   -0.78426   -2.25078   -1.86810   -1.90677   -1.56428
     93.72     20000   -0.70625   -2.38849   -1.71411   -1.71587   -1.50204
    117.12     25000   -0.58914   -1.92242   -1.55007   -1.54384   -1.37408
    140.51     30000   -0.49629   -1.64363   -1.45755   -1.45805   -1.24583
    163.91     35000   -0.43302   -1.69028   -1.60469   -1.57638   -1.19484
    187.30     40000   -0.48940   -1.89608   -1.90044   -2.13591   -1.29038
    210.69     45000   -0.63854   -1.85304   -1.74684   -1.72824   -1.37515
    234.09     50000   -0.82194   -1.89975   -1.77651   -1.75990   -1.47692
    257.48     55000   -0.90299   -2.15953   -2.14757   -2.10849   -1.60789
    280.88     60000   -0.98035   -2.30152   -2.26338   -2.29214   -1.69415
    304.27     65000   -1.01940   -2.10886   -1.94501   -1.93616   -1.67509
    327.67     70000   -0.99553   -2.04822   -1.94572   -1.91612   -1.65088
    351.07     75000   -0.98871   -2.24090   -2.28671   -2.23108   -1.69909
    374.46     80000   -1.06460   -2.33003   -2.30710   -2.27663   -1.76964
    397.85     85000   -1.17304   -2.21420   -2.09120   -2.06862   -1.80474
    421.25     90000   -1.20449   -2.33149   -2.23444   -2.21111   -1.87262
    444.64     95000   -1.26098   -2.59032   -2.77058   -2.72609   -1.97155
    468.04    100000   -1.33995   -2.50892   -2.38679   -2.37930   -2.01442
 ITERATION...
    491.43      5000   -1.37952   -2.41250   -2.27856   -2.25945   -2.00830
    514.83     10000   -1.36005   -2.53665   -2.49117   -2.45530   -2.04989
    538.22     15000   -1.41641   -2.75490   -2.85911   -2.84554   -2.13170
    561.61     20000   -1.51185   -2.61406   -2.48711   -2.46679   -2.16984
    585.01     25000   -1.54762   -2.62831   -2.50735   -2.48202   -2.20479
    608.40     30000   -1.58145   -2.86228   -2.88989   -2.84994   -2.28873
    631.80     35000   -1.66422   -2.92506   -2.87585   -2.86291   -2.36006
    655.20     40000   -1.73762   -2.78225   -2.64473   -2.62629   -2.36895
    678.59     45000   -1.72481   -2.85042   -2.75543   -2.72879   -2.40035
    701.99     50000   -1.76379   -3.10253   -3.25394   -3.21420   -2.48258
    725.38     55000   -1.85511   -3.02626   -2.91994   -2.90506   -2.53564
    748.78     60000   -1.92075   -2.96249   -2.83090   -2.80914   -2.55478
    772.17     65000   -1.92665   -3.12651   -3.07277   -3.04000   -2.61868
    795.57     70000   -1.99284   -3.33231   -3.41073   -3.39197   -2.70389
    818.97     75000   -2.07585   -3.16923   -3.03756   -3.02008   -2.73028
    842.36     80000   -2.08967   -3.17150   -3.05466   -3.03007   -2.75046
    865.76     85000   -2.11364   -3.39699   -3.43204   -3.39475   -2.82482
    889.15     90000   -2.19893   -3.45469   -3.40134   -3.38764   -2.89568
    912.55     95000   -2.28523   -3.32330   -3.18883   -3.16902   -2.91306
    935.94    100000   -2.28016   -3.41228   -3.31857   -3.29147   -2.95648
    959.34      5000   -2.32537   -3.67385   -3.83099   -3.78816   -3.04342
    982.74     10000   -2.41433   -3.57826   -3.46486   -3.45006   -3.09125
   1006.13     15000   -2.46690   -3.51141   -3.38214   -3.36003   -3.10422
   1029.53     20000   -2.46985   -3.67325   -3.62854   -3.59643   -3.16406
   1052.92     25000   -2.53595   -3.87083   -3.93337   -3.91859   -3.24747
   1076.32     30000   -2.62238   -3.71023   -3.57826   -3.56011   -3.27541
   1099.71     35000   -2.63934   -3.72459   -3.60863   -3.58393   -3.30149
   1123.11     40000   -2.66842   -3.95841   -4.00559   -3.96582   -3.37995
   1146.50     45000   -2.75377   -4.00289   -3.93927   -3.92613   -3.44853
   1169.89     50000   -2.83636   -3.87338   -3.73807   -3.71815   -3.46273
   1193.29     55000   -2.82728   -3.96440   -3.87531   -3.84754   -3.50509
   1216.69     60000   -2.87280   -4.22320   -4.38208   -4.34549   -3.59121
   1240.08     65000   -2.96287   -4.11931   -4.00268   -3.98727   -3.63794
   1263.48     70000   -3.01326   -4.06140   -3.93197   -3.90951   -3.65336
   1286.87     75000   -3.02024   -4.23173   -4.19190   -4.15893   -3.71647
   1310.27     80000   -3.08913   -4.41791   -4.46795   -4.45283   -3.79919
   1333.66     85000   -3.17370   -4.25747   -4.12406   -4.10607   -3.82463
   1357.06     90000   -3.18752   -4.27717   -4.16283   -4.13796   -3.85082
   1380.45     95000   -3.21699   -4.51423   -4.57304   -4.53323   -3.92969
   1403.85    100000   -3.30338   -4.54366   -4.47242   -4.45951   -3.99669
   1427.24      5000   -3.38686   -4.42063   -4.28498   -4.26475   -4.01113
   1450.64     10000   -3.37667   -4.51988   -4.43293   -4.40460   -4.05603
   1474.03     15000   -3.42470   -4.77696   -4.93821   -4.90122   -4.14262
   1497.43     20000   -3.51366   -4.66323   -4.54454   -4.52889   -4.18699
   1520.83     25000   -3.55978   -4.61183   -4.48336   -4.46080   -4.20248
   1544.22     30000   -3.56859   -4.78837   -4.75485   -4.72165   -4.26683
   1567.62     35000   -3.63998   -4.96194   -4.99705   -4.98344   -4.34859
   1591.01     40000   -3.72423   -4.80215   -4.66806   -4.64990   -4.37284
   1614.41     45000   -3.73622   -4.82953   -4.71663   -4.69147   -4.40079
   1637.80     50000   -3.76753   -5.07161   -5.14155   -5.10030   -4.48094
   1661.20     55000   -3.85396   -5.08619   -5.00913   -4.99584   -4.54602
   1684.59     60000   -3.93778   -4.96859   -4.83351   -4.81310   -4.55984
   1707.99     65000   -3.92562   -5.07463   -4.99126   -4.96270   -4.60629
   1731.38     70000   -3.97551   -5.32881   -5.48749   -5.45408   -4.69293
   1754.78     75000   -4.06405   -5.20598   -5.08508   -5.06920   -4.73539
   1778.18     80000   -4.10617   -5.16169   -5.03420   -5.01144   -4.75172
   1801.57     85000   -4.11784   -5.34505   -5.31802   -5.28411   -4.81781
   1824.97     90000   -4.19091   -5.50662   -5.52876   -5.51530   -4.89852
   1848.36     95000   -4.27528   -5.34787   -5.21347   -5.19511   -4.92129
   1871.76    100000   -4.28466   -5.38206   -5.27132   -5.24593   -4.95061
   1895.15      5000   -4.31788   -5.62823   -5.71012   -5.66863   -5.03172
   1918.55     10000   -4.40425   -5.62811   -5.54495   -5.53151   -5.09496
   1941.95     15000   -4.48901   -5.51635   -5.38163   -5.36099   -5.10855
   1965.34     20000   -4.47477   -5.62940   -5.54958   -5.52061   -5.15682
   1988.74     25000   -4.52624   -5.88007   -6.03461   -6.00327   -5.24346
   2012.13     30000   -4.61487   -5.74962   -5.62683   -5.61070   -5.28390
   2035.53     35000   -4.65290   -5.71210   -5.58579   -5.56283   -5.30098
   2058.92     40000   -4.66720   -5.90187   -5.88212   -5.84771   -5.36862
   2082.32     45000   -4.74169   -6.05058   -6.05942   -6.04653   -5.44821
   2105.71     50000   -4.82659   -5.89357   -5.75867   -5.74010   -5.46970
   2129.11     55000   -4.83277   -5.93472   -5.82598   -5.80029   -5.50055
   2152.50     60000   -4.86784   -6.18459   -6.27849   -6.23624   -5.58261
   2175.90     65000   -4.95491   -6.17040   -6.08197   -6.06825   -5.64392
   2199.30     70000   -5.03923   -6.06462   -5.93036   -5.90952   -5.65729
   2222.69     75000   -5.02361   -6.18455   -6.10860   -6.07927   -5.70731
   2246.09     80000   -5.07719   -6.43062   -6.57770   -6.54938   -5.79387
   2269.48     85000   -5.16542   -6.29325   -6.16856   -6.15222   -5.83236
   2292.88     90000   -5.19994   -6.26263   -6.13742   -6.11424   -5.85031
   2316.28     95000   -5.21691   -6.45877   -6.44654   -6.41144   -5.91950
   2339.67    100000   -5.29280   -6.59428   -6.59101   -6.57830   -5.99787
   2363.07      5000   -5.37705   -6.43964   -6.30442   -6.28565   -6.01813
   2386.46     10000   -5.38116   -6.48773   -6.38114   -6.35520   -6.05053
   2409.86     15000   -5.41742   -6.74079   -6.84664   -6.80409   -6.13344
   2433.26     20000   -5.50586   -6.71260   -6.61917   -6.60525   -6.19280
   2456.65     25000   -5.58563   -6.61300   -6.47919   -6.45815   -6.20609
   2480.05     30000   -5.57276   -6.73984   -6.66789   -6.63814   -6.25788
   2503.44     35000   -5.62845   -6.98047   -7.11807   -7.09228   -6.34423
   2526.83     40000   -5.71553   -6.83717   -6.71086   -6.69429   -6.38081
   2550.23     45000   -5.74729   -6.81344   -6.68945   -6.66605   -6.39969
   2573.62     50000   -5.76610   -7.01582   -7.01164   -6.97592   -6.47038
   2597.02     55000   -5.84421   -7.13757   -7.12273   -7.11019   -6.54745
   2620.41     60000   -5.92745   -6.98585   -6.85035   -6.83138   -6.56659
   2643.80     65000   -5.92986   -7.04089   -6.93654   -6.91031   -6.60057
   2667.20     70000   -5.96731   -7.29662   -7.41411   -7.37129   -6.68426
   2690.59     75000   -6.05617   -7.25493   -7.15703   -7.14286   -6.74163
   2713.98     80000   -6.13098   -7.16164   -7.02837   -7.00713   -6.75492
   2737.37     85000   -6.12167   -7.29536   -7.22769   -7.19754   -6.80848
   2760.77     90000   -6.17942   -7.52960   -7.65559   -7.63237   -6.89453
   2784.16     95000   -6.26594   -7.38124   -7.25344   -7.23664   -6.92923
   2807.55    100000   -6.29470   -7.36442   -7.24170   -7.21808   -6.94913
   2830.95      5000   -6.31501   -7.57290   -7.57723   -7.54081   -7.02128
   2854.34     10000   -6.39487   -7.68059   -7.65505   -7.64256   -7.09695
   2877.74     15000   -6.47815   -7.53230   -7.39663   -7.37746   -7.11506
   2901.13     20000   -6.47864   -7.59428   -7.49232   -7.46581   -7.15067
   2924.52     25000   -6.51748   -7.85210   -7.98062   -7.93786   -7.23504
   2947.91     30000   -6.60629   -7.79733   -7.69530   -7.68090   -7.29040
   2971.31     35000   -6.67666   -7.71046   -7.57778   -7.55635   -7.30380
   2994.70     40000   -6.67021   -7.85104   -7.78791   -7.75731   -7.35912
   3018.10     45000   -6.73028   -8.07800   -8.19102   -8.17003   -7.44477
   3041.49     50000   -6.81664   -7.92553   -7.79641   -7.77940   -7.47764
   3064.89     55000   -6.84201   -7.91563   -7.79427   -7.77042   -7.49863
   3088.28     60000   -6.86422   -8.13004   -8.14340   -8.10628   -7.57219
   3111.67     65000   -6.94563   -8.22335   -8.18782   -8.17532   -7.64638
   3135.07     70000   -7.02915   -8.07895   -7.94318   -7.92380   -7.66356
   3158.46     75000   -7.02716   -8.14787   -8.04843   -8.02161   -7.70082
   3181.85     80000   -7.06795   -8.40715   -8.54572   -8.50329   -7.78580
   3205.25     85000   -7.15670   -8.33986   -8.23408   -8.21944   -7.83913
   3228.64     90000   -7.22267   -8.25950   -8.12749   -8.10585   -7.85274
   3252.03     95000   -7.21905   -8.40693   -8.34861   -8.31756   -7.90980
   3275.43    100000   -7.28144   -8.62570   -8.72469   -8.70567   -7.99494
   3298.82      5000   -7.36764   -8.47001   -8.33972   -8.32248   -8.02605
   3322.22     10000   -7.38962   -8.46704   -8.34711   -8.32303   -8.04818
   3345.61     15000   -7.41372   -8.68719   -8.71008   -8.67223   -8.12310
   3369.00     20000   -7.49668   -8.76592   -8.72116   -8.70859   -8.19574
   3392.39     25000   -7.58044   -8.62581   -8.49002   -8.47045   -8.21208
   3415.78     30000   -7.57598   -8.70168   -8.60489   -8.57777   -8.25102
   3439.18     35000   -7.61862   -8.96172   -9.10896   -9.06725   -8.33652
   3462.57     40000   -7.70741   -8.88250   -8.77330   -8.75842   -8.38781
   3485.96     45000   -7.76835   -8.80874   -8.67745   -8.65561   -8.40172
   3509.35     50000   -7.76818   -8.96298   -8.90978   -8.87826   -8.46051
   3532.74     55000   -7.83283   -9.17273   -9.25712   -9.23975   -8.54504
   3556.14     60000   -7.91894   -9.01470   -8.88337   -8.86592   -8.57444
   3579.53     65000   -7.93754   -9.01866   -8.90026   -8.87593   -8.59780
   3602.93     70000   -7.96352   -9.24433   -9.27726   -9.23869   -8.67402
MyID= 0: Time=  0.1,has convergenced
     1686308 iterations for the convertgence of psi
 MyID=           0 has finish
