 START-UP FOR CHUNK...
     23.48      5000   -0.56018   -2.00929   -1.90095   -1.82082   -1.28167
     46.89     10000   -0.67203   -2.17370   -1.76047   -1.83219   -1.46052
     70.32     15000   -0.62954   -2.27144   -1.65427   -1.70201   -1.45030
     93.73     20000   -0.53500   -2.09791   -1.53899   -1.53596   -1.36145
    117.13     25000   -0.45375   -1.68397   -1.46449   -1.44792   -1.25891
    140.54     30000   -0.40869   -1.64302   -1.55930   -1.55126   -1.19906
    163.97     35000   -0.44420   -1.94332   -1.84399   -1.95783   -1.30647
    187.38     40000   -0.62398   -1.90538   -1.82565   -1.81158   -1.41836
    210.78     45000   -0.81798   -1.91463   -1.78055   -1.80181   -1.50763
    234.18     50000   -0.91060   -2.16892   -2.07550   -2.03719   -1.62973
    257.60     55000   -0.99442   -2.38722   -2.42488   -2.42191   -1.75486
    281.00     60000   -1.08543   -2.31367   -2.09815   -2.10913   -1.78903
    304.38     65000   -1.12136   -2.14601   -2.02181   -1.99055   -1.76379
    327.77     70000   -1.09097   -2.25702   -2.19328   -2.14657   -1.78834
    351.18     75000   -1.13703   -2.51772   -2.61559   -2.51288   -1.87639
    374.58     80000   -1.25663   -2.37033   -2.30922   -2.26896   -1.93702
    397.98     85000   -1.36054   -2.36195   -2.24674   -2.23992   -1.97210
    421.38     90000   -1.37094   -2.58245   -2.50652   -2.48203   -2.04831
    444.78     95000   -1.44050   -2.77622   -2.88333   -2.82784   -2.15126
    468.17    100000   -1.54145   -2.63290   -2.49091   -2.49763   -2.19375
 ITERATION...
    491.56      5000   -1.56439   -2.59691   -2.46928   -2.44911   -2.19782
    514.95     10000   -1.56798   -2.79586   -2.74479   -2.68118   -2.25272
    538.33     15000   -1.63380   -3.00380   -3.04811   -2.98454   -2.34600
    561.76     20000   -1.74771   -2.80719   -2.70181   -2.67627   -2.39242
    585.18     25000   -1.77490   -2.82936   -2.71534   -2.69322   -2.42080
    608.58     30000   -1.80933   -3.08843   -3.05240   -3.00677   -2.49756
    631.98     35000   -1.88970   -3.18082   -3.18632   -3.15036   -2.59045
    655.40     40000   -1.98876   -3.01714   -2.89281   -2.88788   -2.62156
    678.80     45000   -1.98477   -3.06305   -2.94412   -2.92520   -2.64215
    702.20     50000   -2.01906   -3.33340   -3.33792   -3.26051   -2.71759
    725.60     55000   -2.10959   -3.38140   -3.33144   -3.31268   -2.80498
    748.99     60000   -2.20975   -3.22883   -3.10691   -3.08983   -2.83442
    772.40     65000   -2.20467   -3.30923   -3.20266   -3.17351   -2.86857
    795.80     70000   -2.25080   -3.61644   -3.66343   -3.57774   -2.95483
    819.20     75000   -2.35084   -3.56115   -3.48871   -3.46778   -3.03518
    842.60     80000   -2.44078   -3.43798   -3.31564   -3.30241   -3.05565
    865.99     85000   -2.42192   -3.54993   -3.44705   -3.42178   -3.09241
    889.38     90000   -2.47026   -3.85476   -3.96015   -3.85209   -3.18126
    912.78     95000   -2.57899   -3.74702   -3.65436   -3.64371   -3.25389
    936.18    100000   -2.66654   -3.66127   -3.53657   -3.52119   -3.27333
    959.58      5000   -2.64727   -3.80633   -3.71666   -3.68157   -3.32055
    982.98     10000   -2.70298   -4.11075   -4.23218   -4.12458   -3.41431
   1006.38     15000   -2.81284   -3.93973   -3.83187   -3.81809   -3.47706
   1029.76     20000   -2.86898   -3.88163   -3.75948   -3.74157   -3.49373
   1053.16     25000   -2.86847   -4.05918   -3.98148   -3.94455   -3.54767
   1076.56     30000   -2.93002   -4.32085   -4.42532   -4.33615   -3.64231
   1099.94     35000   -3.04110   -4.13145   -4.01830   -4.00714   -3.69565
   1123.31     40000   -3.07497   -4.11184   -3.98998   -3.97219   -3.71420
   1146.68     45000   -3.09238   -4.32336   -4.26636   -4.22028   -3.77732
   1170.06     50000   -3.16309   -4.52818   -4.56452   -4.51342   -3.87195
   1193.43     55000   -3.27132   -4.33313   -4.21108   -4.19910   -3.91539
   1216.80     60000   -3.28606   -4.34358   -4.22483   -4.20336   -3.93619
   1240.18     65000   -3.31512   -4.58765   -4.55574   -4.49972   -4.00686
   1263.55     70000   -3.39591   -4.71517   -4.70389   -4.66830   -4.09860
   1286.92     75000   -3.49981   -4.53610   -4.41312   -4.40032   -4.13347
   1310.30     80000   -3.50145   -4.58174   -4.46683   -4.44444   -4.15926
   1333.67     85000   -3.53866   -4.85569   -4.86223   -4.79264   -4.23760
   1357.04     90000   -3.63043   -4.89765   -4.84410   -4.82344   -4.32470
   1380.42     95000   -3.72764   -4.74585   -4.61899   -4.60599   -4.35209
   1403.79    100000   -3.71822   -4.82369   -4.71385   -4.68783   -4.38366
   1427.16      5000   -3.76289   -5.12118   -5.17528   -5.08525   -4.46829
   1450.54     10000   -3.86357   -5.08109   -5.00210   -4.98550   -4.54854
   1473.92     15000   -3.95568   -4.95965   -4.83331   -4.81858   -4.57051
   1497.29     20000   -3.93881   -5.07126   -4.96928   -4.94038   -4.60934
   1520.68     25000   -3.98833   -5.37829   -5.48441   -5.37664   -4.69919
   1544.05     30000   -4.09703   -5.26497   -5.16796   -5.15503   -4.77116
   1567.43     35000   -4.18297   -5.17802   -5.05114   -5.03574   -4.78968
   1590.80     40000   -4.16232   -5.32313   -5.23076   -5.19745   -4.83627
   1614.17     45000   -4.21794   -5.61950   -5.74894   -5.63735   -4.92954
   1637.55     50000   -4.32788   -5.45505   -5.34648   -5.33450   -4.99209
   1660.92     55000   -4.38414   -5.40157   -5.27640   -5.25916   -5.00945
   1684.30     60000   -4.38517   -5.58073   -5.50274   -5.46389   -5.06436
   1707.67     65000   -4.44716   -5.84039   -5.93718   -5.85254   -5.15927
   1731.05     70000   -4.55788   -5.64856   -5.53213   -5.52047   -5.21201
   1754.42     75000   -4.59030   -5.62910   -5.50573   -5.48707   -5.23031
   1777.81     80000   -4.60813   -5.84217   -5.78309   -5.73690   -5.29347
   1801.22     85000   -4.67905   -6.04123   -6.08035   -6.02606   -5.38781
   1824.61     90000   -4.78721   -5.84811   -5.72678   -5.71495   -5.43094
   1848.04     95000   -4.80178   -5.86199   -5.74198   -5.72126   -5.45219
   1871.44    100000   -4.83135   -6.10815   -6.07666   -6.02006   -5.52340
   1894.85      5000   -4.91281   -6.22977   -6.21398   -6.18128   -5.61506
   1918.25     10000   -5.01626   -6.05210   -5.92742   -5.91491   -5.64948
   1941.65     15000   -5.01718   -6.09907   -5.98320   -5.96021   -5.67538
   1965.06     20000   -5.05458   -6.37505   -6.38102   -6.30998   -5.75394
   1988.46     25000   -5.14661   -6.41228   -6.35876   -6.33693   -5.84067
   2011.86     30000   -5.24374   -6.26142   -6.13522   -6.12190   -5.86781
   2035.26     35000   -5.23419   -6.34152   -6.23159   -6.20587   -5.89979
   2058.65     40000   -5.27899   -6.64016   -6.69596   -6.60584   -5.98475
   2082.04     45000   -5.38020   -6.59467   -6.51429   -6.49854   -6.06469
   2105.46     50000   -5.47196   -6.47531   -6.34830   -6.33389   -6.08643
   2128.87     55000   -5.45471   -6.58856   -6.48622   -6.45705   -6.12555
   2152.27     60000   -5.50456   -6.89620   -7.00326   -6.89388   -6.21554
   2175.66     65000   -5.61339   -6.77989   -6.68262   -6.66944   -6.28707
   2199.05     70000   -5.69838   -6.69414   -6.56768   -6.55201   -6.30550
   2222.47     75000   -5.67827   -6.84100   -6.74923   -6.71583   -6.35250
   2245.87     80000   -5.73439   -7.13632   -7.26441   -7.15459   -6.44593
   2269.26     85000   -5.84428   -6.96924   -6.86014   -6.84829   -6.50806
   2292.68     90000   -5.89931   -6.91748   -6.79211   -6.77499   -6.52540
   2316.07     95000   -5.90130   -7.09818   -7.02049   -6.98141   -6.58065
   2339.45    100000   -5.96352   -7.35576   -7.45105   -7.36703   -6.67556
   2362.82      5000   -6.07408   -7.16369   -7.04717   -7.03550   -6.72783
   2386.20     10000   -6.10573   -7.14566   -7.02259   -7.00377   -6.74623
   2409.57     15000   -6.12417   -7.36030   -7.30244   -7.25588   -6.80979
   2432.94     20000   -6.19560   -7.55605   -7.59157   -7.53906   -6.90409
   2456.32     25000   -6.30354   -7.36301   -7.24136   -7.22949   -6.94681
   2479.69     30000   -6.31731   -7.37838   -7.25837   -7.23760   -6.96823
   2503.06     35000   -6.34739   -7.62587   -7.59550   -7.53840   -7.03977
   2526.43     40000   -6.42937   -7.74396   -7.72696   -7.69456   -7.13122
   2549.81     45000   -6.53248   -7.56755   -7.44292   -7.43040   -7.16528
   2573.19     50000   -6.53304   -7.61603   -7.50047   -7.47738   -7.19143
   2596.56     55000   -6.57061   -7.89319   -7.90134   -7.82963   -7.27031
   2619.95     60000   -6.66310   -7.92644   -7.87107   -7.84982   -7.35680
   2643.34     65000   -6.76003   -7.77687   -7.65047   -7.63710   -7.38367
   2666.72     70000   -6.75004   -7.85841   -7.74863   -7.72276   -7.41594
   2690.11     75000   -6.79502   -8.15773   -8.21573   -8.12455   -7.50114
   2713.50     80000   -6.89666   -8.10894   -8.02807   -8.01233   -7.58072
   2736.89     85000   -6.98815   -7.99114   -7.86426   -7.84979   -7.60226
   2760.29     90000   -6.97071   -8.10592   -8.00405   -7.97475   -7.64172
   2783.68     95000   -7.02085   -8.41341   -8.52239   -8.41272   -7.73192
   2807.08    100000   -7.12994   -8.29423   -8.19616   -8.18316   -7.80306
   2830.47      5000   -7.21327   -8.21003   -8.08349   -8.06777   -7.82140
   2853.87     10000   -7.19418   -8.35838   -8.26700   -8.23335   -7.86876
   2877.26     15000   -7.25077   -8.65260   -8.78063   -8.67102   -7.96228
   2900.64     20000   -7.36056   -8.48393   -8.37464   -8.36275   -8.02396
   2924.02     25000   -7.41455   -8.43370   -8.30851   -8.29131   -8.04130
   2947.40     30000   -7.41748   -8.61596   -8.53907   -8.49975   -8.09693
   2970.79     35000   -7.47994   -8.87110   -8.96369   -8.88153   -8.19187
   2994.16     40000   -7.59041   -8.67847   -8.56160   -8.54998   -8.24372
   3017.54     45000   -7.62113   -8.66197   -8.53894   -8.52005   -8.26221
   3040.94     50000   -7.64021   -8.87808   -8.82114   -8.77415   -8.32612
   3064.32     55000   -7.71211   -9.07074   -9.10401   -9.05239   -8.42033
   3087.68     60000   -7.81981   -8.87815   -8.75645   -8.74453   -8.46264
   3111.04     65000   -7.83291   -8.89500   -8.77523   -8.75437   -8.48424
   3134.40     70000   -7.86343   -9.14393   -9.11508   -9.05748   -8.55612
   3157.76     75000   -7.94597   -9.25820   -9.23903   -9.20742   -8.64741
MyID= 0: Time=  0.1,has convergenced
     1684527 iterations for the convertgence of psi
 MyID=           0 has finish
