 START-UP FOR CHUNK...
     23.43      5000   -0.62769   -2.04024   -2.18184   -2.19223   -1.29001
     46.77     10000   -0.82911   -2.12713   -2.11852   -2.19301   -1.52734
     70.11     15000   -0.86954   -2.21890   -2.01242   -2.04823   -1.61677
     93.45     20000   -0.81898   -2.49316   -1.85400   -1.85089   -1.59469
    116.79     25000   -0.70389   -2.09698   -1.66009   -1.65808   -1.47489
    140.13     30000   -0.57924   -1.79410   -1.49787   -1.50025   -1.32115
    163.47     35000   -0.48189   -1.61467   -1.46659   -1.46234   -1.19936
    186.80     40000   -0.46188   -1.75693   -1.74487   -1.72984   -1.20322
    210.14     45000   -0.55519   -1.93131   -1.86103   -1.88628   -1.30241
    233.48     50000   -0.69757   -1.81014   -1.68443   -1.66674   -1.38180
    256.81     55000   -0.82818   -1.97968   -1.87243   -1.83282   -1.50810
    280.15     60000   -0.91137   -2.27510   -2.38066   -2.38722   -1.62741
    303.48     65000   -0.97063   -2.17687   -2.01904   -2.00392   -1.64883
    326.82     70000   -0.97847   -2.00442   -1.86591   -1.84255   -1.60594
    350.16     75000   -0.92488   -2.06338   -2.01408   -1.98564   -1.61435
    373.50     80000   -0.95885   -2.28198   -2.41421   -2.41328   -1.68277
    396.84     85000   -1.05843   -2.18590   -2.06396   -2.04282   -1.72778
    420.18     90000   -1.12807   -2.19908   -2.07723   -2.05914   -1.78170
    443.51     95000   -1.17188   -2.42549   -2.45529   -2.42682   -1.87899
    466.85    100000   -1.24892   -2.53300   -2.45737   -2.45690   -1.94464
 ITERATION...
    490.19      5000   -1.30310   -2.36680   -2.21528   -2.19491   -1.93845
    513.52     10000   -1.27923   -2.39413   -2.30935   -2.28050   -1.95730
    536.86     15000   -1.30899   -2.63863   -2.76376   -2.76605   -2.03203
    560.20     20000   -1.39727   -2.58435   -2.46621   -2.44284   -2.08183
    583.54     25000   -1.46945   -2.52348   -2.39089   -2.36845   -2.11116
    606.87     30000   -1.48677   -2.69461   -2.65528   -2.63364   -2.18736
    630.21     35000   -1.55685   -2.87799   -2.90801   -2.90086   -2.26615
    653.55     40000   -1.62837   -2.72290   -2.57542   -2.55812   -2.27889
    676.89     45000   -1.62949   -2.72491   -2.61611   -2.59263   -2.29890
    700.23     50000   -1.65361   -2.94935   -3.02774   -3.01112   -2.37376
    723.57     55000   -1.73622   -2.97538   -2.87530   -2.85920   -2.43182
    746.90     60000   -1.82737   -2.86343   -2.72561   -2.70234   -2.45034
    770.24     65000   -1.81884   -2.98266   -2.91121   -2.88664   -2.50949
    793.58     70000   -1.87719   -3.22534   -3.33810   -3.33029   -2.59374
    816.92     75000   -1.95436   -3.08791   -2.94972   -2.93038   -2.62084
    840.26     80000   -1.97991   -3.05322   -2.93147   -2.90903   -2.63762
    863.60     85000   -1.99493   -3.24659   -3.26274   -3.24302   -2.70816
    886.94     90000   -2.07279   -3.35940   -3.30526   -3.29350   -2.77635
    910.28     95000   -2.15889   -3.21470   -3.07303   -3.05166   -2.79290
    933.62    100000   -2.15748   -3.28222   -3.19007   -3.16594   -2.83743
    956.95      5000   -2.20163   -3.53829   -3.67354   -3.66200   -2.92231
    980.29     10000   -2.28286   -3.46541   -3.33808   -3.32001   -2.96345
   1003.63     15000   -2.33307   -3.38792   -3.25693   -3.23402   -2.97652
   1026.97     20000   -2.33639   -3.54137   -3.50984   -3.48716   -3.03924
   1050.30     25000   -2.40434   -3.73351   -3.75296   -3.74670   -3.11618
   1073.64     30000   -2.48679   -3.57673   -3.43411   -3.41328   -3.13710
   1096.98     35000   -2.49936   -3.59582   -3.48650   -3.46305   -3.16925
   1120.31     40000   -2.53102   -3.83126   -3.91344   -3.89473   -3.25057
   1143.65     45000   -2.61216   -3.84752   -3.74472   -3.72918   -3.30548
   1166.99     50000   -2.69289   -3.73121   -3.59267   -3.57059   -3.31699
   1190.33     55000   -2.67813   -3.84032   -3.77452   -3.75065   -3.36961
   1213.66     60000   -2.73439   -4.08149   -4.18854   -4.18829   -3.45198
   1237.00     65000   -2.81580   -3.94767   -3.80851   -3.78878   -3.48189
   1260.34     70000   -2.84580   -3.91995   -3.79760   -3.77429   -3.50416
   1283.68     75000   -2.86536   -4.12007   -4.13747   -4.11511   -3.57854
   1307.02     80000   -2.94337   -4.22909   -4.17263   -4.16013   -3.64577
   1330.36     85000   -3.02555   -4.08270   -3.94019   -3.91882   -3.65925
   1353.70     90000   -3.02052   -4.14685   -4.05609   -4.03238   -3.70085
   1377.03     95000   -3.06341   -4.39948   -4.53484   -4.52838   -3.78446
   1400.37    100000   -3.14586   -4.32566   -4.19799   -4.18002   -3.82632
   1423.71      5000   -3.19753   -4.25303   -4.12121   -4.09843   -3.84180
   1447.05     10000   -3.20376   -4.41058   -4.37908   -4.35531   -3.90671
   1470.38     15000   -3.27230   -4.60023   -4.61881   -4.61144   -3.98347
   1493.72     20000   -3.35306   -4.44303   -4.30014   -4.27949   -4.00292
   1517.06     25000   -3.36373   -4.46167   -4.35313   -4.32963   -4.03386
   1540.39     30000   -3.39476   -4.69699   -4.78065   -4.76394   -4.11455
   1563.73     35000   -3.47621   -4.70895   -4.60538   -4.58957   -4.16943
   1587.07     40000   -3.55707   -4.59511   -4.45675   -4.43459   -4.18190
   1610.40     45000   -3.54398   -4.70738   -4.64153   -4.61755   -4.23579
   1633.74     50000   -3.60082   -4.94751   -5.05469   -5.05208   -4.31823
   1657.08     55000   -3.68189   -4.81243   -4.67353   -4.65396   -4.34732
   1680.42     60000   -3.71054   -4.78538   -4.66382   -4.64064   -4.36913
   1703.76     65000   -3.72987   -4.98617   -5.00570   -4.98402   -4.44331
   1727.10     70000   -3.80812   -5.09209   -5.03317   -5.02076   -4.51032
   1750.43     75000   -3.89084   -4.94644   -4.80418   -4.78266   -4.52408
   1773.77     80000   -3.88584   -5.01272   -4.92242   -4.89856   -4.56646
   1797.11     85000   -3.92923   -5.26603   -5.40255   -5.39493   -4.65023
   1820.45     90000   -4.01156   -5.18997   -5.06224   -5.04413   -4.69153
   1843.78     95000   -4.06214   -5.11824   -4.98698   -4.96427   -4.70685
   1867.12    100000   -4.06865   -5.27669   -5.24688   -5.22347   -4.77182
   1890.46      5000   -4.13750   -5.46420   -5.47939   -5.47230   -4.84838
   1913.80     10000   -4.21827   -5.30693   -5.16392   -5.14323   -4.86776
   1937.13     15000   -4.22879   -5.32715   -5.21903   -5.19543   -4.89920
   1960.47     20000   -4.26025   -5.56353   -5.64925   -5.63211   -4.98012
   1983.81     25000   -4.34166   -5.57315   -5.46877   -5.45280   -5.03455
   2007.15     30000   -4.42152   -5.46019   -5.32208   -5.29991   -5.04693
   2030.49     35000   -4.40892   -5.57358   -5.50878   -5.48492   -5.10104
   2053.82     40000   -4.46602   -5.81261   -5.91699   -5.91492   -5.18336
   2077.16     45000   -4.54737   -5.67629   -5.53705   -5.51744   -5.21219
   2100.50     50000   -4.57541   -5.65071   -5.52937   -5.50616   -5.23434
   2123.84     55000   -4.59515   -5.85271   -5.87390   -5.85207   -5.30880
   2147.17     60000   -4.67357   -5.95619   -5.89575   -5.88315   -5.37546
   2170.51     65000   -4.75620   -5.81123   -5.66904   -5.64752   -5.38906
   2193.85     70000   -4.75086   -5.87876   -5.78913   -5.76530   -5.43172
   2217.19     75000   -4.79452   -6.13210   -6.26896   -6.26207   -5.51551
   2240.52     80000   -4.87692   -6.05371   -5.92538   -5.90723   -5.55645
   2263.86     85000   -4.92672   -5.98333   -5.85224   -5.82949   -5.57195
   2287.20     90000   -4.93388   -6.14314   -6.11445   -6.09100   -5.63726
   2310.54     95000   -5.00303   -6.32866   -6.34149   -6.33409   -5.71357
   2333.88    100000   -5.08359   -6.17135   -6.02833   -6.00763   -5.73270
   2357.22      5000   -5.09379   -6.19291   -6.08525   -6.06167   -5.76443
   2380.56     10000   -5.12551   -6.43006   -6.51775   -6.50101   -5.84548
   2403.90     15000   -5.20695   -6.43682   -6.33140   -6.31539   -5.89954
   2427.23     20000   -5.28593   -6.32501   -6.18703   -6.16483   -5.91196
   2450.57     25000   -5.27400   -6.43978   -6.37581   -6.35192   -5.96642
   2473.91     30000   -5.33137   -6.67787   -6.78013   -6.77784   -6.04862
   2497.25     35000   -5.41291   -6.54041   -6.40101   -6.38136   -6.07712
   2520.60     40000   -5.44029   -6.51616   -6.39518   -6.37197   -6.09950
   2543.95     45000   -5.46033   -6.71932   -6.74226   -6.72058   -6.17419
   2567.30     50000   -5.53895   -6.82002   -6.75781   -6.74511   -6.24052
   2590.65     55000   -5.62159   -6.67579   -6.53366   -6.51212   -6.25403
   2614.01     60000   -5.61594   -6.74470   -6.65568   -6.63183   -6.29704
   2637.36     65000   -5.65988   -6.99813   -7.13551   -7.12881   -6.38084
   2660.71     70000   -5.74232   -6.91760   -6.78883   -6.77062   -6.42140
   2684.06     75000   -5.79132   -6.84850   -6.71767   -6.69491   -6.43705
   2707.41     80000   -5.79891   -7.00961   -6.98219   -6.95878   -6.50265
   2730.76     85000   -5.86846   -7.19301   -7.20319   -7.19565   -6.57872
   2754.12     90000   -5.94891   -7.03566   -6.89260   -6.87187   -6.59764
   2777.48     95000   -5.95880   -7.05858   -6.95138   -6.92778   -6.62967
   2800.83    100000   -5.99082   -7.29653   -7.38620   -7.36963   -6.71086
   2824.18      5000   -6.07226   -7.30058   -7.19427   -7.17817   -6.76453
   2847.52     10000   -6.15037   -7.18991   -7.05210   -7.02988   -6.77698
   2870.86     15000   -6.13907   -7.30602   -7.24294   -7.21906   -6.83178
   2894.22     20000   -6.19672   -7.54308   -7.64296   -7.64065   -6.91387
   2917.58     25000   -6.27829   -7.40447   -7.26487   -7.24519   -6.94205
   2940.93     30000   -6.30517   -7.38157   -7.26093   -7.23770   -6.96467
   2964.29     35000   -6.32555   -7.58589   -7.61058   -7.58897   -7.03960
   2987.65     40000   -6.40432   -7.68389   -7.62003   -7.60721   -7.10559
   3011.00     45000   -6.48698   -7.54040   -7.39837   -7.37680   -7.11900
   3034.36     50000   -6.48101   -7.61068   -7.52229   -7.49844   -7.16234
   3057.72     55000   -6.52525   -7.86415   -8.00190   -7.99552   -7.24616
   3081.08     60000   -6.60774   -7.78144   -7.65221   -7.63396   -7.28634
   3104.43     65000   -6.65593   -7.71365   -7.58306   -7.56029   -7.30214
   3127.79     70000   -6.66385   -7.87607   -7.84990   -7.82651   -7.36804
   3151.14     75000   -6.73374   -8.05737   -8.06500   -8.05727   -7.44388
   3174.50     80000   -6.81425   -7.90001   -7.75692   -7.73616   -7.46258
   3197.85     85000   -6.82383   -7.92429   -7.81755   -7.79395   -7.49492
   3221.20     90000   -6.85613   -8.16302   -8.25464   -8.23832   -7.57624
   3244.56     95000   -6.93759   -8.16431   -8.05710   -8.04092   -7.62952
   3267.91    100000   -7.01482   -8.05479   -7.91714   -7.89491   -7.64201
   3291.26      5000   -7.00416   -8.17226   -8.11006   -8.08618   -7.69714
   3314.59     10000   -7.06208   -8.40826   -8.50578   -8.50338   -7.77912
   3337.91     15000   -7.14354   -8.26856   -8.12878   -8.10905   -7.80697
   3361.23     20000   -7.17007   -8.24701   -8.12671   -8.10347   -7.82984
   3384.54     25000   -7.19077   -8.45248   -8.47893   -8.45741   -7.90500
   3407.86     30000   -7.26955   -8.54774   -8.48224   -8.46929   -7.97065
   3431.18     35000   -7.35238   -8.40502   -8.26306   -8.24148   -7.98398
   3454.49     40000   -7.34610   -8.47665   -8.38890   -8.36505   -8.02766
   3477.81     45000   -7.39063   -8.73015   -8.86820   -8.86211   -8.11149
   3501.12     50000   -7.47316   -8.64531   -8.51564   -8.49733   -8.15128
   3524.44     55000   -7.52056   -8.57881   -8.44848   -8.42569   -8.16724
   3547.75     60000   -7.52881   -8.74253   -8.71764   -8.69429   -8.23344
   3571.07     65000   -7.59902   -8.92170   -8.92678   -8.91887   -8.30903
   3594.38     70000   -7.67959   -8.76435   -8.62124   -8.60046   -8.32751
   3617.70     75000   -7.68886   -8.79000   -8.68373   -8.66011   -8.36016
   3641.01     80000   -7.72145   -9.02949   -9.12307   -9.10698   -8.44162
   3664.33     85000   -7.80293   -9.02806   -8.91996   -8.90371   -8.49451
   3687.64     90000   -7.87928   -8.91969   -8.78221   -8.75996   -8.50704
   3710.96     95000   -7.86926   -9.03850   -8.97720   -8.95333   -8.56250
   3734.27    100000   -7.92745   -9.27341   -9.36851   -9.36602   -8.64436
MyID= 0: Time=  0.1,has convergenced
     1686596 iterations for the convertgence of psi
 MyID=           0 has finish
