 START-UP FOR CHUNK...
     23.53      5000   -0.65760   -2.04361   -2.31278   -2.49474   -1.29374
     46.93     10000   -0.90286   -2.11409   -2.39976   -2.49730   -1.54401
     70.34     15000   -0.99825   -2.20500   -2.29311   -2.35527   -1.67539
     93.74     20000   -1.01222   -2.66418   -2.14391   -2.15253   -1.73774
    117.15     25000   -0.94126   -2.43443   -1.94514   -1.94044   -1.68986
    140.55     30000   -0.81023   -2.16783   -1.71437   -1.72533   -1.53982
    163.95     35000   -0.65956   -1.90139   -1.52352   -1.52951   -1.35160
    187.35     40000   -0.52916   -1.64176   -1.44383   -1.43260   -1.19367
    210.75     45000   -0.46689   -1.65067   -1.61930   -1.60913   -1.15085
    234.15     50000   -0.50226   -1.93477   -1.81135   -1.82054   -1.23298
    257.55     55000   -0.64477   -1.78189   -1.63216   -1.60170   -1.32443
    280.95     60000   -0.77994   -1.93707   -1.79233   -1.76482   -1.45946
    304.36     65000   -0.85670   -2.20659   -2.26509   -2.26783   -1.57890
    327.76     70000   -0.90522   -2.13455   -1.94953   -1.93826   -1.58788
    351.16     75000   -0.90224   -1.96054   -1.79423   -1.77450   -1.53501
    374.56     80000   -0.83834   -1.99127   -1.94234   -1.92713   -1.53816
    397.97     85000   -0.87327   -2.23863   -2.25461   -2.26760   -1.60300
    421.37     90000   -0.97957   -2.10691   -1.96315   -1.93841   -1.64835
    444.77     95000   -1.04971   -2.14325   -2.01950   -2.00111   -1.71881
    468.17    100000   -1.10082   -2.39285   -2.43224   -2.42851   -1.82139
 ITERATION...
    491.58      5000   -1.16984   -2.44243   -2.30131   -2.28952   -1.86453
    514.98     10000   -1.21992   -2.27541   -2.11946   -2.09804   -1.84831
    538.38     15000   -1.18029   -2.32286   -2.26097   -2.24499   -1.87564
    561.78     20000   -1.22241   -2.58267   -2.62989   -2.65626   -1.94805
    585.18     25000   -1.31062   -2.46183   -2.31034   -2.28448   -1.98403
    608.58     30000   -1.36278   -2.44166   -2.31721   -2.29642   -2.02782
    631.99     35000   -1.39579   -2.65568   -2.67357   -2.66850   -2.11608
    655.39     40000   -1.46906   -2.76507   -2.65534   -2.64185   -2.17076
    678.79     45000   -1.53922   -2.60113   -2.44491   -2.42372   -2.16935
    702.19     50000   -1.51388   -2.64540   -2.57014   -2.55317   -2.20499
    725.60     55000   -1.55614   -2.90189   -2.98362   -3.01180   -2.28119
    749.00     60000   -1.63742   -2.81267   -2.65640   -2.63325   -2.31497
    772.40     65000   -1.68587   -2.75548   -2.62533   -2.60317   -2.34394
    795.80     70000   -1.70576   -2.93894   -2.93488   -2.92494   -2.42231
    819.20     75000   -1.77708   -3.09776   -3.01763   -3.00546   -2.48461
    842.60     80000   -1.85290   -2.92992   -2.77182   -2.74973   -2.49060
    866.01     85000   -1.84220   -2.96094   -2.87100   -2.85285   -2.52708
    889.41     90000   -1.88015   -3.21063   -3.30489   -3.32853   -2.60547
    912.81     95000   -1.95678   -3.15990   -3.00633   -2.98477   -2.64201
    936.21    100000   -2.01200   -3.07416   -2.93754   -2.91552   -2.66226
    959.61      5000   -2.01995   -3.22849   -3.20309   -3.19058   -2.73287
    983.01     10000   -2.08913   -3.42811   -3.38623   -3.37854   -2.80124
   1006.42     15000   -2.16580   -3.26108   -3.10137   -3.07916   -2.81219
   1029.82     20000   -2.16609   -3.27239   -3.17069   -3.15128   -2.84595
   1053.22     25000   -2.19936   -3.51158   -3.59519   -3.61034   -2.92496
   1076.62     30000   -2.27566   -3.50702   -3.36063   -3.34015   -2.96677
   1100.03     35000   -2.33997   -3.39582   -3.25378   -3.23150   -2.98178
   1123.43     40000   -2.33853   -3.52278   -3.47793   -3.46367   -3.04552
   1146.83     45000   -2.40184   -3.75321   -3.75658   -3.75527   -3.11874
   1170.23     50000   -2.47845   -3.59539   -3.43480   -3.41260   -3.13427
   1193.64     55000   -2.49102   -3.58377   -3.47220   -3.45210   -3.16382
   1217.04     60000   -2.51692   -3.80630   -3.86673   -3.87309   -3.24192
   1240.44     65000   -2.59310   -3.85386   -3.71946   -3.70063   -3.29011
   1263.84     70000   -2.67075   -3.72043   -3.57347   -3.55098   -3.30215
   1287.24     75000   -2.65839   -3.82054   -3.75905   -3.74306   -3.35935
   1310.64     80000   -2.71600   -4.07088   -4.11961   -4.12698   -3.43625
   1334.05     85000   -2.79199   -3.93319   -3.77251   -3.75033   -3.45678
   1357.45     90000   -2.81411   -3.89716   -3.77697   -3.75620   -3.48170
   1380.86     95000   -2.83504   -4.09909   -4.13180   -4.13103   -3.55755
   1404.26    100000   -2.90883   -4.19916   -4.08334   -4.06671   -3.61240
   1427.66      5000   -2.99685   -4.04796   -3.89650   -3.87392   -3.62323
   1451.07     10000   -2.98039   -4.12162   -4.04555   -4.02818   -3.67400
   1474.47     15000   -3.03071   -4.37971   -4.46356   -4.47867   -3.75335
   1497.87     20000   -3.10671   -4.27389   -4.11454   -4.09268   -3.77954
   1521.27     25000   -3.14007   -4.21308   -4.08522   -4.06389   -3.80001
   1544.68     30000   -3.15488   -4.39202   -4.39779   -4.39156   -3.87249
   1568.08     35000   -3.22603   -4.54131   -4.45216   -4.43873   -3.93377
   1591.48     40000   -3.30985   -4.37821   -4.22295   -4.20030   -3.94490
   1614.88     45000   -3.30245   -4.42581   -4.33691   -4.31841   -3.98931
   1638.28     50000   -3.34553   -4.68118   -4.77887   -4.79622   -4.06987
   1661.68     55000   -3.41999   -4.61684   -4.46117   -4.43988   -4.10236
   1685.09     60000   -3.46707   -4.53165   -4.39695   -4.37521   -4.11894
   1708.49     65000   -3.47284   -4.68621   -4.66782   -4.65761   -4.18712
   1731.89     70000   -3.54219   -4.87806   -4.82484   -4.81616   -4.25424
   1755.30     75000   -3.62345   -4.71109   -4.55288   -4.53025   -4.26705
   1778.70     80000   -3.62406   -4.73284   -4.63271   -4.61329   -4.30527
   1802.10     85000   -3.66047   -4.97742   -5.06653   -5.07982   -4.38578
   1825.50     90000   -3.73622   -4.96144   -4.81268   -4.79226   -4.42504
   1848.91     95000   -3.79484   -4.85287   -4.71214   -4.69008   -4.43854
   1872.31    100000   -3.79317   -4.98236   -4.94300   -4.92989   -4.50169
   1895.71      5000   -3.85735   -5.20734   -5.19828   -5.19631   -4.57380
   1919.11     10000   -3.93550   -5.04659   -4.88647   -4.86393   -4.58959
   1942.51     15000   -3.94704   -5.04263   -4.93263   -4.91246   -4.62187
   1965.91     20000   -3.97600   -5.27056   -5.33695   -5.34334   -4.70114
   1989.32     25000   -4.05225   -5.30680   -5.16934   -5.15023   -4.74741
   2012.72     30000   -4.12521   -5.17679   -5.03076   -5.00845   -4.75882
   2036.12     35000   -4.11420   -5.28085   -5.22349   -5.20822   -4.81640
   2059.52     40000   -4.17278   -5.52773   -5.56567   -5.57223   -4.89245
   2082.92     45000   -4.24974   -5.38470   -5.22390   -5.20157   -4.91241
   2106.33     50000   -4.27025   -5.35514   -5.23643   -5.21565   -4.93915
   2129.73     55000   -4.29304   -5.56255   -5.60114   -5.60087   -5.01606
   2153.13     60000   -4.36690   -5.65161   -5.53138   -5.51421   -5.06929
   2176.54     65000   -4.45443   -5.50344   -5.35280   -5.33032   -5.07975
   2199.94     70000   -4.43637   -5.58191   -5.50910   -5.49218   -5.13139
   2223.34     75000   -4.48811   -5.83897   -5.91601   -5.93067   -5.21020
   2246.74     80000   -4.56400   -5.72527   -5.56542   -5.54343   -5.23536
   2270.14     85000   -4.59520   -5.67037   -5.54392   -5.52264   -5.25714
   2293.55     90000   -4.61170   -5.85485   -5.86603   -5.86042   -5.33068
   2316.95     95000   -4.68409   -5.99405   -5.89870   -5.88443   -5.39054
   2340.35    100000   -4.76832   -5.83284   -5.67830   -5.65571   -5.40126
   2363.75      5000   -4.75821   -5.88564   -5.79949   -5.78130   -5.44679
   2387.16     10000   -4.80321   -6.14220   -6.23860   -6.25665   -5.52712
   2410.56     15000   -4.87774   -6.06803   -5.91131   -5.88986   -5.55831
   2433.96     20000   -4.92229   -5.98832   -5.85496   -5.83327   -5.57585
   2457.37     25000   -4.92983   -6.14847   -6.13488   -6.12525   -5.64515
   2480.77     30000   -4.99996   -6.33189   -6.27042   -6.26048   -5.71105
   2504.17     35000   -5.08184   -6.16497   -6.00734   -5.98473   -5.72329
   2527.57     40000   -5.08056   -6.19211   -6.09435   -6.07516   -5.76270
   2550.97     45000   -5.11821   -6.43949   -6.53191   -6.54679   -5.84329
   2574.37     50000   -5.19367   -6.41251   -6.26190   -6.24126   -5.88111
   2597.77     55000   -5.24967   -6.30898   -6.16947   -6.14745   -5.89528
   2621.16     60000   -5.24972   -6.44405   -6.40888   -6.39625   -5.95963
   2644.56     65000   -5.31525   -6.66284   -6.64393   -6.64025   -6.03074
   2667.96     70000   -5.39360   -6.49982   -6.34004   -6.31749   -6.04574
   2691.36     75000   -5.40274   -6.50131   -6.39338   -6.37338   -6.07921
   2714.76     80000   -5.43365   -6.73317   -6.80516   -6.81325   -6.15882
   2738.16     85000   -5.50943   -6.75790   -6.61753   -6.59809   -6.20359
   2761.56     90000   -5.57963   -6.63234   -6.48739   -6.46512   -6.21540
   2784.96     95000   -5.57096   -6.74198   -6.68824   -6.67335   -6.27425
   2808.36    100000   -5.63080   -6.98517   -7.01331   -7.01787   -6.34954
   2831.76      5000   -5.70818   -6.83733   -6.67657   -6.65419   -6.36849
   2855.16     10000   -5.72637   -6.81323   -6.69634   -6.67569   -6.39636
   2878.56     15000   -5.75047   -7.02529   -7.07000   -7.07114   -6.47386
   2901.96     20000   -5.82449   -7.10303   -6.97846   -6.96080   -6.52561
   2925.36     25000   -5.91153   -6.95843   -6.80872   -6.78626   -6.53619
   2948.76     30000   -5.89228   -7.04246   -6.97278   -6.95617   -6.58915
   2972.16     35000   -5.94621   -7.29830   -7.36830   -7.38140   -6.66747
   2995.56     40000   -6.02166   -7.17736   -7.01715   -6.99507   -6.69142
   3018.96     45000   -6.05049   -7.12788   -7.00303   -6.98185   -6.71420
   3042.36     50000   -6.06834   -7.31744   -7.33437   -7.32982   -6.78854
   3065.76     55000   -6.14176   -7.44618   -7.34471   -7.32972   -6.84702
   3089.16     60000   -6.22692   -7.28725   -7.13349   -7.11091   -6.85758
   3112.56     65000   -6.21428   -7.34561   -7.26217   -7.24423   -6.90444
   3135.96     70000   -6.26130   -7.60310   -7.69739   -7.71524   -6.98456
   3159.36     75000   -6.33582   -7.51967   -7.36205   -7.34047   -7.01438
   3182.76     80000   -6.37732   -7.44524   -7.31331   -7.29170   -7.03276
   3206.16     85000   -6.38685   -7.61071   -7.60221   -7.59336   -7.10304
   3229.57     90000   -6.45775   -7.78523   -7.71564   -7.70463   -7.16770
   3252.97     95000   -6.53961   -7.61880   -7.46176   -7.43915   -7.17951
   3276.37    100000   -6.53719   -7.65149   -7.55610   -7.53710   -7.22023
   3299.77      5000   -6.57624   -7.90147   -7.99649   -8.01248   -7.30087
   3323.17     10000   -6.65092   -7.86382   -7.71159   -7.69075   -7.33722
   3346.57     15000   -6.70470   -7.76530   -7.62707   -7.60512   -7.35203
   3369.97     20000   -6.70638   -7.90583   -7.87506   -7.86300   -7.41750
   3393.37     25000   -6.77327   -8.11785   -8.08914   -8.08393   -7.48757
   3416.77     30000   -6.85187   -7.95308   -7.79366   -7.77109   -7.50187
   3440.17     35000   -6.85864   -7.96010   -7.85426   -7.83442   -7.53660
   3463.57     40000   -6.89154   -8.19574   -8.27302   -8.28266   -7.61653
   3486.97     45000   -6.96683   -8.20909   -8.06610   -8.04636   -7.65978
   3510.37     50000   -7.03401   -8.08808   -7.94425   -7.92203   -7.67201
   3533.77     55000   -7.02786   -8.20322   -8.15326   -8.13881   -7.73208
   3557.17     60000   -7.08865   -8.44214   -8.46014   -8.46280   -7.80657
   3580.57     65000   -7.16612   -8.29002   -8.12935   -8.10693   -7.82457
   3603.97     70000   -7.18268   -8.27144   -8.15639   -8.13587   -7.85361
   3627.36     75000   -7.20752   -8.48804   -8.53884   -8.54138   -7.93166
   3650.76     80000   -7.28227   -8.55440   -8.42587   -8.40776   -7.98191
   3674.16     85000   -7.36547   -8.41358   -8.26484   -8.24242   -7.99266
   3697.56     90000   -7.34836   -8.50314   -8.43670   -8.42043   -8.04691
   3720.96     95000   -7.40364   -8.75723   -8.81928   -8.83069   -8.12469
   3744.36    100000   -7.47943   -8.62952   -8.46904   -8.44689   -8.14747
   3767.76      5000   -7.50597   -8.58550   -8.46229   -8.44121   -8.17130
   3791.16     10000   -7.52518   -8.78008   -8.80286   -8.79941   -8.24641
   3814.56     15000   -7.59872   -8.89815   -8.79099   -8.77533   -8.30346
   3837.96     20000   -7.68571   -8.74181   -8.58886   -8.56631   -8.31392
   3861.35     25000   -7.67052   -8.80571   -8.72508   -8.70739   -8.36211
   3884.75     30000   -7.71874   -9.06369   -9.15471   -9.17207   -8.44195
   3908.15     35000   -7.79407   -8.97137   -8.81299   -8.79128   -8.47044
   3931.55     40000   -7.83250   -8.90227   -8.77180   -8.75028   -8.48970
   3954.95     45000   -7.84406   -9.07304   -9.06977   -9.06174   -8.56093
   3977.96     50000   -7.91506   -9.23828   -9.16102   -9.14901   -8.62431
   4000.53     55000   -7.99755   -9.07277   -8.91637   -8.89376   -8.63574
MyID= 0: Time=  0.1,has convergenced
     1685313 iterations for the convertgence of psi
 MyID=           0 has finish
