 START-UP FOR CHUNK...
     23.49      5000   -0.65198   -2.04389   -2.29105   -2.43022   -1.29240
     46.87     10000   -0.88961   -2.11682   -2.33695   -2.43170   -1.54109
     70.25     15000   -0.97392   -2.20234   -2.23689   -2.28772   -1.66665
     93.63     20000   -0.97395   -2.60573   -2.08243   -2.08567   -1.71352
    117.01     25000   -0.89272   -2.36097   -1.88149   -1.87698   -1.64669
    140.38     30000   -0.75828   -2.08983   -1.65856   -1.66882   -1.48907
    163.73     35000   -0.61656   -1.81779   -1.48946   -1.49311   -1.30868
    187.09     40000   -0.49409   -1.61472   -1.46053   -1.44554   -1.17485
    210.45     45000   -0.46986   -1.72192   -1.72145   -1.74013   -1.17323
    233.80     50000   -0.53656   -1.90200   -1.76561   -1.74547   -1.26422
    257.15     55000   -0.70595   -1.79377   -1.64872   -1.62363   -1.35884
    280.50     60000   -0.80720   -1.99689   -1.87858   -1.85177   -1.49677
    303.85     65000   -0.88323   -2.24349   -2.30145   -2.31792   -1.59932
    327.21     70000   -0.91794   -2.09357   -1.90333   -1.88981   -1.58788
    350.56     75000   -0.89370   -1.95359   -1.81228   -1.78922   -1.54150
    373.94     80000   -0.85151   -2.04552   -2.03346   -2.02275   -1.56310
    397.33     85000   -0.90745   -2.25202   -2.20997   -2.19648   -1.62892
    420.71     90000   -1.02379   -2.10272   -1.96380   -1.94040   -1.67141
    444.07     95000   -1.07103   -2.18766   -2.08000   -2.06305   -1.74949
    467.44    100000   -1.12835   -2.45093   -2.54851   -2.55436   -1.84844
 ITERATION...
    490.79      5000   -1.19322   -2.41236   -2.25428   -2.24055   -1.87640
    514.17     10000   -1.22276   -2.27855   -2.13748   -2.11546   -1.86308
    537.55     15000   -1.19774   -2.37529   -2.34382   -2.33035   -1.90363
    560.89     20000   -1.25435   -2.61150   -2.60150   -2.60508   -1.97510
    584.23     25000   -1.34880   -2.45549   -2.30653   -2.28113   -2.00556
    607.57     30000   -1.38283   -2.48076   -2.36907   -2.34858   -2.05700
    630.93     35000   -1.42400   -2.72272   -2.79374   -2.79439   -2.14680
    654.28     40000   -1.49745   -2.74569   -2.60987   -2.59350   -2.18964
    677.63     45000   -1.55741   -2.60973   -2.46360   -2.44225   -2.18945
    700.98     50000   -1.53489   -2.69846   -2.64702   -2.63165   -2.23604
    724.33     55000   -1.59002   -2.94388   -2.98332   -2.99559   -2.31115
    747.67     60000   -1.67424   -2.80496   -2.65029   -2.62720   -2.33798
    771.04     65000   -1.70546   -2.79094   -2.67196   -2.65018   -2.37383
    794.42     70000   -1.73479   -3.00870   -3.04895   -3.04253   -2.45649
    817.79     75000   -1.80889   -3.08802   -2.97319   -2.95691   -2.50919
    841.16     80000   -1.88856   -2.93985   -2.79029   -2.76816   -2.51474
    864.54     85000   -1.86705   -3.01289   -2.94225   -2.92508   -2.56092
    887.91     90000   -1.91666   -3.26609   -3.34742   -3.36479   -2.63913
    911.29     95000   -1.99626   -3.15273   -2.99870   -2.97659   -2.66791
    934.68    100000   -2.03273   -3.10683   -2.98074   -2.95907   -2.69384
    958.07      5000   -2.05283   -3.29735   -3.30801   -3.29814   -2.77030
    981.43     10000   -2.12544   -3.43136   -3.34482   -3.33097   -2.83099
   1004.78     15000   -2.20619   -3.27169   -3.11937   -3.09714   -2.83991
   1028.13     20000   -2.19569   -3.32237   -3.23707   -3.21826   -2.88241
   1051.48     25000   -2.23860   -3.57692   -3.67791   -3.69649   -2.96252
   1074.83     30000   -2.31517   -3.50262   -3.35192   -3.33042   -2.99631
   1098.18     35000   -2.36308   -3.42716   -3.29473   -3.27264   -3.01558
   1121.53     40000   -2.37218   -3.58988   -3.57404   -3.56162   -3.08600
   1144.89     45000   -2.44285   -3.77218   -3.72343   -3.71355   -3.15341
   1168.25     50000   -2.52292   -3.60726   -3.45248   -3.43019   -3.16552
   1191.60     55000   -2.52203   -3.63247   -3.53467   -3.51492   -3.20284
   1214.96     60000   -2.55851   -3.87755   -3.97230   -3.98533   -3.28332
   1238.32     65000   -2.63565   -3.85403   -3.71015   -3.68987   -3.32370
   1261.69     70000   -2.69491   -3.75154   -3.61297   -3.59060   -3.33852
   1285.06     75000   -2.69513   -3.88605   -3.84764   -3.83273   -3.40273
   1308.43     80000   -2.76005   -4.10638   -4.10447   -4.10130   -3.47563
   1331.80     85000   -2.83798   -3.94661   -3.79009   -3.76779   -3.49164
   1355.17     90000   -2.84970   -3.94520   -3.83646   -3.81589   -3.52330
   1378.53     95000   -2.87813   -4.17345   -4.24322   -4.24791   -3.60260
   1401.87    100000   -2.95548   -4.20562   -4.07418   -4.05544   -3.65027
   1425.23      5000   -3.02981   -4.07933   -3.93521   -3.91273   -3.66242
   1448.60     10000   -3.01916   -4.18576   -4.12798   -4.11122   -3.72016
   1471.95     15000   -3.07797   -4.43061   -4.47931   -4.48489   -3.79723
   1495.30     20000   -3.15504   -4.28915   -4.13235   -4.11031   -3.81816
   1518.65     25000   -3.17652   -4.26077   -4.14260   -4.12139   -3.84424
   1542.02     30000   -3.19901   -4.46751   -4.50597   -4.50319   -3.92098
   1565.39     35000   -3.27388   -4.55623   -4.44439   -4.42782   -3.97604
   1588.75     40000   -3.36132   -4.41018   -4.26144   -4.23888   -3.98711
   1612.10     45000   -3.34492   -4.48879   -4.41453   -4.39635   -4.03818
   1635.45     50000   -3.39607   -4.74458   -4.83347   -4.84673   -4.11800
   1658.80     55000   -3.47308   -4.63458   -4.47959   -4.45798   -4.14487
   1682.17     60000   -3.50651   -4.57928   -4.45299   -4.43134   -4.16589
   1705.54     65000   -3.52175   -4.76157   -4.76976   -4.76151   -4.23885
   1728.86     70000   -3.59398   -4.90383   -4.82073   -4.80742   -4.30093
   1752.19     75000   -3.67759   -4.74412   -4.59170   -4.56913   -4.31249
   1775.52     80000   -3.67111   -4.79497   -4.70675   -4.68748   -4.35683
   1798.85     85000   -3.71413   -5.04958   -5.15358   -5.16856   -4.43792
   1822.18     90000   -3.78960   -4.98264   -4.83216   -4.81119   -4.47158
   1845.54     95000   -3.83730   -4.90089   -4.76755   -4.74556   -4.48833
   1868.89    100000   -3.84355   -5.05705   -5.03860   -5.02650   -4.55650
   1892.24      5000   -3.91346   -5.24576   -5.20197   -5.19356   -4.62485
   1915.60     10000   -3.99400   -5.08122   -4.92610   -4.90360   -4.63845
   1938.95     15000   -3.99610   -5.10436   -5.00418   -4.98405   -4.67615
   1962.30     20000   -4.03236   -5.34803   -5.44045   -5.45038   -4.75704
   1985.65     25000   -4.10894   -5.33266   -5.19042   -5.17045   -4.79807
   2008.99     30000   -4.16963   -5.22568   -5.08619   -5.06394   -4.81159
   2032.33     35000   -4.16780   -5.35483   -5.31373   -5.29889   -4.87417
   2055.67     40000   -4.23153   -5.57928   -5.58405   -5.58272   -4.94774
   2079.01     45000   -4.30985   -5.42147   -5.26483   -5.24250   -4.96485
   2102.35     50000   -4.32393   -5.41697   -5.30644   -5.28564   -4.99622
   2125.73     55000   -4.35131   -5.64279   -5.70796   -5.71043   -5.07551
   2149.14     60000   -4.42798   -5.68350   -5.55481   -5.53634   -5.12413
   2172.54     65000   -4.50489   -5.55365   -5.40885   -5.38642   -5.13565
   2195.90     70000   -4.49211   -5.65539   -5.59519   -5.57838   -5.19206
   2219.26     75000   -4.54988   -5.90250   -5.95765   -5.96507   -5.26959
   2242.61     80000   -4.62684   -5.76476   -5.60815   -5.58612   -5.29153
   2265.97     85000   -4.65033   -5.73277   -5.61322   -5.59189   -5.31708
   2289.32     90000   -4.67204   -5.93631   -5.96994   -5.96581   -5.39348
   2312.67     95000   -4.74678   -6.03348   -5.92561   -5.90940   -5.44957
   2336.01    100000   -4.83387   -5.88481   -5.73553   -5.71300   -5.46045
   2359.36      5000   -4.81799   -5.95898   -5.88265   -5.86438   -5.51034
   2382.72     10000   -4.86819   -6.21525   -6.30787   -6.32231   -5.59041
   2406.10     15000   -4.94494   -6.11088   -5.95637   -5.93481   -5.61834
   2429.49     20000   -4.98062   -6.05174   -5.92431   -5.90257   -5.63878
   2452.90     25000   -4.99439   -6.23035   -6.23421   -6.22512   -5.71116
   2476.29     30000   -5.06656   -6.38026   -6.30259   -6.28983   -5.77421
   2499.66     35000   -5.14955   -6.21916   -6.06630   -6.04376   -5.78591
   2523.04     40000   -5.14443   -6.26570   -6.17566   -6.15629   -5.82916
   2546.39     45000   -5.18640   -6.51916   -6.62283   -6.63769   -5.91029
   2569.74     50000   -5.26191   -6.45945   -6.30988   -6.28903   -5.94507
   2593.09     55000   -5.31167   -6.37388   -6.23954   -6.21748   -5.96132
   2616.45     60000   -5.31677   -6.52609   -6.50395   -6.49130   -6.02873
   2639.80     65000   -5.38612   -6.72101   -6.68417   -6.67661   -6.09793
   2663.15     70000   -5.46563   -6.55669   -6.40127   -6.37880   -6.11194
   2686.51     75000   -5.46951   -6.57560   -6.47381   -6.45359   -6.14862
   2709.86     80000   -5.50477   -6.81693   -6.90591   -6.91491   -6.22935
   2733.21     85000   -5.58122   -6.80974   -6.66911   -6.64933   -6.27153
   2756.56     90000   -5.64435   -6.69917   -6.55881   -6.53652   -6.28469
   2779.91     95000   -5.64134   -6.82426   -6.78004   -6.76484   -6.34639
   2803.26    100000   -5.70406   -7.05302   -7.06563   -7.06550   -6.42065
   2826.61      5000   -5.78216   -6.89737   -6.74063   -6.71835   -6.43838
   2849.96     10000   -5.79743   -6.88870   -6.77674   -6.75586   -6.46882
   2873.30     15000   -5.82391   -7.11138   -7.17188   -7.17333   -6.54775
   2896.65     20000   -5.90003   -7.16061   -7.03450   -7.01631   -6.59752
   2919.99     25000   -5.97998   -7.02764   -6.88210   -6.85964   -6.60886
   2943.34     30000   -5.96549   -7.12526   -7.06244   -7.04537   -6.66432
   2966.68     35000   -6.02232   -7.37461   -7.43668   -7.44535   -6.74233
   2990.03     40000   -6.09895   -7.24108   -7.08464   -7.06267   -6.76509
   3013.37     45000   -6.12416   -7.20497   -7.08417   -7.06278   -6.78981
   3036.72     50000   -6.14486   -7.40488   -7.43386   -7.42891   -6.86568
   3060.06     55000   -6.21952   -7.51029   -7.40628   -7.39051   -6.92285
   3083.41     60000   -6.30651   -7.35928   -7.20940   -7.18687   -6.93377
   3106.75     65000   -6.29130   -7.42932   -7.35077   -7.33231   -6.98267
   3130.10     70000   -6.34062   -7.68588   -7.78205   -7.79702   -7.06300
   3153.44     75000   -6.41673   -7.58759   -7.43362   -7.41214   -7.09190
   3176.79     80000   -6.45474   -7.52441   -7.39588   -7.37409   -7.11164
   3200.13     85000   -6.46700   -7.69911   -7.69882   -7.68913   -7.18333
   3223.47     90000   -6.53911   -7.85636   -7.78412   -7.77203   -7.24737
   3246.82     95000   -6.62160   -7.69412   -7.54080   -7.51826   -7.25932
   3270.16    100000   -6.61792   -7.73651   -7.64459   -7.62507   -7.30158
   3293.50      5000   -6.65887   -7.98868   -8.09156   -8.10582   -7.38274
   3316.85     10000   -6.73438   -7.93645   -7.78795   -7.76723   -7.41860
   3340.19     15000   -6.78590   -7.84701   -7.71172   -7.68962   -7.43431
   3363.53     20000   -6.78970   -7.99519   -7.96948   -7.95640   -7.50091
   3386.88     25000   -6.85817   -8.19597   -8.16611   -8.15953   -7.57094
   3410.22     30000   -6.93736   -8.03213   -7.87642   -7.85397   -7.58542
   3433.57     35000   -6.94304   -8.04690   -7.94348   -7.92315   -7.62114
   3456.91     40000   -6.97733   -8.28577   -8.37103   -8.37890   -7.70169
   3480.26     45000   -7.05364   -8.28692   -8.14807   -8.12849   -7.74500
   3503.60     50000   -7.11920   -8.17278   -8.03159   -8.00927   -7.75780
   3526.95     55000   -7.11463   -8.29376   -8.24654   -8.23102   -7.81860
   3550.29     60000   -7.17665   -8.52648   -8.54684   -8.54799   -7.89350
   3573.64     65000   -7.25457   -8.37328   -8.21647   -8.19422   -7.91191
   3596.98     70000   -7.27069   -8.36047   -8.24711   -8.22614   -7.94146
   3620.33     75000   -7.29663   -8.57995   -8.63572   -8.63610   -8.02000
   3643.67     80000   -7.37221   -8.63774   -8.51441   -8.49653   -8.07090
   3667.04     85000   -7.45519   -8.50172   -8.35548   -8.33301   -8.08209
   3690.40     90000   -7.43897   -8.59521   -8.52986   -8.51255   -8.13658
   3713.77     95000   -7.49486   -8.84646   -8.91505   -8.92496   -8.21503
   3737.13    100000   -7.57115   -8.71742   -8.56120   -8.53929   -8.23865
   3760.50      5000   -7.59810   -8.67722   -8.55519   -8.53373   -8.26257
   3783.87     10000   -7.61780   -8.87347   -8.89783   -8.89207   -8.33787
   3807.24     15000   -7.69237   -8.98705   -8.88715   -8.87184   -8.39612
   3830.60     20000   -7.77827   -8.83385   -8.68339   -8.66085   -8.40710
   3853.97     25000   -7.76471   -8.89973   -8.81904   -8.80040   -8.45501
   3877.34     30000   -7.81314   -9.15631   -9.25535   -9.27072   -8.53555
   3900.71     35000   -7.88864   -9.06432   -8.91096   -8.88958   -8.56545
   3923.96     40000   -7.92896   -8.99713   -8.86753   -8.84569   -8.58452
   3946.83     45000   -7.93972   -9.16792   -9.16355   -9.15327   -8.65550
MyID= 0: Time=  0.1,has convergenced
     1685782 iterations for the convertgence of psi
 MyID=           0 has finish
