 START-UP FOR CHUNK...
     23.45      5000   -0.56903   -2.01378   -1.93293   -1.85286   -1.28439
     46.84     10000   -0.68917   -2.16229   -1.79444   -1.86261   -1.47092
     70.22     15000   -0.65280   -2.28478   -1.68356   -1.73151   -1.46869
     93.60     20000   -0.55788   -2.13901   -1.55858   -1.56000   -1.38024
    116.98     25000   -0.47037   -1.71139   -1.47122   -1.45391   -1.27208
    140.36     30000   -0.41812   -1.62182   -1.53143   -1.52534   -1.19937
    163.75     35000   -0.44036   -1.93841   -1.84900   -1.92774   -1.28849
    187.12     40000   -0.60427   -1.91116   -1.83746   -1.82867   -1.40327
    210.51     45000   -0.79020   -1.89327   -1.76381   -1.78110   -1.48809
    233.89     50000   -0.89700   -2.12677   -2.03098   -1.99389   -1.60954
    257.27     55000   -0.98369   -2.37068   -2.45019   -2.43004   -1.73605
    280.65     60000   -1.07156   -2.30803   -2.09977   -2.11015   -1.77409
    304.03     65000   -1.10342   -2.12868   -2.00094   -1.97261   -1.74563
    327.41     70000   -1.07174   -2.22232   -2.15738   -2.11182   -1.76425
    350.80     75000   -1.11336   -2.48461   -2.59880   -2.50347   -1.84836
    374.18     80000   -1.22892   -2.35312   -2.28802   -2.24931   -1.90872
    397.56     85000   -1.33100   -2.33623   -2.21942   -2.20936   -1.94364
    420.94     90000   -1.34368   -2.54763   -2.47821   -2.45231   -2.02062
    444.32     95000   -1.41275   -2.74157   -2.85798   -2.80948   -2.12178
    467.70    100000   -1.50735   -2.59827   -2.45728   -2.46126   -2.15953
 ITERATION...
    491.08      5000   -1.52478   -2.56438   -2.43749   -2.41721   -2.16229
    514.46     10000   -1.53058   -2.76384   -2.72694   -2.66342   -2.21843
    537.84     15000   -1.59945   -2.94482   -2.97990   -2.93578   -2.30910
    561.22     20000   -1.70771   -2.76502   -2.65130   -2.62765   -2.35026
    584.60     25000   -1.73003   -2.80139   -2.68546   -2.66068   -2.38125
    607.98     30000   -1.76796   -3.06666   -3.06258   -3.00841   -2.46231
    631.36     35000   -1.85437   -3.11327   -3.09250   -3.06729   -2.54920
    654.74     40000   -1.94251   -2.96591   -2.83817   -2.82971   -2.57175
    678.13     45000   -1.93183   -3.03303   -2.91866   -2.89654   -2.59648
    701.51     50000   -1.97040   -3.31034   -3.37369   -3.28561   -2.67710
    724.89     55000   -2.06883   -3.28690   -3.21624   -3.20493   -2.75573
    748.27     60000   -2.16160   -3.17271   -3.04557   -3.02813   -2.77835
    771.65     65000   -2.15056   -3.28860   -3.18798   -3.15483   -2.82078
    795.03     70000   -2.20139   -3.59173   -3.71667   -3.61263   -2.91196
    818.41     75000   -2.30596   -3.46016   -3.36531   -3.34954   -2.97813
    841.79     80000   -2.37816   -3.38114   -3.25629   -3.23947   -2.99275
    865.17     85000   -2.36274   -3.53627   -3.44952   -3.41712   -3.04072
    888.56     90000   -2.41936   -3.80264   -3.94655   -3.85164   -3.13301
    911.94     95000   -2.52679   -3.63421   -3.52537   -3.51505   -3.18796
    935.32    100000   -2.57018   -3.60454   -3.47974   -3.46145   -3.20589
    958.70      5000   -2.58264   -3.80477   -3.74391   -3.69942   -3.26748
    982.08     10000   -2.65126   -4.01522   -4.07335   -4.02356   -3.36069
   1005.47     15000   -2.75420   -3.82334   -3.70272   -3.68940   -3.40203
   1028.85     20000   -2.77120   -3.83047   -3.71139   -3.68899   -3.42164
   1052.23     25000   -2.79800   -4.07114   -4.04511   -3.99133   -3.49207
   1075.61     30000   -2.87889   -4.18422   -4.17723   -4.14704   -3.58104
   1098.99     35000   -2.97825   -4.01440   -3.89111   -3.87767   -3.61222
   1122.37     40000   -2.97837   -4.06781   -3.95388   -3.93042   -3.63956
   1145.75     45000   -3.01705   -4.34370   -4.37569   -4.30336   -3.72003
   1169.14     50000   -3.11095   -4.35360   -4.29178   -4.27627   -3.80177
   1192.52     55000   -3.20290   -4.21761   -4.08992   -4.07525   -3.82399
   1215.90     60000   -3.18996   -4.31131   -4.20702   -4.17832   -3.85928
   1239.28     65000   -3.23566   -4.60853   -4.71077   -4.61447   -3.94658
   1262.66     70000   -3.33983   -4.52155   -4.43144   -4.41756   -4.01801
   1286.04     75000   -3.42552   -4.42655   -4.29980   -4.28300   -4.03571
   1309.42     80000   -3.40658   -4.56441   -4.47340   -4.44082   -4.08156
   1332.80     85000   -3.46092   -4.85094   -4.99604   -4.89511   -4.17364
   1356.18     90000   -3.56689   -4.69496   -4.58675   -4.57503   -4.23284
   1379.56     95000   -3.62064   -4.64405   -4.51794   -4.49987   -4.24905
   1402.94    100000   -3.62422   -4.82465   -4.75380   -4.71390   -4.30540
   1426.33      5000   -3.68672   -5.06305   -5.15840   -5.09149   -4.39867
   1449.70     10000   -3.79283   -4.87734   -4.75854   -4.74625   -4.44524
   1473.08     15000   -3.81855   -4.86936   -4.74692   -4.72611   -4.46398
   1496.46     20000   -3.84062   -5.09313   -5.05320   -5.00341   -4.53113
   1519.84     25000   -3.91692   -5.24651   -5.26069   -5.22582   -4.62208
   1543.23     30000   -4.01725   -5.06690   -4.94236   -4.92925   -4.65686
   1566.61     35000   -4.02405   -5.10213   -4.98477   -4.96162   -4.68096
   1589.99     40000   -4.05750   -5.36465   -5.37221   -5.30709   -4.75776
   1613.37     45000   -4.14708   -5.41516   -5.37039   -5.35066   -4.84265
   1636.76     50000   -4.24093   -5.26539   -5.13780   -5.12358   -4.86798
   1660.14     55000   -4.23347   -5.34343   -5.23413   -5.20744   -4.90008
   1683.52     60000   -4.27616   -5.63411   -5.70964   -5.62206   -4.98504
   1706.90     65000   -4.37754   -5.58216   -5.50044   -5.48641   -5.06065
   1730.28     70000   -4.46577   -5.47152   -5.34321   -5.32734   -5.07964
   1753.66     75000   -4.44924   -5.59255   -5.49487   -5.46388   -5.12136
   1777.05     80000   -4.49997   -5.88704   -6.02561   -5.92067   -5.21195
   1800.43     85000   -4.60542   -5.75317   -5.65038   -5.63817   -5.27594
   1823.81     90000   -4.67179   -5.68574   -5.55849   -5.54096   -5.29231
   1847.19     95000   -4.66574   -5.85024   -5.76997   -5.73306   -5.34466
   1870.57    100000   -4.72492   -6.11121   -6.23409   -6.15141   -5.43788
   1893.95      5000   -4.83095   -5.93181   -5.81607   -5.80410   -5.48921
   1917.34     10000   -4.86653   -5.90770   -5.78314   -5.76344   -5.50659
   1940.72     15000   -4.88271   -6.11544   -6.06142   -6.01585   -5.56970
   1964.10     20000   -4.95360   -6.30400   -6.34788   -6.30289   -5.66195
   1987.48     25000   -5.05663   -6.11855   -5.99567   -5.98297   -5.70101
   2010.86     30000   -5.06964   -6.13759   -6.01771   -5.99555   -5.72276
   2034.24     35000   -5.10003   -6.38643   -6.37303   -6.31452   -5.79606
   2057.62     40000   -5.18436   -6.47652   -6.45083   -6.42689   -5.88366
   2081.01     45000   -5.28055   -6.31358   -6.18671   -6.17297   -5.91224
   2104.39     50000   -5.27732   -6.37543   -6.26244   -6.23720   -5.94106
   2127.77     55000   -5.31776   -6.65760   -6.70483   -6.62637   -6.02316
   2151.15     60000   -5.41438   -6.64303   -6.57320   -6.55760   -6.10262
   2174.53     65000   -5.50488   -6.51681   -6.38853   -6.37333   -6.12361
   2197.91     70000   -5.49081   -6.62154   -6.51878   -6.48961   -6.16152
   2221.29     75000   -5.53898   -6.91851   -7.03766   -6.93668   -6.25030
   2244.67     80000   -5.64393   -6.81194   -6.71579   -6.70319   -6.31891
   2268.05     85000   -5.72465   -6.72792   -6.60000   -6.58315   -6.33584
   2291.44     90000   -5.70715   -6.87589   -6.78804   -6.75362   -6.38408
   2314.82     95000   -5.76330   -7.15463   -7.29544   -7.19902   -6.47669
   2338.20    100000   -5.87034   -6.98755   -6.87595   -6.86401   -6.53286
   2361.58      5000   -5.91613   -6.94696   -6.82117   -6.80234   -6.54945
   2384.96     10000   -5.92470   -7.13837   -7.07299   -7.03114   -6.60850
   2408.34     15000   -5.99079   -7.35848   -7.43380   -7.37607   -6.70156
   2431.73     20000   -6.09534   -7.17112   -7.05043   -7.03808   -6.74514
   2455.11     25000   -6.11630   -7.17379   -7.05184   -7.03068   -6.76488
   2478.49     30000   -6.14157   -7.40750   -7.37649   -7.32357   -6.83442
   2501.88     35000   -6.22093   -7.53693   -7.53460   -7.50464   -6.92421
   2525.27     40000   -6.32018   -7.36304   -7.23736   -7.22405   -6.95649
   2548.68     45000   -6.32270   -7.40861   -7.29267   -7.26869   -6.98235
   2572.09     50000   -6.35911   -7.67957   -7.70121   -7.63124   -7.06131
   2595.50     55000   -6.45183   -7.70434   -7.64865   -7.63080   -7.14424
   2618.88     60000   -6.54434   -7.56315   -7.43513   -7.42052   -7.16772
   2642.27     65000   -6.53384   -7.65152   -7.54438   -7.51683   -7.20199
   2665.65     70000   -6.57821   -7.94596   -8.03887   -7.94557   -7.28852
   2689.03     75000   -6.68131   -7.87165   -7.78393   -7.77057   -7.36151
   2712.42     80000   -6.76806   -7.77130   -7.64302   -7.62683   -7.37955
   2735.81     85000   -6.75005   -7.90277   -7.80853   -7.77631   -7.42376
   2759.22     90000   -6.80315   -8.19309   -8.33711   -8.23325   -7.51530
   2782.61     95000   -6.90840   -8.04443   -7.93774   -7.92573   -7.57630
   2805.99    100000   -6.96695   -7.98731   -7.86048   -7.84244   -7.59258
   2829.40      5000   -6.96795   -8.16221   -8.08713   -8.04844   -7.64751
   2852.79     10000   -7.02855   -8.40918   -8.51545   -8.44235   -7.74083
   2876.18     15000   -7.13442   -8.22491   -8.10711   -8.09500   -7.78913
   2899.58     20000   -7.16368   -8.21118   -8.08753   -8.06731   -7.80728
   2922.95     25000   -7.18398   -8.42910   -8.38322   -8.33508   -7.87291
   2946.33     30000   -7.25780   -8.59570   -8.62051   -8.58232   -7.96439
   2969.70     35000   -7.35943   -8.41364   -8.28947   -8.27658   -8.00074
   2993.08     40000   -7.36856   -8.44293   -8.32440   -8.30156   -8.02395
   3016.45     45000   -7.40066   -8.70074   -8.69981   -8.63718   -8.09951
   3039.83     50000   -7.48837   -8.76572   -8.72738   -8.70618   -8.18545
   3063.21     55000   -7.58299   -8.61067   -8.48327   -8.46919   -8.21192
   3086.62     60000   -7.57708   -8.68275   -8.57186   -8.54577   -8.24276
   3110.01     65000   -7.61892   -8.97067   -9.03524   -8.95114   -8.32668
   3133.39     70000   -7.71899   -8.93214   -8.85467   -8.84013   -8.40376
   3156.77     75000   -7.80761   -8.81577   -8.68737   -8.67181   -8.42344
   3180.15     80000   -7.79201   -8.93080   -8.83105   -8.80077   -8.46374
   3203.52     85000   -7.84188   -9.22688   -9.35926   -9.25517   -8.55372
   3226.90     90000   -7.94770   -9.10246   -9.00185   -8.98955   -8.61944
MyID= 0: Time=  0.1,has convergenced
     1684759 iterations for the convertgence of psi
 MyID=           0 has finish
