 START-UP FOR CHUNK...
     23.44      5000   -0.67045   -2.04560   -2.35321   -2.77125   -1.29284
     46.82     10000   -0.94067   -2.11316   -2.57845   -2.78678   -1.54645
     70.20     15000   -1.07064   -2.19412   -2.51661   -2.65130   -1.69071
     93.57     20000   -1.13435   -2.66906   -2.39212   -2.44822   -1.79534
    116.93     25000   -1.12112   -2.72813   -2.24141   -2.23364   -1.83358
    140.30     30000   -1.03315   -2.44782   -1.99352   -2.00736   -1.76119
    163.67     35000   -0.88872   -2.22477   -1.75390   -1.77094   -1.58744
    187.04     40000   -0.71624   -1.95356   -1.54324   -1.54786   -1.37223
    210.41     45000   -0.54623   -1.64284   -1.42512   -1.40876   -1.18470
    233.78     50000   -0.41154   -1.56374   -1.51923   -1.51847   -1.10939
    257.15     55000   -0.42286   -1.91666   -1.73201   -1.72918   -1.17437
    280.52     60000   -0.58631   -1.74967   -1.59420   -1.55281   -1.27626
    303.89     65000   -0.73056   -1.88653   -1.73984   -1.71174   -1.41963
    327.27     70000   -0.81277   -2.14342   -2.17347   -2.17150   -1.54266
    350.64     75000   -0.85933   -2.11353   -1.89984   -1.89110   -1.54474
    374.02     80000   -0.84873   -1.92201   -1.74403   -1.72665   -1.48427
    397.39     85000   -0.77990   -1.93418   -1.88626   -1.88155   -1.48500
    420.77     90000   -0.81562   -2.21264   -2.15252   -2.16349   -1.55000
    444.14     95000   -0.92810   -2.05996   -1.90802   -1.87980   -1.59917
    467.51    100000   -1.00306   -2.10937   -1.98698   -1.96813   -1.68105
 ITERATION...
    490.89      5000   -1.06028   -2.36819   -2.40407   -2.41074   -1.78521
    514.26     10000   -1.12490   -2.39199   -2.22051   -2.20439   -1.81579
    537.63     15000   -1.16282   -2.22432   -2.06767   -2.04731   -1.79653
    561.01     20000   -1.12294   -2.28272   -2.23315   -2.22757   -1.82891
    584.39     25000   -1.17102   -2.54888   -2.52166   -2.53237   -1.89820
    607.77     30000   -1.26544   -2.39579   -2.23731   -2.21064   -1.93060
    631.15     35000   -1.30870   -2.40095   -2.28418   -2.26555   -1.98506
    654.53     40000   -1.34978   -2.63832   -2.67583   -2.68265   -2.07602
    677.90     45000   -1.42017   -2.69854   -2.54297   -2.52477   -2.11588
    701.28     50000   -1.48127   -2.53821   -2.38568   -2.36438   -2.11271
    724.66     55000   -1.45242   -2.60831   -2.55324   -2.54434   -2.15718
    748.04     60000   -1.50456   -2.87323   -2.87388   -2.88807   -2.22897
    771.42     65000   -1.58896   -2.73067   -2.56568   -2.54023   -2.25429
    794.80     70000   -1.62173   -2.70595   -2.58713   -2.56750   -2.29392
    818.17     75000   -1.65111   -2.92311   -2.95182   -2.95693   -2.37746
    841.55     80000   -1.72245   -3.01783   -2.87397   -2.85533   -2.42370
    864.93     85000   -1.79998   -2.85534   -2.70102   -2.67914   -2.42745
    888.31     90000   -1.77375   -2.92181   -2.85653   -2.84527   -2.47559
    911.70     95000   -1.82510   -3.18690   -3.21574   -3.23420   -2.54986
    935.09    100000   -1.90348   -3.06290   -2.89438   -2.87004   -2.57363
    958.49      5000   -1.93604   -3.01504   -2.89162   -2.87153   -2.60432
    981.88     10000   -1.95826   -3.21314   -3.22851   -3.23080   -2.68309
   1005.27     15000   -2.02870   -3.34156   -3.21088   -3.19312   -2.73466
   1028.64     20000   -2.11319   -3.17328   -3.01649   -2.99411   -2.74152
   1052.01     25000   -2.09198   -3.22935   -3.15392   -3.14077   -2.78939
   1075.39     30000   -2.14086   -3.49423   -3.54533   -3.56755   -2.86578
   1098.76     35000   -2.21579   -3.39354   -3.22419   -3.20036   -2.89086
   1122.14     40000   -2.25167   -3.32581   -3.19768   -3.17729   -2.91564
   1145.51     45000   -2.26783   -3.50566   -3.50667   -3.50638   -2.99072
   1168.88     50000   -2.33817   -3.66620   -3.55182   -3.53580   -3.04703
   1192.25     55000   -2.42285   -3.49247   -3.33321   -3.31046   -3.05557
   1215.62     60000   -2.40835   -3.53448   -3.45024   -3.43563   -3.10124
   1238.99     65000   -2.45290   -3.79634   -3.86129   -3.88585   -3.17918
   1262.37     70000   -2.52695   -3.72411   -3.55527   -3.53181   -3.20708
   1285.75     75000   -2.56935   -3.63805   -3.50537   -3.48456   -3.22760
   1309.13     80000   -2.58016   -3.80002   -3.78713   -3.78428   -3.29937
   1332.51     85000   -2.64806   -3.99004   -3.89539   -3.88205   -3.35999
   1355.90     90000   -2.73060   -3.81339   -3.65157   -3.62850   -3.36984
   1379.27     95000   -2.72407   -3.83955   -3.74737   -3.73157   -3.41237
   1402.65    100000   -2.76428   -4.09472   -4.16437   -4.18883   -3.49123
   1426.03      5000   -2.83642   -4.05497   -3.88786   -3.86484   -3.52277
   1449.41     10000   -2.88738   -3.95174   -3.81454   -3.79331   -3.54005
   1472.78     15000   -2.89117   -4.09600   -4.06997   -4.06464   -3.60855
   1496.15     20000   -2.95840   -4.31144   -4.24034   -4.23081   -3.67308
   1519.52     25000   -3.03995   -4.13594   -3.97161   -3.94829   -3.68437
   1542.89     30000   -3.03929   -4.14547   -4.04594   -4.02912   -3.72335
   1566.26     35000   -3.07523   -4.39093   -4.45700   -4.47887   -3.80250
   1589.64     40000   -3.14726   -4.38599   -4.22218   -4.19971   -3.83814
   1613.02     45000   -3.20698   -4.26672   -4.12513   -4.10353   -3.85288
   1636.41     50000   -3.20414   -4.39343   -4.35508   -4.34751   -3.91802
   1659.80     55000   -3.26906   -4.62931   -4.58527   -4.58066   -3.98606
   1683.19     60000   -3.34698   -4.45984   -4.29332   -4.26985   -3.99912
   1706.57     65000   -3.35401   -4.45244   -4.34611   -4.32840   -4.03440
   1729.95     70000   -3.38544   -4.68590   -4.74237   -4.76004   -4.11327
   1753.33     75000   -3.45823   -4.71700   -4.55840   -4.53666   -4.15327
   1776.70     80000   -3.52594   -4.58285   -4.43713   -4.41517   -4.16604
   1800.07     85000   -3.51789   -4.69216   -4.64238   -4.63283   -4.22766
   1823.44     90000   -3.57864   -4.94320   -4.92825   -4.92965   -4.29881
   1846.82     95000   -3.65563   -4.78498   -4.61672   -4.59317   -4.31405
   1870.19    100000   -3.66962   -4.76050   -4.64790   -4.62943   -4.34564
   1893.56      5000   -3.69625   -4.98026   -5.02351   -5.03641   -4.42369
   1916.93     10000   -3.76918   -5.04773   -4.89663   -4.87585   -4.46818
   1940.31     15000   -3.84636   -4.90012   -4.75054   -4.72826   -4.47950
   1963.68     20000   -3.83251   -4.99208   -4.93181   -4.92053   -4.53745
   1987.06     25000   -3.88960   -5.25294   -5.26673   -5.27492   -4.61124
   2010.44     30000   -3.96553   -5.11132   -4.94183   -4.91825   -4.62912
   2033.81     35000   -3.98658   -5.06973   -4.95128   -4.93213   -4.65712
   2057.19     40000   -4.00729   -5.27453   -5.30288   -5.31109   -4.73386
   2080.56     45000   -4.07926   -5.37779   -5.23689   -5.21741   -4.78286
   2103.93     50000   -4.16682   -5.21857   -5.06539   -5.04281   -4.79325
   2127.31     55000   -4.14602   -5.29320   -5.22329   -5.21051   -4.84739
   2150.69     60000   -4.19939   -5.55866   -5.59778   -5.61274   -4.92333
   2174.07     65000   -4.27393   -5.43879   -5.26870   -5.24516   -4.94428
   2197.45     70000   -4.30178   -5.38014   -5.25623   -5.23647   -4.96888
   2220.82     75000   -4.31917   -5.56912   -5.58215   -5.58611   -5.04383
   2244.20     80000   -4.38969   -5.70660   -5.57912   -5.56141   -5.09728
   2267.58     85000   -4.47850   -5.53822   -5.38167   -5.35883   -5.10727
   2290.96     90000   -4.46119   -5.59554   -5.51675   -5.50265   -5.15749
   2314.33     95000   -4.51006   -5.86081   -5.91876   -5.93915   -5.23506
   2337.71    100000   -4.58357   -5.76729   -5.59736   -5.57396   -5.25949
   2361.09      5000   -4.61864   -5.69174   -5.56269   -5.54238   -5.28093
   2384.46     10000   -4.63164   -5.86431   -5.86239   -5.86263   -5.35368
   2407.84     15000   -4.70176   -6.03350   -5.92312   -5.90776   -5.41141
   2431.22     20000   -4.78700   -5.85907   -5.69942   -5.67635   -5.42153
   2454.60     25000   -4.77588   -5.89909   -5.81210   -5.79684   -5.46778
   2477.97     30000   -4.82024   -6.16001   -6.22827   -6.25150   -5.54645
   2501.35     35000   -4.89291   -6.09669   -5.92790   -5.90474   -5.57471
   2524.72     40000   -4.93653   -6.00453   -5.87064   -5.84984   -5.59329
   2548.10     45000   -4.94454   -6.16031   -6.14423   -6.14128   -5.66344
   2571.46     50000   -5.01232   -6.35776   -6.26844   -6.25622   -5.72524
   2594.82     55000   -5.09522   -6.18112   -6.01867   -5.99541   -5.73603
   2618.17     60000   -5.09108   -6.20385   -6.10927   -6.09300   -5.77828
   2641.53     65000   -5.13035   -6.45697   -6.52680   -6.54980   -5.85752
   2664.89     70000   -5.20223   -6.42680   -6.26039   -6.23759   -5.88989
   2688.25     75000   -5.25516   -6.31851   -6.18006   -6.15881   -5.90595
   2711.60     80000   -5.25660   -6.45727   -6.42799   -6.42231   -5.97317
   2734.96     85000   -5.32313   -6.67870   -6.61428   -6.60615   -6.03872
   2758.32     90000   -5.40409   -6.50437   -6.33945   -6.31603   -6.05072
   2781.68     95000   -5.40628   -6.50982   -6.40820   -6.39103   -6.08901
   2805.04    100000   -5.44083   -6.75241   -6.81645   -6.83672   -6.16828
   2828.40      5000   -5.51321   -6.75740   -6.59488   -6.57263   -6.20498
   2851.75     10000   -5.57450   -6.63367   -6.49093   -6.46928   -6.21891
   2875.11     15000   -5.57028   -6.75528   -6.71381   -6.70581   -6.28291
   2898.47     20000   -5.63399   -6.99577   -6.95931   -6.95637   -6.35185
   2921.83     25000   -5.71156   -6.82881   -6.66180   -6.63827   -6.36559
   2945.19     30000   -5.72065   -6.81699   -6.70882   -6.69085   -6.40000
   2968.54     35000   -5.75107   -7.04696   -7.10008   -7.11618   -6.47877
   2991.90     40000   -5.82367   -7.08816   -6.93145   -6.90995   -6.51995
   3015.26     45000   -5.89394   -6.95003   -6.80325   -6.78123   -6.53217
   3038.62     50000   -5.88425   -7.05440   -7.00173   -6.99176   -6.59270
   3061.97     55000   -5.94382   -7.30865   -7.30157   -7.30488   -6.66462
   3085.33     60000   -6.02071   -7.15441   -6.98577   -6.96219   -6.68060
   3108.69     65000   -6.03667   -7.12535   -7.01107   -6.99238   -6.71125
   3132.05     70000   -6.06165   -7.34117   -7.38042   -7.39186   -6.78903
   3155.41     75000   -6.13499   -7.41866   -7.27011   -7.24965   -6.83475
   3178.77     80000   -6.21445   -7.26759   -7.11701   -7.09466   -6.84571
   3202.13     85000   -6.19847   -7.35469   -7.29174   -7.28006   -6.90258
   3225.48     90000   -6.25462   -7.61731   -7.63844   -7.64862   -6.97700
   3248.84     95000   -6.33010   -7.48115   -7.31142   -7.28784   -6.99572
   3272.20    100000   -6.35306   -7.43490   -7.31491   -7.29557   -7.02279
   3295.56      5000   -6.37310   -7.63546   -7.65958   -7.66651   -7.09910
   3318.93     10000   -6.44445   -7.74838   -7.61086   -7.59182   -7.14933
   3342.32     15000   -6.53350   -7.58635   -7.43221   -7.40957   -7.15954
   3365.71     20000   -6.51246   -7.65617   -7.58376   -7.57062   -7.21258
   3389.10     25000   -6.56476   -7.92202   -7.96702   -7.98372   -7.28902
   3412.49     30000   -6.63892   -7.80895   -7.63881   -7.61530   -7.31091
   3435.87     35000   -6.66870   -7.74565   -7.62028   -7.60036   -7.33462
   3459.26     40000   -6.68491   -7.93018   -7.93903   -7.94188   -7.40902
   3482.65     45000   -6.75531   -8.07671   -7.95357   -7.93643   -7.46366
   3506.04     50000   -6.84400   -7.90631   -7.74888   -7.72598   -7.47362
   3529.42     55000   -6.82810   -7.95885   -7.87774   -7.86332   -7.52275
   3552.81     60000   -6.87513   -8.22329   -8.28495   -8.30646   -7.60067
   3576.20     65000   -6.94893   -8.13773   -7.96801   -7.94466   -7.62613
   3599.58     70000   -6.98602   -8.05758   -7.92717   -7.90671   -7.64676
   3622.97     75000   -6.99782   -8.22557   -8.21966   -8.21896   -7.71883
   3646.36     80000   -7.06725   -8.40293   -8.29797   -8.28339   -7.77771
   3669.75     85000   -7.15154   -8.22748   -8.06703   -8.04391   -7.78795
   3693.13     90000   -7.14243   -8.26274   -8.17360   -8.15806   -7.83310
   3716.52     95000   -7.18578   -8.52181   -8.59134   -8.61482   -7.91197
   3739.91    100000   -7.25775   -8.46735   -8.29908   -8.27601   -7.94134
   3763.30      5000   -7.30394   -8.37070   -8.23553   -8.21460   -7.95919
   3786.69     10000   -7.31015   -8.52182   -8.50201   -8.49825   -8.02858
   3810.08     15000   -7.37785   -8.72633   -8.64352   -8.63232   -8.09144
   3833.47     20000   -7.46023   -8.54986   -8.38669   -8.36338   -8.10250
   3856.85     25000   -7.45755   -8.56783   -8.47126   -8.45473   -8.14366
   3880.24     30000   -7.49564   -8.81829   -8.88716   -8.90964   -8.22295
   3903.35     35000   -7.56753   -8.79763   -8.63212   -8.60946   -8.25650
   3926.08     40000   -7.62304   -8.68501   -8.54535   -8.52399   -8.27193
   3949.01     45000   -7.62266   -8.81906   -8.78632   -8.77997   -8.33830
   3971.71     50000   -7.68856   -9.04625   -8.98928   -8.98247   -8.40483
   3994.28     55000   -7.76842   -8.87343   -8.70790   -8.68444   -8.41725
   4016.87     60000   -7.77254   -8.87412   -8.77066   -8.75326   -8.45446
   4039.44     65000   -7.80594   -9.11343   -9.17487   -9.19409   -8.53364
   4062.02     70000   -7.87894   -9.12831   -8.96718   -8.94511   -8.57157
   4084.58     75000   -7.94213   -9.00051   -8.85663   -8.83487   -8.58498
   4107.16     80000   -7.93641   -9.11737   -9.07272   -9.06415   -8.64805
   4129.45     85000   -7.99898   -9.36219   -9.33377   -9.33246   -8.71785
MyID= 0: Time=  0.1,has convergenced
     1685014 iterations for the convertgence of psi
 MyID=           0 has finish
