 START-UP FOR CHUNK...
     23.53      5000   -0.67081   -2.04474   -2.35488   -2.75376   -1.29396
     46.97     10000   -0.93979   -2.11184   -2.58733   -2.76780   -1.54749
     70.41     15000   -1.06804   -2.19955   -2.49967   -2.63289   -1.69150
     93.85     20000   -1.12872   -2.72055   -2.38094   -2.42952   -1.79490
    117.29     25000   -1.11113   -2.71424   -2.22014   -2.21368   -1.82716
    140.73     30000   -1.01855   -2.42883   -1.97331   -1.98678   -1.74733
    164.17     35000   -0.87088   -2.20632   -1.73516   -1.75118   -1.56960
    187.62     40000   -0.70109   -1.92626   -1.52953   -1.53255   -1.35531
    211.06     45000   -0.53278   -1.62383   -1.42499   -1.40784   -1.17463
    234.51     50000   -0.41099   -1.58084   -1.54762   -1.55260   -1.11358
    257.96     55000   -0.43571   -1.92530   -1.72688   -1.71156   -1.18648
    281.40     60000   -0.61321   -1.75255   -1.59716   -1.55758   -1.29032
    304.85     65000   -0.74109   -1.91034   -1.76952   -1.74220   -1.43575
    328.29     70000   -0.82385   -2.16266   -2.20184   -2.20431   -1.55156
    351.73     75000   -0.86304   -2.10006   -1.87936   -1.86940   -1.54402
    375.17     80000   -0.84369   -1.91660   -1.74764   -1.72935   -1.48467
    398.61     85000   -0.78230   -1.95219   -1.91730   -1.91592   -1.49228
    422.04     90000   -0.82636   -2.22001   -2.13773   -2.13676   -1.55809
    445.48     95000   -0.94573   -2.05647   -1.90472   -1.87771   -1.60681
    468.91    100000   -1.00966   -2.12718   -2.00859   -1.99067   -1.69210
 ITERATION...
    492.35      5000   -1.06957   -2.39149   -2.44531   -2.45475   -1.79398
    515.79     10000   -1.13136   -2.37884   -2.19915   -2.18281   -1.81777
    539.23     15000   -1.15982   -2.22336   -2.07133   -2.05102   -1.79934
    562.67     20000   -1.12559   -2.30175   -2.26284   -2.25934   -1.83634
    586.11     25000   -1.18041   -2.55567   -2.50343   -2.50433   -1.90459
    609.55     30000   -1.27762   -2.38977   -2.23195   -2.20578   -1.93551
    632.99     35000   -1.31332   -2.41433   -2.30138   -2.28343   -1.99330
    656.43     40000   -1.35772   -2.66238   -2.71618   -2.72599   -2.08386
    679.87     45000   -1.42633   -2.68531   -2.52212   -2.50327   -2.11849
    703.31     50000   -1.47825   -2.53748   -2.38854   -2.36759   -2.11602
    726.75     55000   -1.45560   -2.62537   -2.57981   -2.57262   -2.16414
    750.19     60000   -1.51149   -2.88106   -2.85759   -2.86339   -2.23441
    773.63     65000   -1.59747   -2.72278   -2.55868   -2.53357   -2.25769
    797.07     70000   -1.62356   -2.71541   -2.60079   -2.58165   -2.30030
    820.51     75000   -1.65783   -2.94531   -2.98961   -2.99778   -2.38442
    843.95     80000   -1.72946   -3.00604   -2.85317   -2.83362   -2.42636
    867.39     85000   -1.79755   -2.85392   -2.70264   -2.68097   -2.43051
    890.83     90000   -1.77708   -2.93633   -2.87940   -2.86935   -2.48182
    914.26     95000   -1.83204   -3.19668   -3.20542   -3.21706   -2.55467
    937.70    100000   -1.91220   -3.05424   -2.88610   -2.86191   -2.57609
    961.14      5000   -1.93828   -3.02182   -2.90220   -2.88254   -2.60933
    984.58     10000   -1.96303   -3.23260   -3.26250   -3.26752   -2.68921
   1008.02     15000   -2.03471   -3.33144   -3.19012   -3.17140   -2.73715
   1031.47     20000   -2.11739   -3.17122   -3.01664   -2.99446   -2.74406
   1054.91     25000   -2.09377   -3.24157   -3.17308   -3.16067   -2.79476
   1078.35     30000   -2.14586   -3.50562   -3.54345   -3.56097   -2.87009
   1101.80     35000   -2.22208   -3.38461   -3.21484   -3.19111   -2.89266
   1125.25     40000   -2.25220   -3.33072   -3.20565   -3.18555   -2.91955
   1148.69     45000   -2.27167   -3.52276   -3.53622   -3.53804   -2.99602
   1172.14     50000   -2.34228   -3.65789   -3.53155   -3.51430   -3.04926
   1195.58     55000   -2.42873   -3.48963   -3.33192   -3.30941   -3.05750
   1219.03     60000   -2.41012   -3.54460   -3.46582   -3.45172   -3.10570
   1242.48     65000   -2.45784   -3.80853   -3.86815   -3.89034   -3.18297
   1265.91     70000   -2.53225   -3.71492   -3.54508   -3.52173   -3.20836
   1289.35     75000   -2.56841   -3.64126   -3.51100   -3.49044   -3.23053
   1312.78     80000   -2.58231   -3.81471   -3.81204   -3.81067   -3.30381
   1336.21     85000   -2.65263   -3.98384   -3.87619   -3.86124   -3.36189
   1359.65     90000   -2.73617   -3.80967   -3.64901   -3.62617   -3.37115
   1383.08     95000   -2.72480   -3.84758   -3.75966   -3.74423   -3.41590
   1406.52    100000   -2.76838   -4.10697   -4.17799   -4.20219   -3.49445
   1429.95      5000   -2.84108   -4.04571   -3.87712   -3.85415   -3.52359
   1453.39     10000   -2.88596   -3.95338   -3.81812   -3.79713   -3.54209
   1476.82     15000   -2.89371   -4.10813   -4.09032   -4.08602   -3.61210
   1500.25     20000   -2.96162   -4.30748   -4.22296   -4.21139   -3.67461
   1523.69     25000   -3.04361   -4.13145   -3.96798   -3.94489   -3.68508
   1547.12     30000   -3.03973   -4.15146   -4.05526   -4.03870   -3.72593
   1570.55     35000   -3.07798   -4.40239   -4.47415   -4.49711   -3.80508
   1593.99     40000   -3.15009   -4.37702   -4.21120   -4.18871   -3.83853
   1617.43     45000   -3.20470   -4.26701   -4.12694   -4.10553   -3.85410
   1640.87     50000   -3.20515   -4.40307   -4.37115   -4.36426   -3.92066
   1664.31     55000   -3.27124   -4.62751   -4.57057   -4.56358   -3.98717
   1687.75     60000   -3.35092   -4.45482   -4.28883   -4.26557   -3.99927
   1711.19     65000   -3.35423   -4.45658   -4.35278   -4.33525   -4.03607
   1734.64     70000   -3.38763   -4.69590   -4.75991   -4.77907   -4.11516
   1758.08     75000   -3.46076   -4.70861   -4.54747   -4.52565   -4.15325
   1781.52     80000   -3.52349   -4.58203   -4.43741   -4.41562   -4.16650
   1804.96     85000   -3.51814   -4.69945   -4.65455   -4.64540   -4.22939
   1828.40     90000   -3.58063   -4.94313   -4.91711   -4.91599   -4.29943
   1851.83     95000   -3.65783   -4.77965   -4.61160   -4.58824   -4.31367
   1875.26    100000   -3.66868   -4.76303   -4.65221   -4.63385   -4.34642
   1898.70      5000   -3.69770   -4.98843   -5.03917   -5.05334   -4.42482
   1922.14     10000   -3.77021   -5.04014   -4.88609   -4.86520   -4.46774
   1945.58     15000   -3.84345   -4.89842   -4.74953   -4.72740   -4.47926
   1969.01     20000   -3.83213   -4.99721   -4.94045   -4.92936   -4.53826
   1992.45     25000   -3.89017   -5.25395   -5.25980   -5.26567   -4.61131
   2015.88     30000   -3.96669   -5.10586   -4.93632   -4.91293   -4.62824
   2039.32     35000   -3.98503   -5.07082   -4.95353   -4.93444   -4.65706
   2062.75     40000   -4.00739   -5.28066   -5.31536   -5.32438   -4.73418
   2086.19     45000   -4.08011   -5.37113   -5.22713   -5.20751   -4.78198
   2109.63     50000   -4.16412   -5.21616   -5.06331   -5.04088   -4.79235
   2133.07     55000   -4.14509   -5.29635   -5.22877   -5.21603   -4.84728
   2156.51     60000   -4.19949   -5.56002   -5.59508   -5.60830   -4.92280
   2179.95     65000   -4.27431   -5.43338   -5.26304   -5.23970   -4.94293
   2203.38     70000   -4.29995   -5.37998   -5.25667   -5.23694   -4.96802
   2226.82     75000   -4.31852   -5.57310   -5.59092   -5.59522   -5.04331
   2250.26     80000   -4.38928   -5.70092   -5.57055   -5.55268   -5.09594
   2273.70     85000   -4.47795   -5.53528   -5.37877   -5.35607   -5.10576
   2297.15     90000   -4.45943   -5.59689   -5.51943   -5.50526   -5.15649
   2320.59     95000   -4.50947   -5.86176   -5.91935   -5.93879   -5.23387
   2344.03    100000   -4.58290   -5.76212   -5.59185   -5.56864   -5.25768
   2367.47      5000   -4.61615   -5.69052   -5.56159   -5.54129   -5.27931
   2390.91     10000   -4.63002   -5.86616   -5.86740   -5.86760   -5.35229
   2414.34     15000   -4.70035   -6.02872   -5.91615   -5.90067   -5.40958
   2437.78     20000   -4.78608   -5.85579   -5.69593   -5.67299   -5.41947
   2461.21     25000   -4.77378   -5.89882   -5.81233   -5.79693   -5.46591
   2484.64     30000   -4.81858   -6.15991   -6.23028   -6.25316   -5.54453
   2508.09     35000   -4.89151   -6.09193   -5.92281   -5.89987   -5.57245
   2531.53     40000   -4.93374   -6.00243   -5.86824   -5.84743   -5.59096
   2554.97     45000   -4.94241   -6.16011   -6.14567   -6.14240   -5.66116
   2578.42     50000   -5.01033   -6.35364   -6.26346   -6.25123   -5.72285
   2601.86     55000   -5.09316   -6.17770   -6.01483   -5.99170   -5.73344
   2625.29     60000   -5.08847   -6.20215   -6.10737   -6.09090   -5.77557
   2648.70     65000   -5.12787   -6.45534   -6.52804   -6.55080   -5.85481
   2672.14     70000   -5.19984   -6.42260   -6.25603   -6.23349   -5.88717
   2695.58     75000   -5.25212   -6.31572   -6.17661   -6.15534   -5.90296
   2719.03     80000   -5.25375   -6.45514   -6.42619   -6.42001   -5.97000
   2742.46     85000   -5.32030   -6.67482   -6.61155   -6.60365   -6.03573
   2765.89     90000   -5.40104   -6.50099   -6.33550   -6.31223   -6.04764
   2789.31     95000   -5.40301   -6.50687   -6.40445   -6.38705   -6.08550
   2812.74    100000   -5.43742   -6.74893   -6.81515   -6.83484   -6.16474
   2836.17      5000   -5.51009   -6.75384   -6.59160   -6.56965   -6.20179
   2859.62     10000   -5.57107   -6.63038   -6.48666   -6.46498   -6.21531
   2883.04     15000   -5.56678   -6.75138   -6.70913   -6.70051   -6.27884
   2906.48     20000   -5.63015   -6.99155   -6.95881   -6.95649   -6.34820
   2929.91     25000   -5.70759   -6.82566   -6.65800   -6.63463   -6.36205
   2953.34     30000   -5.71700   -6.81299   -6.70351   -6.68528   -6.39573
   2976.77     35000   -5.74701   -7.04148   -7.09525   -7.11027   -6.47437
   3000.20     40000   -5.81960   -7.08526   -6.92959   -6.90849   -6.51626
   3023.64     45000   -5.89061   -6.94642   -6.79839   -6.77635   -6.52801
   3047.09     50000   -5.88044   -7.04891   -6.99453   -6.98387   -6.58776
   3070.55     55000   -5.93937   -7.30345   -7.30274   -7.30718   -6.66024
   3093.99     60000   -6.01608   -7.15167   -6.98239   -6.95899   -6.67661
   3117.42     65000   -6.03293   -7.12049   -7.00446   -6.98550   -6.70627
   3140.85     70000   -6.05670   -7.33367   -7.37176   -7.38171   -6.78373
   3164.28     75000   -6.12990   -7.41633   -7.27004   -7.25013   -6.83052
   3187.73     80000   -6.21116   -7.26385   -7.11180   -7.08943   -6.84104
   3211.17     85000   -6.19376   -7.34779   -7.28237   -7.26997   -6.89678
   3234.61     90000   -6.24900   -7.61050   -7.63994   -7.65174   -6.97184
   3258.06     95000   -6.32411   -7.47899   -7.30875   -7.28538   -6.99129
   3281.50    100000   -6.34827   -7.42937   -7.30724   -7.28763   -7.01715
   3304.94      5000   -6.36782   -7.62601   -7.64727   -7.65245   -7.09287
   3328.37     10000   -6.43866   -7.74639   -7.61294   -7.59466   -7.14452
   3351.81     15000   -6.52739   -7.58267   -7.42689   -7.40424   -7.15439
   3375.22     20000   -6.50772   -7.64805   -7.57255   -7.55867   -7.20597
   3398.65     25000   -6.55881   -7.91310   -7.96677   -7.98515   -7.28301
   3422.07     30000   -6.63242   -7.80751   -7.63714   -7.61390   -7.30604
   3445.52     35000   -6.66407   -7.73963   -7.61181   -7.59162   -7.32837
   3468.96     40000   -6.67892   -7.91891   -7.92347   -7.92443   -7.40186
   3492.40     45000   -6.74933   -8.07465   -7.95809   -7.94206   -7.45821
   3515.84     50000   -6.83627   -7.90289   -7.74369   -7.72080   -7.46803
   3539.28     55000   -6.82233   -7.94970   -7.86500   -7.84984   -7.51535
   3562.72     60000   -6.86794   -8.21192   -8.28053   -8.30302   -7.59376
   3586.14     65000   -6.94143   -8.13713   -7.96767   -7.94466   -7.62081
   3609.58     70000   -6.98162   -8.05126   -7.91812   -7.89741   -7.63994
   3633.00     75000   -6.99172   -8.21265   -8.20133   -8.19871   -7.71075
   3656.44     80000   -7.05970   -8.40022   -8.30510   -8.29212   -7.77156
   3679.87     85000   -7.14294   -8.22450   -8.06222   -8.03913   -7.78195
   3703.32     90000   -7.13692   -8.25274   -8.15960   -8.14334   -7.82496
   3726.76     95000   -7.17741   -8.50783   -8.58086   -8.60393   -7.90412
   3750.20    100000   -7.24937   -8.46765   -8.30043   -8.27779   -7.93555
   3773.65      5000   -7.29959   -8.36427   -8.22614   -8.20496   -7.95187
   3797.09     10000   -7.30266   -8.50745   -8.48136   -8.47573   -8.01958
   3820.53     15000   -7.36972   -8.72222   -8.65313   -8.64423   -8.08452
   3843.98     20000   -7.45134   -8.54751   -8.38252   -8.35927   -8.09611
   3867.42     25000   -7.45145   -8.55718   -8.45628   -8.43905   -8.13483
   3890.86     30000   -7.48709   -8.80174   -8.86987   -8.89037   -8.21413
   3914.28     35000   -7.55923   -8.79881   -8.63551   -8.61343   -8.25020
   3937.52     40000   -7.61871   -8.67866   -8.53585   -8.51426   -8.26415
   3960.58     45000   -7.61552   -8.80343   -8.76380   -8.75564   -8.32842
   3983.79     50000   -7.67990   -9.03991   -9.00072   -8.99715   -8.39708
   4006.44     55000   -7.75748   -8.87190   -8.70464   -8.68129   -8.41048
   4029.15     60000   -7.76538   -8.86302   -8.75493   -8.73686   -8.44500
   4051.39     65000   -7.79628   -9.09444   -9.15110   -9.16714   -8.52381
   4073.29     70000   -7.86900   -9.13023   -8.97300   -8.95171   -8.56470
   4095.14     75000   -7.93784   -8.99442   -8.84724   -8.82527   -8.57677
   4116.83     80000   -7.92888   -9.10069   -9.04870   -9.03843   -8.63732
   4138.65     85000   -7.98872   -9.35281   -9.34557   -9.34856   -8.70920
MyID= 0: Time=  0.1,has convergenced
     1684755 iterations for the convertgence of psi
 MyID=           0 has finish
