 START-UP FOR CHUNK...
     23.49      5000   -0.57102   -2.01552   -1.94036   -1.86335   -1.28419
     46.84     10000   -0.69419   -2.16270   -1.80350   -1.87242   -1.47341
     70.17     15000   -0.66038   -2.28176   -1.69353   -1.73974   -1.47426
     93.51     20000   -0.56638   -2.15519   -1.56591   -1.56674   -1.38637
    116.84     25000   -0.47335   -1.72146   -1.47271   -1.45572   -1.27649
    140.18     30000   -0.42286   -1.61294   -1.51944   -1.51575   -1.19925
    163.51     35000   -0.43828   -1.92652   -1.84661   -1.90577   -1.28040
    186.84     40000   -0.59493   -1.91337   -1.84216   -1.84103   -1.39646
    210.18     45000   -0.77863   -1.88805   -1.75787   -1.77345   -1.47938
    233.51     50000   -0.89079   -2.11110   -2.01402   -1.97284   -1.60026
    256.85     55000   -0.97835   -2.36587   -2.46019   -2.42763   -1.72742
    280.19     60000   -1.06546   -2.30883   -2.10594   -2.11212   -1.76827
    303.53     65000   -1.09680   -2.12278   -1.99498   -1.96605   -1.73941
    326.86     70000   -1.06508   -2.20726   -2.14018   -2.09782   -1.75536
    350.20     75000   -1.10433   -2.46434   -2.59081   -2.49595   -1.83756
    373.53     80000   -1.21750   -2.34588   -2.28432   -2.24813   -1.89856
    396.87     85000   -1.32238   -2.32805   -2.20874   -2.19978   -1.93335
    420.20     90000   -1.33338   -2.53370   -2.46377   -2.43556   -2.00991
    443.55     95000   -1.40171   -2.73452   -2.85644   -2.80998   -2.11070
    466.88    100000   -1.49457   -2.59096   -2.45001   -2.45228   -2.14817
 ITERATION...
    490.22      5000   -1.51309   -2.55284   -2.42735   -2.40481   -2.15057
    513.56     10000   -1.51793   -2.75092   -2.71380   -2.65153   -2.20633
    536.89     15000   -1.58641   -2.92827   -2.96995   -2.92361   -2.29609
    560.23     20000   -1.69379   -2.74977   -2.63855   -2.61483   -2.33647
    583.58     25000   -1.71638   -2.78946   -2.67341   -2.65000   -2.36809
    606.92     30000   -1.75356   -3.05450   -3.05613   -3.00218   -2.44976
    630.25     35000   -1.84060   -3.09421   -3.07018   -3.04909   -2.53506
    653.58     40000   -1.92684   -2.95095   -2.82274   -2.81416   -2.55601
    676.92     45000   -1.91584   -3.02099   -2.90944   -2.88533   -2.58182
    700.24     50000   -1.95439   -3.30090   -3.37562   -3.28556   -2.66332
    723.58     55000   -2.05433   -3.26442   -3.18974   -3.17751   -2.73942
    746.91     60000   -2.14597   -3.15477   -3.02957   -3.01060   -2.76093
    770.24     65000   -2.13501   -3.27824   -3.18170   -3.14826   -2.80566
    793.57     70000   -2.18631   -3.57653   -3.71339   -3.61243   -2.89743
    816.90     75000   -2.28900   -3.43197   -3.33481   -3.31962   -2.95958
    840.24     80000   -2.35269   -3.36367   -3.23977   -3.22276   -2.97365
    863.58     85000   -2.34518   -3.52843   -3.44948   -3.41526   -3.02471
    886.93     90000   -2.40376   -3.77952   -3.90966   -3.83048   -3.11689
    910.28     95000   -2.50896   -3.60608   -3.49358   -3.48281   -3.16703
    933.63    100000   -2.54469   -3.58821   -3.46580   -3.44570   -3.18586
    956.98      5000   -2.56315   -3.80104   -3.75399   -3.70621   -3.25131
    980.32     10000   -2.63557   -3.98029   -4.01092   -3.97351   -3.34276
   1003.65     15000   -2.73539   -3.79300   -3.67127   -3.65686   -3.37872
   1026.98     20000   -2.74580   -3.81619   -3.70038   -3.67683   -3.40075
   1050.33     25000   -2.77596   -4.07018   -4.06816   -4.00939   -3.47530
   1073.66     30000   -2.86279   -4.13932   -4.10906   -4.08637   -3.56057
   1097.01     35000   -2.95700   -3.98538   -3.86057   -3.84641   -3.58695
   1120.35     40000   -2.95274   -4.05751   -3.94866   -3.92306   -3.61847
   1143.70     45000   -2.99413   -4.34276   -4.41401   -4.33198   -3.70273
   1167.03     50000   -3.09372   -4.30485   -4.22636   -4.21327   -3.77838
   1190.37     55000   -3.18139   -4.18980   -4.06227   -4.04596   -3.79707
   1213.70     60000   -3.16619   -4.30572   -4.20968   -4.17824   -3.83810
   1237.04     65000   -3.21592   -4.59888   -4.73791   -4.63748   -3.92810
   1260.37     70000   -3.31964   -4.47021   -4.36954   -4.35635   -3.99141
   1283.71     75000   -3.38706   -4.40152   -4.27565   -4.25747   -4.00777
   1307.05     80000   -3.38157   -4.56502   -4.48729   -4.45087   -4.06063
   1330.38     85000   -3.44063   -4.82115   -4.94603   -4.86878   -4.15342
   1353.73     90000   -3.54483   -4.64487   -4.52936   -4.51737   -4.20307
   1377.07     95000   -3.57929   -4.62290   -4.49924   -4.47911   -4.22054
   1400.40    100000   -3.59644   -4.83186   -4.78361   -4.73725   -4.28466
   1423.73      5000   -3.66818   -5.01077   -5.04873   -5.00925   -4.37586
   1447.07     10000   -3.76894   -4.82910   -4.70608   -4.69267   -4.41266
   1470.40     15000   -3.78083   -4.85320   -4.73513   -4.71197   -4.43550
   1493.73     20000   -3.81145   -5.10570   -5.10386   -5.04378   -4.51048
   1517.07     25000   -3.89811   -5.17745   -5.14435   -5.12317   -4.59591
   1540.41     30000   -3.99175   -5.02218   -4.89537   -4.88091   -4.62202
   1563.75     35000   -3.98714   -5.09244   -4.98222   -4.95603   -4.65289
   1587.08     40000   -4.02812   -5.37684   -5.44524   -5.36320   -4.73670
   1610.41     45000   -4.12756   -5.33953   -5.26320   -5.24902   -4.81252
   1633.73     50000   -4.21568   -5.22514   -5.09714   -5.08106   -4.83162
   1657.03     55000   -4.20104   -5.34146   -5.24371   -5.21289   -4.87281
   1680.34     60000   -4.25076   -5.63340   -5.77253   -5.67182   -4.96288
   1703.65     65000   -4.35444   -5.50580   -5.40461   -5.39216   -5.02633
   1726.95     70000   -4.42215   -5.43679   -5.30988   -5.29186   -5.04251
   1750.25     75000   -4.41594   -5.59957   -5.52044   -5.48368   -5.09502
   1773.56     80000   -4.47481   -5.85685   -5.98261   -5.90368   -5.18772
   1796.86     85000   -4.57907   -5.68009   -5.56508   -5.55275   -5.23762
   1820.17     90000   -4.61423   -5.65773   -5.53386   -5.51370   -5.25517
   1843.47     95000   -4.63125   -5.86669   -5.81695   -5.77111   -5.31924
   1866.78    100000   -4.70271   -6.04576   -6.08519   -6.04515   -5.41051
   1890.08      5000   -4.80357   -5.86390   -5.74096   -5.72778   -5.44744
   1913.39     10000   -4.81560   -5.88759   -5.76901   -5.74609   -5.47010
   1936.69     15000   -4.84599   -6.13962   -6.13623   -6.07627   -5.54486
   1960.00     20000   -4.93239   -6.21299   -6.18095   -6.15962   -5.63040
   1983.30     25000   -5.02617   -6.05713   -5.93044   -5.91597   -5.65668
   2006.60     30000   -5.02186   -6.12679   -6.01641   -5.99020   -5.68746
   2029.91     35000   -5.06275   -6.41127   -6.47787   -6.39644   -5.77119
   2053.21     40000   -5.16207   -6.37488   -6.29906   -6.28472   -5.84719
   2076.52     45000   -5.25015   -6.25970   -6.13177   -6.11572   -5.86633
   2099.82     50000   -5.23557   -6.37536   -6.27724   -6.24661   -5.90732
   2123.13     55000   -5.28517   -6.66744   -6.80581   -6.70505   -5.99730
   2146.43     60000   -5.38889   -6.54105   -6.44035   -6.42793   -6.06095
   2169.74     65000   -5.45720   -6.47140   -6.34452   -6.32656   -6.07716
   2193.05     70000   -5.45049   -6.63349   -6.55405   -6.51738   -6.12951
   2216.35     75000   -5.50923   -6.89178   -7.01819   -6.93894   -6.22222
   2239.66     80000   -5.61353   -6.71526   -6.60036   -6.58802   -6.27232
   2262.96     85000   -5.64912   -6.69209   -6.56818   -6.54803   -6.28981
   2286.27     90000   -5.66590   -6.90031   -6.84993   -6.80430   -6.35369
   2309.57     95000   -5.73707   -7.08092   -7.12205   -7.08135   -6.44501
   2332.88    100000   -5.83808   -6.89892   -6.77617   -6.76300   -6.48214
   2356.19      5000   -5.85041   -6.92191   -6.80326   -6.78042   -6.50469
   2379.49     10000   -5.88062   -7.17327   -7.16905   -7.10942   -6.57930
   2402.80     15000   -5.96680   -7.24840   -7.21717   -7.19578   -6.66497
   2426.11     20000   -6.06067   -7.09200   -6.96531   -6.95087   -6.69139
   2449.41     25000   -6.05653   -7.16091   -7.05035   -7.02418   -6.72202
   2472.73     30000   -6.09732   -7.44499   -7.51029   -7.42920   -6.80562
   2496.08     35000   -6.19650   -7.41033   -7.33514   -7.32069   -6.88179
   2519.43     40000   -6.28459   -7.29445   -7.16656   -7.15053   -6.90102
   2542.78     45000   -6.27014   -7.40939   -7.31104   -7.28051   -6.94184
   2566.12     50000   -6.31962   -7.70156   -7.83921   -7.73865   -7.03175
   2589.46     55000   -6.42339   -7.57634   -7.47593   -7.46353   -7.09562
   2612.80     60000   -6.49226   -7.50598   -7.37904   -7.36113   -7.11183
   2636.14     65000   -6.48503   -7.66732   -7.58748   -7.55092   -7.16400
   2659.47     70000   -6.54362   -7.92650   -8.05411   -7.97409   -7.25669
   2682.81     75000   -6.64796   -7.75046   -7.63578   -7.62344   -7.30701
   2706.15     80000   -6.68402   -7.72656   -7.60260   -7.58249   -7.32445
   2729.49     85000   -6.70045   -7.93406   -7.88311   -7.83767   -7.38814
   2752.82     90000   -6.77145   -8.11614   -8.15863   -8.11749   -7.47952
   2776.14     95000   -6.87261   -7.93392   -7.81127   -7.79813   -7.51685
   2799.45    100000   -6.88521   -7.95619   -7.83743   -7.81464   -7.53929
   2822.76      5000   -6.91525   -8.20691   -8.20174   -8.14239   -7.61374
   2846.07     10000   -7.00119   -8.28383   -8.25361   -8.23201   -7.69953
   2869.38     15000   -7.09515   -8.12690   -8.00027   -7.98585   -7.72610
   2892.69     20000   -7.09121   -8.19507   -8.08437   -8.05826   -7.75658
   2916.01     25000   -7.13190   -8.47879   -8.54281   -8.46214   -7.84006
   2939.32     30000   -7.23095   -8.44576   -8.37109   -8.35659   -7.91641
   2962.63     35000   -7.31904   -8.32917   -8.20129   -8.18529   -7.93572
   2985.95     40000   -7.30470   -8.44338   -8.34478   -8.31433   -7.97636
   3009.29     45000   -7.35407   -8.73571   -8.87260   -8.77209   -8.06619
   3032.62     50000   -7.45788   -8.61168   -8.51161   -8.49919   -8.13027
   3055.96     55000   -7.52733   -8.54058   -8.41363   -8.39575   -8.14650
   3079.30     60000   -7.51957   -8.70117   -8.62098   -8.58454   -8.19848
   3102.64     65000   -7.57802   -8.96125   -9.08987   -9.00923   -8.29116
   3125.98     70000   -7.68241   -8.78565   -8.67113   -8.65880   -8.34170
   3149.32     75000   -7.71893   -8.76100   -8.63698   -8.61690   -8.35909
   3172.65     80000   -7.73501   -8.96777   -8.91623   -8.87096   -8.42260
   3195.95     85000   -7.80583   -9.15138   -9.19532   -9.15367   -8.51403
   3219.25     90000   -7.90714   -8.96897   -8.84643   -8.83330   -8.55155
   3242.56     95000   -7.92002   -8.99050   -8.87165   -8.84891   -8.57389
   3265.87    100000   -7.94987   -9.24058   -9.23451   -9.17544   -8.64818
MyID= 0: Time=  0.1,has convergenced
     1685086 iterations for the convertgence of psi
 MyID=           0 has finish
