 START-UP FOR CHUNK...
     23.60      5000   -0.56541   -2.01343   -1.91978   -1.84433   -1.28199
     47.10     10000   -0.68372   -2.17180   -1.78211   -1.85411   -1.46704
     70.61     15000   -0.64633   -2.27184   -1.67618   -1.72100   -1.46324
     94.12     20000   -0.55140   -2.13137   -1.55383   -1.55116   -1.37485
    117.62     25000   -0.46606   -1.70478   -1.46717   -1.45056   -1.26819
    141.13     30000   -0.41446   -1.62050   -1.53129   -1.52772   -1.19753
    164.63     35000   -0.43803   -1.92879   -1.84712   -1.92627   -1.28963
    188.14     40000   -0.60461   -1.90937   -1.83491   -1.83018   -1.40421
    211.64     45000   -0.79097   -1.90020   -1.76589   -1.78413   -1.48911
    235.14     50000   -0.89683   -2.13412   -2.03872   -1.99313   -1.61026
    258.65     55000   -0.98319   -2.37902   -2.45169   -2.42766   -1.73682
    282.15     60000   -1.07203   -2.31272   -2.10601   -2.10961   -1.77577
    305.66     65000   -1.10580   -2.13100   -2.00663   -1.97459   -1.74883
    329.16     70000   -1.07524   -2.22507   -2.15785   -2.11637   -1.76805
    352.66     75000   -1.11654   -2.47880   -2.60247   -2.50096   -1.85224
    376.17     80000   -1.23187   -2.35278   -2.29624   -2.26073   -1.91350
    399.67     85000   -1.33848   -2.34293   -2.22295   -2.21735   -1.94836
    423.18     90000   -1.34743   -2.55349   -2.47911   -2.44964   -2.02434
    446.68     95000   -1.41661   -2.75787   -2.87105   -2.82165   -2.12609
    470.18    100000   -1.51306   -2.61124   -2.46957   -2.47239   -2.16639
 ITERATION...
    493.69      5000   -1.53487   -2.56978   -2.44547   -2.42122   -2.16965
    517.19     10000   -1.53864   -2.76922   -2.72187   -2.65983   -2.22473
    540.70     15000   -1.60465   -2.96109   -3.01185   -2.95039   -2.31582
    564.20     20000   -1.71434   -2.77033   -2.66693   -2.64221   -2.35907
    587.71     25000   -1.74042   -2.80352   -2.68860   -2.66825   -2.38916
    611.21     30000   -1.77620   -3.06649   -3.04771   -2.99877   -2.46848
    634.72     35000   -1.85974   -3.13234   -3.12057   -3.09727   -2.55742
    658.22     40000   -1.95206   -2.97897   -2.85226   -2.84600   -2.58289
    681.73     45000   -1.94429   -3.03585   -2.92283   -2.89914   -2.60627
    705.23     50000   -1.98104   -3.31666   -3.35360   -3.26823   -2.68525
    728.73     55000   -2.07632   -3.31766   -3.25252   -3.23562   -2.76653
    752.24     60000   -2.17194   -3.18316   -3.06265   -3.04310   -2.79109
    775.74     65000   -2.16265   -3.28680   -3.18696   -3.15656   -2.83105
    799.25     70000   -2.21076   -3.59482   -3.69386   -3.59906   -2.92087
    822.75     75000   -2.31534   -3.48499   -3.39852   -3.38252   -2.99134
    846.26     80000   -2.39807   -3.39298   -3.26980   -3.25545   -3.00743
    869.76     85000   -2.37687   -3.53321   -3.44377   -3.41306   -3.05220
    893.27     90000   -2.43111   -3.82018   -3.96195   -3.85878   -3.14391
    916.77     95000   -2.53819   -3.66631   -3.55949   -3.54907   -3.20383
    940.28    100000   -2.59407   -3.61639   -3.49389   -3.47461   -3.22175
    963.78      5000   -2.59917   -3.79914   -3.73110   -3.68914   -3.27956
    987.29     10000   -2.66203   -4.04653   -4.13082   -4.06357   -3.37355
   1010.79     15000   -2.76822   -3.85172   -3.73551   -3.72145   -3.42052
   1034.30     20000   -2.79420   -3.84031   -3.72113   -3.70059   -3.43884
   1057.80     25000   -2.81542   -4.06230   -4.02015   -3.97255   -3.50514
   1081.31     30000   -2.89046   -4.22300   -4.24533   -4.20606   -3.59651
   1104.81     35000   -2.99295   -4.04407   -3.92210   -3.90994   -3.63299
   1128.31     40000   -3.00211   -4.07672   -3.96083   -3.93812   -3.65747
   1151.82     45000   -3.03518   -4.33688   -4.33944   -4.27461   -3.73403
   1175.32     50000   -3.12367   -4.40193   -4.35835   -4.33803   -3.82020
   1198.83     55000   -3.21862   -4.24513   -4.11904   -4.10431   -3.84688
   1222.33     60000   -3.21251   -4.31660   -4.20785   -4.18106   -3.87796
   1245.84     65000   -3.25455   -4.60598   -4.66643   -4.58211   -3.96194
   1269.34     70000   -3.35448   -4.56907   -4.49478   -4.47847   -4.03960
   1292.85     75000   -3.44426   -4.45204   -4.32586   -4.31054   -4.06016
   1316.36     80000   -3.42928   -4.56631   -4.46699   -4.43733   -4.10061
   1339.87     85000   -3.47912   -4.86356   -4.98948   -4.88531   -4.19070
   1363.38     90000   -3.58523   -4.74366   -4.64469   -4.63271   -4.25770
   1386.89     95000   -3.66017   -4.66699   -4.54049   -4.52333   -4.27479
   1410.41    100000   -3.64723   -4.82193   -4.73712   -4.70110   -4.32492
   1433.91      5000   -3.70475   -5.09743   -5.22907   -5.13403   -4.41804
   1457.42     10000   -3.81231   -4.92363   -4.81288   -4.80026   -4.47312
   1480.93     15000   -3.85576   -4.88858   -4.76496   -4.74586   -4.49050
   1504.44     20000   -3.86660   -5.08579   -5.02261   -4.98000   -4.55104
   1527.94     25000   -3.93410   -5.29888   -5.36523   -5.30877   -4.64430
   1551.45     30000   -4.03914   -5.11086   -4.99156   -4.97932   -4.68747
   1574.95     35000   -4.05904   -5.11733   -4.99688   -4.97572   -4.70799
   1598.46     40000   -4.08527   -5.35462   -5.32409   -5.26984   -4.77835
   1621.96     45000   -4.16533   -5.48015   -5.47551   -5.44459   -4.86826
   1645.46     50000   -4.26522   -5.30639   -5.18288   -5.16938   -4.90080
   1668.97     55000   -4.26805   -5.35356   -5.23915   -5.21505   -4.92728
   1692.47     60000   -4.30457   -5.62675   -5.64544   -5.57514   -5.00661
   1715.98     65000   -4.39738   -5.65052   -5.59647   -5.57753   -5.09000
   1739.48     70000   -4.49074   -5.50871   -5.38290   -5.36838   -5.11417
   1762.99     75000   -4.48107   -5.59683   -5.49019   -5.46289   -5.14857
   1786.49     80000   -4.52519   -5.89270   -5.97743   -5.88437   -5.23510
   1809.99     85000   -4.62837   -5.82170   -5.73747   -5.72342   -5.30913
   1833.50     90000   -4.71633   -5.71898   -5.59286   -5.57682   -5.32797
   1857.01     95000   -4.69937   -5.84810   -5.75332   -5.72147   -5.37177
   1880.52    100000   -4.75130   -6.14250   -6.27898   -6.17356   -5.46328
   1904.02      5000   -4.85734   -5.99751   -5.89453   -5.88209   -5.52606
   1927.52     10000   -4.92033   -5.93596   -5.81090   -5.79314   -5.54289
   1951.03     15000   -4.91758   -6.10651   -6.02844   -5.99069   -5.59679
   1974.53     20000   -4.97780   -6.36347   -6.47701   -6.39549   -5.69037
   1998.03     25000   -5.08439   -6.18043   -6.06648   -6.05426   -5.74109
   2021.54     30000   -5.11859   -6.16044   -6.03806   -6.01831   -5.75922
   2045.04     35000   -5.13612   -6.37227   -6.31957   -6.27326   -5.82335
   2068.55     40000   -5.20782   -6.55671   -6.59550   -6.55033   -5.91581
   2092.05     45000   -5.31152   -6.37080   -6.24998   -6.23719   -5.95496
   2115.55     50000   -5.32434   -6.39182   -6.27364   -6.25144   -5.97734
   2139.06     55000   -5.35535   -6.64280   -6.62801   -6.56892   -6.05109
   2162.56     60000   -5.43959   -6.73227   -6.70774   -6.68227   -6.13902
   2186.06     65000   -5.53698   -6.56881   -6.44447   -6.43068   -6.16824
   2209.57     70000   -5.53430   -6.63070   -6.51892   -6.49383   -6.19734
   2233.07     75000   -5.57498   -6.91381   -6.95512   -6.87717   -6.27948
   2256.58     80000   -5.67110   -6.90236   -6.83581   -6.81925   -6.35980
   2280.08     85000   -5.76275   -6.77415   -6.64813   -6.63307   -6.38169
   2303.58     90000   -5.74928   -6.87687   -6.77416   -6.74532   -6.41933
   2327.09     95000   -5.79675   -7.17567   -7.28426   -7.18388   -6.50795
   2350.59    100000   -5.90224   -7.07485   -6.98298   -6.96969   -6.57812
   2374.09      5000   -5.98714   -6.98683   -6.86103   -6.84440   -6.59584
   2397.60     10000   -5.96750   -7.13078   -7.04134   -7.00764   -6.64321
   2421.10     15000   -6.02299   -7.41593   -7.55456   -7.45338   -6.73582
   2444.61     20000   -6.12990   -7.25309   -7.14561   -7.13340   -6.79430
   2468.11     25000   -6.18181   -7.20655   -7.08230   -7.06387   -6.81123
   2491.61     30000   -6.18725   -7.39197   -7.32190   -7.28141   -6.86882
   2515.11     35000   -6.25076   -7.62650   -7.71494   -7.64766   -6.96239
   2538.62     40000   -6.35754   -7.43872   -7.32195   -7.30957   -7.00884
   2562.12     45000   -6.38275   -7.43349   -7.31247   -7.29188   -7.02817
   2585.62     50000   -6.40542   -7.65980   -7.61896   -7.56868   -7.09585
   2609.12     55000   -6.48185   -7.81182   -7.82544   -7.78910   -7.18707
   2632.62     60000   -6.58324   -7.63182   -7.50951   -7.49641   -7.22242
   2656.13     65000   -6.59071   -7.66754   -7.55142   -7.52827   -7.24695
   2679.63     70000   -6.62418   -7.93125   -7.93441   -7.86933   -7.32389
   2703.13     75000   -6.71348   -7.98431   -7.94239   -7.92105   -7.40943
   2726.63     80000   -6.80834   -7.83252   -7.70740   -7.69318   -7.43568
   2750.14     85000   -6.80178   -7.90902   -7.80017   -7.77383   -7.46767
   2773.64     90000   -6.84439   -8.20033   -8.26575   -8.17954   -7.55239
   2797.14     95000   -6.94537   -8.15462   -8.07753   -8.06252   -7.62931
   2820.64    100000   -7.03435   -8.04050   -7.91441   -7.89881   -7.64932
   2844.15      5000   -7.01868   -8.15796   -8.05949   -8.02906   -7.69035
   2867.65     10000   -7.06890   -8.45589   -8.58364   -8.47849   -7.78072
   2891.15     15000   -7.17534   -8.32892   -8.23055   -8.21784   -7.84681
   2914.65     20000   -7.24751   -8.25573   -8.13034   -8.11310   -7.86387
   2938.16     25000   -7.23682   -8.41454   -8.33122   -8.29534   -7.91487
   2961.66     30000   -7.29496   -8.68586   -8.81423   -8.72287   -8.00819
   2985.16     35000   -7.40232   -8.50974   -8.39836   -8.38618   -8.06234
   3008.67     40000   -7.44364   -8.47803   -8.35478   -8.33561   -8.07978
   3032.17     45000   -7.45590   -8.67828   -8.61736   -8.57379   -8.14104
   3055.67     50000   -7.52446   -8.88622   -8.94701   -8.89278   -8.23415
   3079.17     55000   -7.62903   -8.69804   -8.57892   -8.56633   -8.27645
   3102.68     60000   -7.64751   -8.70752   -8.58805   -8.56660   -8.29736
   3126.18     65000   -7.67483   -8.94787   -8.92084   -8.86594   -8.36848
   3149.68     70000   -7.75575   -9.06545   -9.05642   -9.02694   -8.45804
   3173.18     75000   -7.85540   -8.89388   -8.77030   -8.75684   -8.48984
   3196.68     80000   -7.85668   -8.94422   -8.83042   -8.80620   -8.51682
   3220.18     85000   -7.89420   -9.21944   -9.24298   -9.17100   -8.59675
   3243.68     90000   -7.98793   -9.23617   -9.17960   -9.16123   -8.67951
MyID= 0: Time=  0.1,has convergenced
     1685168 iterations for the convertgence of psi
 MyID=           0 has finish
