 START-UP FOR CHUNK...
     23.48      5000   -0.62209   -2.03818   -2.15512   -2.14569   -1.29010
     46.86     10000   -0.81500   -2.12902   -2.07654   -2.14693   -1.52355
     70.24     15000   -0.84332   -2.22836   -1.96688   -2.00343   -1.60252
     93.62     20000   -0.78467   -2.47303   -1.80899   -1.80761   -1.56662
    117.00     25000   -0.66585   -2.04310   -1.62186   -1.61943   -1.44169
    140.37     30000   -0.55056   -1.74080   -1.47913   -1.47975   -1.29435
    163.75     35000   -0.45881   -1.61760   -1.49364   -1.48416   -1.19090
    187.13     40000   -0.46637   -1.81177   -1.82564   -1.86006   -1.22826
    210.50     45000   -0.58170   -1.90507   -1.81601   -1.80833   -1.32699
    233.88     50000   -0.74254   -1.82695   -1.70097   -1.68827   -1.41086
    257.26     55000   -0.85328   -2.03147   -1.94824   -1.90629   -1.54011
    280.64     60000   -0.93318   -2.30643   -2.40617   -2.44244   -1.65054
    304.02     65000   -0.98606   -2.15533   -1.98341   -1.97002   -1.65647
    327.40     70000   -0.98596   -2.00959   -1.88390   -1.85618   -1.61670
    350.77     75000   -0.94293   -2.11411   -2.08899   -2.05420   -1.63841
    374.15     80000   -0.99039   -2.31036   -2.39444   -2.37499   -1.70967
    397.53     85000   -1.09328   -2.18588   -2.06339   -2.04144   -1.75035
    420.90     90000   -1.14929   -2.23588   -2.11990   -2.10279   -1.80893
    444.28     95000   -1.19884   -2.47746   -2.56000   -2.52973   -1.90741
    467.66    100000   -1.27588   -2.52028   -2.42016   -2.41888   -1.96490
 ITERATION...
    491.04      5000   -1.32977   -2.37489   -2.22804   -2.20879   -1.95714
    514.41     10000   -1.30070   -2.43455   -2.36305   -2.33159   -1.98374
    537.79     15000   -1.34011   -2.68571   -2.82454   -2.82338   -2.06167
    561.17     20000   -1.43108   -2.58732   -2.46313   -2.43969   -2.10683
    584.55     25000   -1.48972   -2.55271   -2.42409   -2.40023   -2.13812
    607.92     30000   -1.51314   -2.74780   -2.72903   -2.70426   -2.21755
    631.30     35000   -1.58828   -2.88948   -2.88506   -2.87393   -2.29301
    654.68     40000   -1.65930   -2.73441   -2.58998   -2.57250   -2.30330
    678.05     45000   -1.65538   -2.76144   -2.65823   -2.63460   -2.32773
    701.43     50000   -1.68513   -2.99843   -3.10827   -3.08770   -2.40555
    724.81     55000   -1.77054   -2.98297   -2.87645   -2.86109   -2.46069
    748.18     60000   -1.85036   -2.89020   -2.75447   -2.73158   -2.47945
    771.56     65000   -1.84901   -3.02821   -2.96569   -2.93834   -2.54131
    794.93     70000   -1.91049   -3.25750   -3.35162   -3.34028   -2.62514
    818.31     75000   -1.98979   -3.10523   -2.96823   -2.94886   -2.65037
    841.69     80000   -2.00903   -3.08755   -2.96874   -2.94550   -2.66917
    865.06     85000   -2.02831   -3.29551   -3.32536   -3.30195   -2.74196
    888.44     90000   -2.10904   -3.37854   -3.31802   -3.30503   -2.80936
    911.82     95000   -2.19515   -3.24234   -3.10288   -3.08206   -2.82558
    935.19    100000   -2.19107   -3.32276   -3.23313   -3.20811   -2.87135
    958.57      5000   -2.23723   -3.57952   -3.72629   -3.70815   -2.95690
    981.95     10000   -2.32015   -3.48985   -3.36407   -3.34690   -2.99786
   1005.33     15000   -2.36691   -3.42229   -3.29279   -3.26977   -3.01144
   1028.70     20000   -2.37266   -3.58492   -3.55623   -3.53039   -3.07497
   1052.08     25000   -2.44214   -3.76684   -3.78525   -3.77699   -3.15276
   1075.46     30000   -2.52568   -3.60911   -3.46907   -3.44867   -3.17412
   1098.83     35000   -2.53669   -3.63440   -3.52502   -3.50094   -3.20596
   1122.21     40000   -2.56923   -3.87333   -3.95919   -3.93424   -3.28752
   1145.58     45000   -2.65234   -3.88178   -3.78412   -3.76925   -3.34429
   1168.96     50000   -2.73394   -3.76854   -3.63106   -3.60938   -3.35602
   1192.34     55000   -2.71847   -3.88001   -3.81156   -3.78595   -3.40761
   1215.71     60000   -2.77371   -4.12174   -4.24207   -4.23640   -3.49122
   1239.09     65000   -2.85634   -3.98796   -3.85265   -3.83389   -3.52352
   1262.47     70000   -2.88798   -3.95961   -3.83607   -3.81250   -3.54446
   1285.85     75000   -2.90691   -4.15845   -4.16808   -4.14130   -3.61755
   1309.22     80000   -2.98544   -4.27418   -4.23248   -4.22060   -3.68810
   1332.60     85000   -3.06738   -4.12605   -3.98509   -3.96432   -3.70296
   1355.98     90000   -3.06505   -4.18585   -4.09009   -4.06541   -3.74178
   1379.35     95000   -3.10509   -4.43833   -4.57362   -4.55646   -3.82562
   1402.73    100000   -3.19013   -4.37615   -4.25683   -4.24019   -3.87225
   1426.11      5000   -3.24810   -4.29677   -4.16348   -4.14097   -3.88649
   1449.48     10000   -3.24939   -4.44613   -4.40241   -4.37599   -3.94802
   1472.86     15000   -3.31568   -4.65060   -4.70339   -4.69558   -4.02825
   1496.24     20000   -3.39687   -4.49525   -4.35566   -4.33602   -4.05154
   1519.62     25000   -3.41333   -4.50280   -4.38875   -4.36481   -4.07856
   1542.99     30000   -3.44178   -4.73038   -4.79112   -4.76620   -4.15734
   1566.37     35000   -3.52319   -4.77053   -4.68597   -4.67191   -4.21883
   1589.75     40000   -3.60845   -4.64573   -4.50669   -4.48516   -4.23163
   1613.12     45000   -3.59560   -4.74297   -4.66422   -4.63878   -4.28004
   1636.50     50000   -3.64603   -4.99293   -5.13406   -5.12357   -4.36450
   1659.88     55000   -3.72835   -4.87602   -4.74477   -4.72667   -4.40059
   1683.25     60000   -3.76705   -4.83148   -4.70486   -4.68178   -4.41848
   1706.63     65000   -3.78059   -5.01540   -5.00676   -4.98042   -4.48797
   1730.01     70000   -3.85537   -5.16095   -5.14328   -5.13311   -4.56202
   1753.39     75000   -3.93709   -5.00681   -4.86580   -4.84530   -4.57918
   1776.76     80000   -3.94111   -5.05131   -4.94913   -4.92456   -4.61455
   1800.14     85000   -3.97768   -5.29974   -5.41607   -5.39445   -4.69751
   1823.51     90000   -4.06142   -5.26660   -5.15579   -5.13971   -4.74863
   1846.89     95000   -4.13002   -5.17218   -5.03707   -5.01488   -4.76161
   1870.27    100000   -4.12522   -5.30556   -5.24995   -5.22404   -4.81905
   1893.65      5000   -4.18607   -5.52896   -5.61391   -5.60725   -4.90117
   1917.02     10000   -4.26833   -5.37991   -5.24192   -5.22271   -4.92809
   1940.40     15000   -4.29099   -5.37172   -5.25333   -5.22962   -4.95212
   1963.78     20000   -4.31463   -5.58742   -5.62465   -5.59857   -5.02854
   1987.15     25000   -4.39544   -5.66121   -5.59311   -5.58000   -5.09418
   2010.53     30000   -4.47848   -5.52490   -5.38495   -5.36371   -5.10760
   2033.91     35000   -4.47062   -5.60593   -5.51928   -5.49415   -5.15187
   2057.29     40000   -4.51653   -5.85985   -6.00635   -5.99313   -5.23644
   2080.66     45000   -4.60063   -5.76423   -5.63742   -5.61986   -5.27703
   2104.04     50000   -4.64656   -5.70418   -5.57451   -5.55168   -5.29299
   2127.42     55000   -4.65612   -5.87315   -5.84801   -5.82161   -5.35907
   2150.80     60000   -4.72684   -6.04674   -6.05796   -6.04898   -5.43612
   2174.17     65000   -4.80849   -5.88965   -5.74896   -5.72883   -5.45568
   2197.55     70000   -4.81712   -5.91801   -5.81033   -5.78604   -5.48730
   2220.93     75000   -4.84985   -6.15880   -6.25149   -6.22797   -5.56875
   2244.30     80000   -4.93321   -6.15701   -6.05603   -6.04077   -5.62448
   2267.68     85000   -5.01265   -6.04859   -5.91155   -5.88962   -5.63703
   2291.06     90000   -5.00014   -6.16616   -6.09967   -6.07393   -5.69053
   2314.44     95000   -5.05728   -6.40424   -6.51916   -6.51182   -5.77400
   2337.81    100000   -5.13941   -6.26624   -6.13061   -6.11185   -5.80475
   2361.19      5000   -5.16824   -6.24209   -6.11983   -6.09639   -5.82589
   2384.57     10000   -5.18814   -6.44445   -6.46018   -6.43387   -5.89949
   2407.95     15000   -5.26725   -6.55066   -6.50215   -6.49024   -5.96904
   2431.32     20000   -5.35013   -6.40498   -6.26428   -6.24335   -5.98374
   2454.70     25000   -5.34610   -6.47002   -6.37607   -6.35118   -6.02405
   2478.08     30000   -5.38787   -6.72383   -6.86332   -6.84607   -6.10823
   2501.45     35000   -5.47233   -6.65353   -6.53264   -6.51569   -6.15340
   2524.83     40000   -5.52773   -6.57816   -6.44588   -6.42332   -6.16776
   2548.21     45000   -5.53037   -6.73174   -6.69215   -6.66594   -6.23017
   2571.59     50000   -5.59763   -6.92971   -6.97252   -6.96481   -6.30976
   2594.96     55000   -5.67935   -6.77339   -6.63347   -6.61373   -6.33226
   2618.34     60000   -5.69385   -6.78574   -6.67303   -6.64899   -6.36040
   2641.71     65000   -5.72335   -7.01667   -7.08451   -7.05948   -6.43990
   2665.09     70000   -5.80572   -7.04768   -6.95918   -6.94479   -6.50010
   2688.46     75000   -5.89071   -6.92619   -6.78765   -6.76601   -6.51269
   2711.84     80000   -5.87660   -7.02783   -6.95182   -6.92634   -6.56216
   2735.21     85000   -5.92810   -7.27578   -7.41234   -7.40324   -6.64646
   2758.59     90000   -6.01042   -7.15344   -7.02099   -7.00272   -6.68136
   2781.98     95000   -6.04711   -7.11348   -6.98773   -6.96456   -6.69998
   2805.37    100000   -6.06198   -7.30164   -7.29808   -7.27163   -6.77046
   2828.76      5000   -6.13783   -7.43888   -7.41397   -7.40331   -6.84356
   2852.15     10000   -6.21970   -7.28624   -7.14524   -7.12466   -6.86006
   2875.55     15000   -6.22212   -7.33524   -7.23484   -7.21021   -6.89647
   2898.94     20000   -6.25957   -7.58527   -7.70772   -7.68718   -6.97977
   2922.34     25000   -6.34387   -7.54343   -7.42999   -7.41372   -7.02957
   2945.73     30000   -6.40913   -7.45319   -7.31862   -7.29633   -7.04282
   2969.12     35000   -6.40621   -7.59113   -7.53881   -7.51279   -7.10141
   2992.52     40000   -6.46860   -7.80954   -7.88542   -7.87848   -7.18303
   3015.91     45000   -6.55044   -7.65825   -7.51975   -7.50042   -7.20890
   3039.30     50000   -6.57191   -7.65461   -7.53743   -7.51365   -7.23379
   3062.70     55000   -6.59655   -7.87389   -7.91772   -7.89188   -7.31094
   3086.09     60000   -6.67737   -7.93810   -7.86490   -7.85152   -7.37541
   3109.49     65000   -6.76102   -7.80488   -7.66515   -7.64382   -7.38857
   3132.88     70000   -6.75206   -7.89052   -7.80607   -7.78085   -7.43401
   3156.27     75000   -6.79892   -8.14377   -8.29004   -8.27772   -7.51860
   3179.68     80000   -6.88302   -8.04161   -7.91340   -7.89567   -7.55789
   3203.08     85000   -6.92637   -7.98600   -7.85716   -7.83425   -7.57438
   3226.47     90000   -6.93739   -8.15931   -8.13870   -8.11230   -7.64147
   3249.87     95000   -7.00946   -8.32518   -8.32774   -8.31842   -7.71770
   3273.27    100000   -7.09064   -8.16858   -8.02773   -8.00750   -7.73651
   3296.66      5000   -7.09819   -8.20155   -8.09539   -8.07102   -7.76919
   3320.05     10000   -7.13185   -8.44478   -8.54450   -8.52146   -7.85111
   3343.41     15000   -7.21524   -8.43384   -8.32978   -8.31428   -7.90553
   3366.78     20000   -7.29170   -8.32935   -8.19282   -8.17081   -7.91816
   3390.15     25000   -7.28128   -8.45148   -8.38796   -8.36216   -7.97280
   3413.52     30000   -7.33988   -8.68583   -8.79275   -8.78574   -8.05594
   3436.89     35000   -7.42213   -8.54417   -8.40777   -8.38888   -8.08555
   3460.26     40000   -7.44870   -8.52459   -8.40339   -8.37987   -8.10748
   3483.62     45000   -7.46977   -8.73087   -8.75255   -8.72628   -8.18192
   3506.99     50000   -7.54936   -8.82789   -8.77337   -8.76111   -8.25038
   3530.36     55000   -7.63220   -8.68468   -8.54415   -8.52313   -8.26467
   3553.72     60000   -7.62707   -8.75431   -8.66237   -8.63741   -8.30610
   3577.09     65000   -7.67038   -9.00856   -9.15126   -9.13514   -8.39046
   3600.46     70000   -7.75439   -8.93063   -8.80789   -8.79075   -8.43429
   3623.83     75000   -7.80707   -8.85961   -8.72805   -8.70541   -8.44907
   3647.19     80000   -7.81169   -9.01765   -8.98201   -8.95574   -8.51255
   3670.56     85000   -7.87994   -9.20899   -9.24249   -9.23444   -8.59146
   3693.93     90000   -7.96203   -9.05204   -8.91184   -8.89198   -8.61307
   3717.30     95000   -7.97446   -9.06898   -8.95766   -8.93355   -8.64219
MyID= 0: Time=  0.1,has convergenced
     1686502 iterations for the convertgence of psi
 MyID=           0 has finish
