 START-UP FOR CHUNK...
     23.43      5000   -0.64773   -2.04366   -2.27328   -2.38159   -1.29181
     46.77     10000   -0.87895   -2.11855   -2.29262   -2.38254   -1.53901
     70.11     15000   -0.95465   -2.20320   -2.19251   -2.23784   -1.65924
     93.44     20000   -0.94428   -2.57903   -2.03603   -2.03642   -1.69322
    116.78     25000   -0.85545   -2.30776   -1.83399   -1.83010   -1.61260
    140.11     30000   -0.71916   -2.03026   -1.61899   -1.62825   -1.45157
    163.45     35000   -0.58704   -1.75859   -1.46993   -1.47192   -1.27934
    186.79     40000   -0.47379   -1.61282   -1.48868   -1.46915   -1.16710
    210.13     45000   -0.47859   -1.78542   -1.80454   -1.87153   -1.19619
    233.46     50000   -0.56481   -1.86018   -1.72857   -1.70009   -1.28712
    256.80     55000   -0.75486   -1.81579   -1.67291   -1.65042   -1.38747
    280.14     60000   -0.82790   -2.04784   -1.95816   -1.93455   -1.52532
    303.47     65000   -0.90337   -2.24684   -2.25371   -2.26992   -1.61278
    326.81     70000   -0.92705   -2.06354   -1.87772   -1.86422   -1.58846
    350.15     75000   -0.89133   -1.95803   -1.83527   -1.81044   -1.55000
    373.49     80000   -0.86469   -2.09633   -2.11904   -2.11253   -1.58477
    396.82     85000   -0.93440   -2.24298   -2.16481   -2.14169   -1.64853
    420.16     90000   -1.05832   -2.10889   -1.97327   -1.95032   -1.69076
    443.49     95000   -1.08854   -2.22871   -2.13641   -2.11960   -1.77435
    466.84    100000   -1.15144   -2.48938   -2.60066   -2.61120   -1.86862
 ITERATION...
    490.17      5000   -1.21125   -2.39145   -2.22949   -2.21416   -1.88611
    513.50     10000   -1.22598   -2.28866   -2.15881   -2.13660   -1.87714
    536.84     15000   -1.21369   -2.42236   -2.41828   -2.40795   -1.92696
    560.18     20000   -1.28108   -2.61438   -2.56201   -2.55379   -1.99564
    583.51     25000   -1.38117   -2.45776   -2.31132   -2.28673   -2.02350
    606.85     30000   -1.40080   -2.51627   -2.41581   -2.39521   -2.08085
    630.18     35000   -1.44827   -2.77146   -2.87781   -2.88199   -2.17024
    653.52     40000   -1.52035   -2.73198   -2.58603   -2.56836   -2.20463
    676.86     45000   -1.56393   -2.62277   -2.48447   -2.46278   -2.20706
    700.19     50000   -1.55423   -2.74450   -2.71375   -2.69965   -2.26121
    723.53     55000   -1.61706   -2.96051   -2.95584   -2.95559   -2.33384
    746.86     60000   -1.70347   -2.80549   -2.65350   -2.63064   -2.35685
    770.19     65000   -1.72413   -2.82283   -2.71281   -2.69127   -2.39814
    793.53     70000   -1.75950   -3.06078   -3.13740   -3.13386   -2.48266
    816.86     75000   -1.83581   -3.07931   -2.95015   -2.93247   -2.52835
    840.20     80000   -1.90257   -2.95341   -2.81022   -2.78809   -2.53505
    863.54     85000   -1.88735   -3.05642   -3.00187   -2.98514   -2.58785
    886.87     90000   -1.94515   -3.29610   -3.34449   -3.35153   -2.66458
    910.20     95000   -2.02604   -3.15367   -3.00126   -2.97901   -2.68883
    933.54    100000   -2.05171   -3.13618   -3.01786   -2.99625   -2.71931
    956.87      5000   -2.07781   -3.34975   -3.39057   -3.38268   -2.79890
    980.21     10000   -2.15330   -3.43025   -3.32358   -3.30740   -2.85393
   1003.55     15000   -2.23681   -3.28577   -3.13875   -3.11655   -2.86271
   1026.89     20000   -2.21859   -3.36347   -3.29070   -3.27210   -2.91107
   1050.22     25000   -2.26908   -3.61735   -3.70979   -3.72425   -2.99084
   1073.56     30000   -2.34803   -3.50540   -3.35448   -3.33278   -3.01984
   1096.90     35000   -2.38413   -3.45528   -3.32936   -3.30727   -3.04261
   1120.23     40000   -2.40049   -3.64094   -3.64833   -3.63684   -3.11679
   1143.57     45000   -2.47364   -3.78088   -3.70598   -3.69273   -3.17991
   1166.90     50000   -2.55534   -3.62240   -3.47179   -3.44953   -3.19084
   1190.24     55000   -2.54904   -3.67198   -3.58375   -3.56396   -3.23323
   1213.58     60000   -2.59105   -3.92502   -4.03368   -4.04820   -3.31440
   1236.92     65000   -2.66783   -3.85970   -3.71352   -3.69287   -3.35018
   1260.26     70000   -2.71781   -3.77933   -3.64609   -3.62374   -3.36740
   1283.59     75000   -2.72432   -3.93545   -3.91408   -3.89944   -3.43556
   1306.92     80000   -2.79426   -4.12593   -4.09501   -4.08703   -3.50551
   1330.27     85000   -2.87333   -3.96310   -3.80987   -3.78764   -3.51959
   1353.61     90000   -2.87733   -3.98366   -3.88221   -3.86151   -3.55546
   1376.95     95000   -2.91240   -4.22457   -4.31709   -4.32416   -3.63625
   1400.28    100000   -2.98978   -4.21534   -4.07921   -4.05988   -3.67985
   1423.62      5000   -3.05420   -4.10733   -3.96769   -3.94524   -3.69337
   1446.96     10000   -3.05127   -4.23355   -4.18798   -4.17111   -3.75491
   1470.29     15000   -3.11428   -4.46113   -4.48465   -4.48433   -3.83027
   1493.63     20000   -3.19243   -4.30742   -4.15325   -4.13128   -3.84886
   1516.97     25000   -3.20777   -4.29861   -4.18610   -4.16476   -3.87828
   1540.30     30000   -3.23443   -4.51975   -4.57933   -4.57779   -3.95699
   1563.65     35000   -3.31067   -4.57131   -4.45217   -4.43468   -4.00876
   1586.98     40000   -3.39402   -4.43893   -4.29408   -4.27158   -4.02033
   1610.32     45000   -3.37845   -4.53518   -4.46963   -4.45117   -4.07482
   1633.66     50000   -3.43426   -4.78444   -4.86088   -4.86924   -4.15398
   1657.00     55000   -3.51114   -4.65533   -4.50232   -4.48076   -4.17845
   1680.34     60000   -3.53866   -4.61706   -4.49525   -4.47348   -4.20193
   1703.68     65000   -3.55839   -4.81352   -4.83773   -4.82965   -4.27705
   1727.02     70000   -3.63328   -4.92561   -4.83278   -4.81806   -4.33674
   1750.35     75000   -3.71830   -4.77426   -4.62523   -4.60275   -4.34818
   1773.69     80000   -3.70683   -4.84044   -4.75840   -4.73877   -4.39537
   1797.03     85000   -3.75413   -5.09594   -5.20325   -5.21620   -4.47659
   1820.36     90000   -3.83039   -5.00664   -4.85747   -4.83654   -4.50812
   1843.69     95000   -3.87245   -4.93922   -4.80948   -4.78739   -4.52653
   1867.02    100000   -3.88251   -5.10818   -5.10072   -5.08820   -4.59677
   1890.36      5000   -3.95454   -5.27514   -5.22045   -5.21003   -4.66366
   1913.69     10000   -4.03672   -5.11338   -4.96127   -4.93890   -4.67676
   1937.03     15000   -4.03536   -5.14950   -5.05363   -5.03314   -4.71667
   1960.37     20000   -4.07416   -5.39801   -5.50214   -5.51153   -4.79818
   1983.71     25000   -4.15187   -5.36067   -5.21923   -5.19926   -4.83759
   2007.04     30000   -4.20742   -5.26516   -5.12860   -5.10630   -4.85211
   2030.38     35000   -4.20878   -5.40517   -5.37106   -5.35553   -4.91645
   2053.71     40000   -4.27485   -5.61624   -5.61187   -5.60795   -4.98939
   2077.05     45000   -4.35379   -5.45625   -5.30240   -5.28024   -5.00592
   2100.39     50000   -4.36511   -5.46236   -5.35480   -5.33366   -5.03882
   2123.72     55000   -4.39502   -5.69426   -5.77079   -5.77238   -5.11893
   2147.06     60000   -4.47312   -5.71624   -5.58817   -5.56967   -5.16662
   2170.40     65000   -4.54574   -5.59487   -5.45253   -5.43010   -5.17865
   2193.73     70000   -4.53587   -5.70526   -5.64914   -5.63155   -5.23636
   2217.06     75000   -4.59530   -5.94590   -5.99754   -6.00221   -5.31387
   2240.40     80000   -4.67308   -5.80277   -5.64892   -5.62710   -5.33547
   2263.74     85000   -4.69456   -5.77901   -5.66147   -5.63984   -5.36192
   2287.08     90000   -4.71785   -5.98808   -6.02910   -6.02355   -5.43905
   2310.42     95000   -4.79362   -6.07148   -5.96479   -5.94853   -5.49493
   2333.75    100000   -4.88048   -5.92834   -5.78125   -5.75878   -5.50609
   2357.09      5000   -4.86437   -6.00885   -5.93455   -5.91552   -5.55671
   2380.44     10000   -4.91569   -6.26311   -6.35916   -6.37121   -5.63713
   2403.77     15000   -4.99321   -6.15271   -6.00122   -5.97994   -5.66518
   2427.11     20000   -5.02787   -6.09941   -5.97332   -5.95134   -5.68600
   2450.45     25000   -5.04247   -6.28201   -6.28920   -6.27846   -5.75879
   2473.78     30000   -5.11563   -6.42363   -6.34905   -6.33627   -5.82231
   2497.11     35000   -5.19860   -6.26558   -6.11483   -6.09240   -5.83433
   2520.44     40000   -5.19369   -6.31612   -6.22670   -6.20663   -5.87769
   2543.77     45000   -5.23605   -6.56939   -6.67902   -6.69133   -5.95926
   2567.10     50000   -5.31238   -6.50563   -6.35981   -6.33933   -5.99481
   2590.43     55000   -5.36187   -6.42356   -6.29013   -6.26790   -6.01108
   2613.76     60000   -5.36735   -6.57773   -6.55585   -6.54156   -6.07842
   2637.10     65000   -5.43698   -6.76917   -6.73925   -6.73183   -6.14859
   2660.43     70000   -5.51658   -6.60660   -6.45341   -6.43113   -6.16323
   2683.76     75000   -5.52150   -6.62716   -6.52504   -6.50420   -6.19944
   2707.09     80000   -5.55657   -6.86803   -6.95980   -6.96543   -6.28043
   2730.42     85000   -5.63388   -6.86068   -6.72526   -6.70598   -6.32410
   2753.76     90000   -5.69850   -6.75146   -6.61178   -6.58938   -6.33716
   2777.09     95000   -5.69468   -6.87625   -6.83022   -6.81350   -6.39817
   2800.43    100000   -5.75741   -7.10460   -7.12937   -7.12967   -6.47366
   2823.76      5000   -5.83592   -6.95133   -6.79724   -6.77524   -6.49262
   2847.09     10000   -5.85171   -6.94197   -6.82907   -6.80767   -6.52208
   2870.42     15000   -5.87842   -7.16266   -7.22104   -7.21877   -6.60083
   2893.75     20000   -5.95449   -7.21639   -7.09816   -7.08070   -6.65280
   2917.09     25000   -6.03830   -7.08312   -6.93819   -6.91572   -6.66418
   2940.42     30000   -6.02223   -7.17811   -7.11216   -7.09376   -6.71827
   2963.75     35000   -6.07761   -7.42777   -7.50527   -7.51425   -6.79750
   2987.08     40000   -6.15466   -7.29964   -7.14667   -7.12510   -6.82227
   3010.41     45000   -6.18271   -7.26055   -7.13844   -7.11662   -6.84569
   3033.74     50000   -6.20229   -7.45627   -7.47933   -7.47088   -6.92073
   3057.06     55000   -6.27695   -7.57045   -7.47882   -7.46417   -6.98066
   3080.39     60000   -6.36175   -7.41855   -7.26942   -7.24696   -6.99205
   3103.71     65000   -6.35069   -7.48359   -7.40114   -7.38153   -7.03892
   3127.04     70000   -6.39760   -7.73899   -7.84657   -7.85983   -7.12016
   3150.37     75000   -6.47390   -7.65118   -7.50214   -7.48123   -7.15197
   3173.70     80000   -6.51647   -7.58289   -7.45287   -7.43075   -7.17029
   3197.03     85000   -6.52632   -7.75097   -7.74251   -7.72977   -7.24039
   3220.36     90000   -6.59820   -7.91966   -7.86657   -7.85627   -7.30749
   3243.69     95000   -6.68035   -7.75775   -7.60556   -7.58320   -7.32065
   3267.02    100000   -6.67915   -7.79281   -7.69656   -7.67606   -7.36028
   3290.35      5000   -6.71771   -8.04087   -8.14433   -8.15367   -7.44176
   3313.68     10000   -6.79540   -8.00534   -7.86419   -7.84427   -7.48146
   3337.00     15000   -6.85154   -7.90897   -7.77218   -7.74986   -7.49589
   3360.33     20000   -6.85264   -8.04804   -8.01311   -7.99746   -7.56005
   3383.66     25000   -6.91848   -8.26037   -8.25792   -8.25420   -7.63316
   3407.00     30000   -6.99736   -8.10070   -7.94683   -7.92468   -7.64982
   3430.33     35000   -7.00910   -8.10580   -7.99789   -7.97674   -7.68248
   3453.66     40000   -7.03865   -8.33701   -8.41241   -8.41382   -7.76251
   3476.99     45000   -7.11662   -8.36096   -8.23342   -8.21498   -7.81047
   3500.32     50000   -7.18997   -8.23881   -8.09629   -8.07385   -7.82246
   3523.66     55000   -7.17970   -8.34824   -8.29144   -8.27379   -7.87995
   3546.99     60000   -7.23892   -8.58960   -8.64307   -8.64798   -7.95759
   3570.32     65000   -7.31660   -8.44731   -8.29351   -8.27170   -7.97937
   3593.65     70000   -7.33850   -8.42256   -8.30472   -8.28309   -8.00561
   3616.98     75000   -7.36155   -8.63079   -8.67066   -8.66493   -8.08262
   3640.31     80000   -7.43730   -8.71616   -8.61032   -8.59416   -8.13876
   3663.65     85000   -7.52414   -8.57241   -8.42518   -8.40270   -8.14993
   3686.98     90000   -7.50820   -8.65195   -8.57710   -8.55802   -8.20031
   3710.31     95000   -7.55931   -8.90640   -9.00349   -9.01565   -8.28080
   3733.65    100000   -7.63668   -8.79734   -8.64599   -8.62473   -8.30908
   3756.98      5000   -7.67189   -8.74308   -8.61673   -8.59474   -8.32973
   3780.32     10000   -7.68614   -8.92476   -8.93092   -8.92005   -8.40236
   3803.65     15000   -7.75928   -9.06816   -8.99484   -8.98220   -8.46612
   3826.98     20000   -7.84214   -8.90978   -8.75892   -8.73650   -8.47820
   3850.31     25000   -7.83757   -8.95935   -8.86947   -8.84936   -8.52131
   3873.65     30000   -7.87969   -9.21237   -9.32186   -9.33400   -8.60290
   3896.44     35000   -7.95602   -9.15035   -9.00478   -8.98434   -8.63871
MyID= 0: Time=  0.1,has convergenced
     1686016 iterations for the convertgence of psi
 MyID=           0 has finish
