 START-UP FOR CHUNK...
     23.50      5000   -0.53864   -1.99408   -1.82751   -1.74298   -1.27642
     46.95     10000   -0.62591   -2.19377   -1.68291   -1.76012   -1.43348
     70.39     15000   -0.57137   -2.21978   -1.58578   -1.63737   -1.40584
     93.83     20000   -0.48103   -1.99977   -1.50136   -1.48793   -1.32012
    117.27     25000   -0.42383   -1.63090   -1.46204   -1.45052   -1.23259
    140.71     30000   -0.40032   -1.73996   -1.65742   -1.64578   -1.21502
    164.16     35000   -0.46840   -1.94616   -1.81665   -1.94322   -1.35485
    187.60     40000   -0.68341   -1.91071   -1.80706   -1.79860   -1.46298
    211.04     45000   -0.89314   -1.98418   -1.83699   -1.86194   -1.56480
    234.48     50000   -0.95192   -2.29818   -2.19011   -2.15721   -1.68920
    257.92     55000   -1.02980   -2.43356   -2.36320   -2.37245   -1.81032
    281.37     60000   -1.13182   -2.33601   -2.11235   -2.12770   -1.83843
    304.81     65000   -1.17951   -2.20635   -2.08302   -2.05353   -1.82334
    328.25     70000   -1.15152   -2.35672   -2.28569   -2.24385   -1.86074
    351.69     75000   -1.20543   -2.62809   -2.64695   -2.54163   -1.95973
    375.13     80000   -1.33884   -2.44751   -2.37833   -2.33541   -2.02449
    398.57     85000   -1.45234   -2.43691   -2.32667   -2.32269   -2.06025
    422.02     90000   -1.45130   -2.67064   -2.56966   -2.55590   -2.13238
    445.46     95000   -1.52123   -2.90357   -2.97843   -2.88781   -2.24085
    468.90    100000   -1.64006   -2.75231   -2.60501   -2.61609   -2.30136
 ITERATION...
    492.34      5000   -1.69927   -2.69734   -2.56186   -2.54895   -2.31009
    515.78     10000   -1.67667   -2.86665   -2.78229   -2.73230   -2.35698
    539.23     15000   -1.73758   -3.18398   -3.22755   -3.11167   -2.45546
    562.67     20000   -1.86457   -2.96978   -2.87009   -2.83994   -2.52417
    586.11     25000   -1.93381   -2.92511   -2.81389   -2.79609   -2.54929
    609.55     30000   -1.93399   -3.12580   -3.03272   -3.01011   -2.60798
    632.99     35000   -1.99813   -3.40927   -3.48822   -3.37547   -2.70964
    656.43     40000   -2.12302   -3.21420   -3.09558   -3.09389   -2.77673
    679.87     45000   -2.17379   -3.17506   -3.04358   -3.03670   -2.79355
    703.32     50000   -2.16768   -3.35678   -3.26424   -3.22494   -2.84436
    726.76     55000   -2.23044   -3.67668   -3.72466   -3.61171   -2.94298
    750.20     60000   -2.35705   -3.46527   -3.34894   -3.33199   -3.01195
    773.64     65000   -2.41344   -3.41371   -3.29672   -3.27754   -3.03380
    797.08     70000   -2.41484   -3.60095   -3.51439   -3.48222   -3.08892
    820.52     75000   -2.47782   -3.91220   -3.97060   -3.85850   -3.18873
    843.96     80000   -2.60436   -3.69690   -3.58269   -3.57183   -3.25707
    867.41     85000   -2.65422   -3.65419   -3.52820   -3.51954   -3.27640
    890.85     90000   -2.65311   -3.83902   -3.74664   -3.71399   -3.32886
    914.29     95000   -2.71615   -4.15343   -4.20994   -4.09745   -3.42761
    937.73    100000   -2.84236   -3.94955   -3.82860   -3.81791   -3.49638
    961.17      5000   -2.89513   -3.89989   -3.77787   -3.76169   -3.51721
    984.62     10000   -2.89671   -4.08258   -3.99802   -3.96186   -3.57131
   1008.06     15000   -2.95970   -4.40163   -4.45056   -4.34222   -3.67068
   1031.50     20000   -3.08634   -4.18518   -4.06656   -4.05311   -3.73924
   1054.94     25000   -3.13621   -4.13763   -4.01330   -4.00141   -3.75935
   1078.39     30000   -3.13710   -4.32155   -4.23123   -4.19949   -3.81253
   1101.83     35000   -3.20016   -4.63330   -4.69443   -4.58046   -3.91134
   1125.27     40000   -3.32629   -4.43130   -4.31039   -4.30048   -3.97986
   1148.71     45000   -3.37760   -4.38424   -4.25948   -4.24579   -4.00039
   1172.15     50000   -3.37937   -4.56648   -4.48114   -4.44490   -4.05425
   1195.60     55000   -3.44249   -4.88316   -4.93208   -4.82536   -4.15351
   1219.04     60000   -3.56908   -4.67177   -4.54880   -4.53618   -4.22203
   1242.48     65000   -3.61876   -4.62294   -4.49759   -4.48397   -4.24238
   1265.92     70000   -3.62063   -4.80591   -4.71667   -4.68344   -4.29595
   1289.36     75000   -3.68374   -5.11744   -5.17849   -5.06348   -4.39482
   1312.81     80000   -3.80982   -4.91362   -4.79307   -4.78206   -4.46308
   1336.25     85000   -3.86030   -4.86776   -4.74201   -4.72916   -4.48355
   1359.69     90000   -3.86246   -5.05101   -4.96423   -4.92896   -4.53743
   1383.13     95000   -3.92561   -5.36361   -5.41491   -5.30791   -4.63664
   1406.57    100000   -4.05218   -5.15564   -5.03083   -5.01949   -4.70501
   1430.02      5000   -4.10146   -5.10794   -4.98113   -4.96726   -4.72544
   1453.46     10000   -4.10398   -5.29110   -5.20187   -5.16721   -4.77926
   1476.90     15000   -4.16718   -5.60285   -5.66165   -5.54672   -4.87820
   1500.34     20000   -4.29321   -5.39664   -5.27568   -5.26381   -4.94624
   1523.78     25000   -4.34303   -5.35108   -5.22509   -5.21210   -4.96668
   1547.23     30000   -4.34571   -5.53547   -5.44772   -5.41302   -5.02070
   1570.67     35000   -4.40887   -5.84565   -5.89809   -5.79030   -5.11988
   1594.11     40000   -4.53542   -5.63813   -5.51317   -5.50243   -5.18806
   1617.55     45000   -4.58419   -5.59202   -5.46438   -5.45081   -5.20851
   1640.99     50000   -4.58726   -5.77609   -5.68654   -5.65127   -5.26253
   1664.44     55000   -4.65055   -6.08762   -6.14406   -6.02992   -5.36154
   1687.88     60000   -4.77656   -5.87975   -5.75799   -5.74593   -5.42937
   1711.32     65000   -4.82574   -5.83440   -5.70830   -5.69497   -5.44980
   1734.76     70000   -4.82898   -6.01967   -5.93159   -5.89688   -5.50398
   1758.21     75000   -4.89218   -6.32903   -6.38107   -6.27281   -5.60317
   1781.65     80000   -5.01869   -6.12043   -5.99576   -5.98504   -5.67112
   1805.09     85000   -5.06691   -6.07548   -5.94764   -5.93433   -5.69158
   1828.53     90000   -5.07053   -6.26058   -6.17091   -6.13553   -5.74578
   1851.97     95000   -5.13389   -6.57141   -6.62614   -6.51297   -5.84485
   1875.41    100000   -5.25990   -6.36263   -6.24013   -6.22827   -5.91248
   1898.86      5000   -5.30844   -6.31773   -6.19148   -6.17796   -5.93290
   1922.30     10000   -5.31219   -6.50368   -6.41563   -6.38065   -5.98725
   1945.74     15000   -5.37552   -6.81276   -6.86374   -6.75547   -6.08647
   1969.18     20000   -5.50197   -6.60295   -6.47842   -6.46753   -6.15420
   1992.63     25000   -5.54963   -6.55872   -6.43098   -6.41773   -6.17465
   2016.07     30000   -5.55372   -6.74470   -6.65519   -6.61983   -6.22903
   2039.51     35000   -5.61722   -7.05463   -7.10816   -6.99589   -6.32815
   2062.95     40000   -5.74324   -6.84528   -6.72227   -6.71064   -6.39559
   2086.40     45000   -5.79114   -6.80103   -6.67460   -6.66104   -6.41599
   2109.84     50000   -5.79537   -6.98760   -6.89972   -6.86446   -6.47051
   2133.28     55000   -5.85886   -7.29627   -7.34622   -7.23821   -6.56977
   2156.72     60000   -5.98526   -7.08565   -6.96104   -6.95003   -6.63728
   2180.16     65000   -6.03235   -7.04198   -6.91436   -6.90106   -6.65772
   2203.60     70000   -6.03692   -7.22870   -7.13949   -7.10409   -6.71227
   2227.05     75000   -6.10056   -7.53766   -7.59023   -7.47876   -6.81144
   2250.49     80000   -6.22658   -7.32781   -7.20447   -7.19298   -6.87869
   2273.93     85000   -6.27384   -7.28429   -7.15771   -7.14418   -6.89909
   2297.37     90000   -6.27856   -7.47151   -7.38379   -7.34832   -6.95377
   2320.81     95000   -6.34220   -7.77946   -7.82862   -7.72097   -7.05307
   2344.26    100000   -6.46856   -7.56835   -7.44360   -7.43256   -7.12036
   2367.70      5000   -6.51508   -7.52528   -7.39774   -7.38436   -7.14079
   2391.14     10000   -6.52011   -7.71269   -7.62382   -7.58829   -7.19552
   2414.58     15000   -6.58390   -8.02069   -8.07234   -7.96161   -7.29474
   2438.02     20000   -6.70993   -7.81031   -7.68674   -7.67532   -7.36179
   2461.47     25000   -6.75655   -7.76753   -7.64085   -7.62732   -7.38218
   2484.91     30000   -6.76175   -7.95544   -7.86785   -7.83224   -7.43704
   2508.35     35000   -6.82555   -8.26248   -8.31100   -8.20371   -7.53637
   2531.79     40000   -6.95186   -8.05101   -7.92613   -7.91511   -7.60345
   2555.23     45000   -6.99780   -8.00859   -7.88110   -7.86767   -7.62386
   2578.67     50000   -7.00331   -8.19671   -8.10816   -8.07246   -7.67877
   2602.11     55000   -7.06725   -8.50375   -8.55444   -8.44444   -7.77803
   2625.55     60000   -7.19327   -8.29282   -8.16903   -8.15766   -7.84489
   2648.99     65000   -7.23927   -8.25074   -8.12401   -8.11048   -7.86527
   2672.43     70000   -7.24494   -8.43937   -8.35194   -8.31619   -7.92030
   2695.86     75000   -7.30890   -8.74546   -8.79335   -8.68644   -8.01967
   2719.30     80000   -7.43517   -8.53360   -8.40865   -8.39765   -8.08653
   2742.74     85000   -7.48053   -8.49189   -8.36445   -8.35098   -8.10694
   2766.18     90000   -7.48651   -8.68073   -8.59248   -8.55662   -8.16202
   2789.62     95000   -7.55060   -8.98680   -9.03651   -8.92727   -8.26133
   2813.06    100000   -7.67662   -8.77532   -8.65135   -8.64002   -8.32799
   2836.50      5000   -7.72198   -8.73395   -8.60720   -8.59364   -8.34837
   2859.94     10000   -7.72814   -8.92330   -8.83604   -8.80015   -8.40356
   2883.38     15000   -7.79225   -9.22843   -9.27566   -9.16915   -8.50297
   2906.82     20000   -7.91849   -9.01616   -8.89116   -8.88017   -8.56962
   2930.26     25000   -7.96327   -8.97517   -8.84778   -8.83428   -8.59002
   2953.70     30000   -7.96971   -9.16474   -9.07679   -9.04078   -8.64527
MyID= 0: Time=  0.1,has convergenced
     1682538 iterations for the convertgence of psi
 MyID=           0 has finish
