 START-UP FOR CHUNK...
     23.53      5000   -0.54151   -1.99605   -1.83706   -1.75217   -1.27739
     46.95     10000   -0.63194   -2.19016   -1.69248   -1.76859   -1.43708
     70.37     15000   -0.57845   -2.23041   -1.59349   -1.64512   -1.41117
     93.79     20000   -0.48839   -2.01021   -1.50488   -1.49337   -1.32474
    117.22     25000   -0.42673   -1.63599   -1.46184   -1.44939   -1.23537
    140.64     30000   -0.40059   -1.72720   -1.64644   -1.63368   -1.21237
    164.07     35000   -0.46305   -1.94787   -1.81947   -1.95079   -1.34967
    187.48     40000   -0.67607   -1.90823   -1.80838   -1.79712   -1.45769
    210.90     45000   -0.88491   -1.97435   -1.83022   -1.85491   -1.55836
    234.31     50000   -0.94725   -2.28157   -2.17732   -2.14627   -1.68255
    257.73     55000   -1.02570   -2.42410   -2.36709   -2.37726   -1.80393
    281.15     60000   -1.12602   -2.33100   -2.10756   -2.12431   -1.83194
    304.58     65000   -1.17196   -2.19883   -2.07480   -2.04570   -1.81540
    328.01     70000   -1.14353   -2.34656   -2.27727   -2.23265   -1.85176
    351.44     75000   -1.19730   -2.61604   -2.64211   -2.53762   -1.94955
    374.87     80000   -1.32937   -2.43737   -2.36821   -2.32448   -2.01323
    398.30     85000   -1.44113   -2.42711   -2.31738   -2.31195   -2.04884
    421.72     90000   -1.44088   -2.66129   -2.56456   -2.54983   -2.12193
    445.13     95000   -1.51096   -2.88257   -2.96404   -2.87795   -2.22974
    468.55    100000   -1.62869   -2.73303   -2.58748   -2.59863   -2.28715
 ITERATION...
    491.96      5000   -1.67936   -2.68434   -2.54908   -2.53635   -2.29496
    515.37     10000   -1.66223   -2.86076   -2.77989   -2.72739   -2.34346
    538.80     15000   -1.72393   -3.16108   -3.20712   -3.09878   -2.44180
    562.22     20000   -1.85076   -2.94640   -2.84427   -2.81555   -2.50680
    585.64     25000   -1.90962   -2.91235   -2.80040   -2.78116   -2.53164
    609.08     30000   -1.91929   -3.12377   -3.03609   -3.00983   -2.59333
    632.51     35000   -1.98438   -3.38034   -3.45539   -3.35235   -2.69495
    655.95     40000   -2.10735   -3.18237   -3.06377   -3.06160   -2.75629
    679.38     45000   -2.14398   -3.15813   -3.02757   -3.01980   -2.77229
    702.82     50000   -2.14895   -3.35642   -3.27057   -3.22757   -2.82708
    726.26     55000   -2.21434   -3.64238   -3.68280   -3.58772   -2.92611
    749.69     60000   -2.33947   -3.42660   -3.30834   -3.29318   -2.98848
    773.13     65000   -2.37894   -3.39657   -3.27929   -3.25892   -3.00993
    796.56     70000   -2.39298   -3.60560   -3.52692   -3.48899   -3.07023
    819.99     75000   -2.46094   -3.87497   -3.91599   -3.82123   -3.17051
    843.43     80000   -2.58485   -3.65235   -3.53642   -3.52577   -3.23050
    866.87     85000   -2.61447   -3.63376   -3.50939   -3.49892   -3.24920
    890.31     90000   -2.62839   -3.84479   -3.76307   -3.72461   -3.30794
    913.74     95000   -2.69763   -4.10917   -4.14418   -4.05782   -3.40738
    937.16    100000   -2.82120   -3.89687   -3.77431   -3.76491   -3.46669
    960.59      5000   -2.85093   -3.87812   -3.75725   -3.73969   -3.48724
    984.03     10000   -2.86958   -4.09285   -4.02056   -3.97678   -3.54880
   1007.46     15000   -2.93988   -4.35371   -4.36944   -4.28896   -3.64888
   1030.90     20000   -3.06345   -4.12754   -4.00640   -3.99388   -3.70642
   1054.32     25000   -3.08719   -4.11386   -3.99190   -3.97770   -3.72625
   1077.75     30000   -3.10766   -4.33370   -4.25881   -4.21862   -3.78801
   1101.19     35000   -3.17825   -4.57868   -4.60204   -4.52213   -3.88761
   1124.62     40000   -3.30212   -4.36627   -4.24297   -4.23404   -3.94387
   1148.06     45000   -3.32416   -4.35854   -4.23640   -4.22074   -3.96447
   1171.47     50000   -3.34775   -4.58221   -4.51477   -4.46872   -4.02807
   1194.88     55000   -3.41910   -4.82186   -4.82231   -4.75374   -4.12806
   1218.29     60000   -3.54347   -4.60140   -4.47554   -4.46413   -4.18285
   1241.70     65000   -3.56062   -4.59604   -4.47395   -4.45767   -4.20344
   1265.11     70000   -3.58665   -4.82470   -4.75635   -4.71171   -4.26787
   1288.54     75000   -3.65866   -5.04996   -5.05694   -4.98481   -4.36744
   1311.97     80000   -3.78240   -4.83706   -4.71291   -4.70297   -4.42071
   1335.39     85000   -3.79756   -4.83908   -4.71703   -4.70150   -4.44180
   1358.82     90000   -3.82585   -5.07295   -5.01012   -4.96231   -4.50769
   1382.24     95000   -3.89928   -5.28707   -5.27588   -5.21573   -4.60745
   1405.66    100000   -4.02270   -5.07333   -4.94519   -4.93501   -4.65941
   1429.09      5000   -4.03421   -5.07833   -4.95570   -4.93876   -4.68075
   1452.51     10000   -4.06516   -5.31692   -5.25450   -5.20533   -4.74770
   1475.93     15000   -4.13943   -5.51981   -5.50977   -5.44656   -4.84705
   1499.35     20000   -4.26203   -5.30882   -5.18329   -5.17272   -4.89741
   1522.77     25000   -4.27144   -5.32012   -5.19866   -5.18234   -4.91922
   1546.19     30000   -4.30371   -5.56460   -5.50697   -5.45650   -4.98749
   1569.61     35000   -4.38012   -5.75269   -5.72971   -5.67608   -5.08686
   1593.04     40000   -4.50246   -5.54460   -5.41575   -5.40604   -5.13597
   1616.47     45000   -4.50838   -5.56021   -5.43768   -5.42051   -5.15817
   1639.88     50000   -4.54254   -5.80938   -5.75303   -5.69991   -5.22755
   1663.30     55000   -4.62064   -5.98728   -5.96194   -5.90730   -5.32649
   1686.72     60000   -4.74213   -5.78086   -5.65398   -5.64335   -5.37402
   1710.15     65000   -4.74585   -5.80161   -5.68087   -5.66364   -5.39672
   1733.58     70000   -4.78132   -6.05669   -6.00522   -5.95113   -5.46738
   1757.00     75000   -4.86117   -6.21877   -6.18348   -6.13575   -5.56620
   1780.42     80000   -4.98251   -6.01617   -5.88708   -5.87733   -5.61249
   1803.83     85000   -4.98308   -6.04193   -5.92017   -5.90265   -5.63569
   1827.25     90000   -5.02037   -6.30175   -6.25219   -6.19530   -5.70746
   1850.66     95000   -5.10140   -6.45302   -6.41446   -6.36716   -5.80579
   1874.07    100000   -5.22161   -6.25301   -6.12513   -6.11467   -5.85057
   1897.48      5000   -5.22077   -6.28346   -6.16351   -6.14551   -5.87432
   1920.89     10000   -5.25942   -6.54891   -6.50461   -6.44631   -5.94734
   1944.32     15000   -5.34202   -6.68454   -6.63737   -6.59522   -6.04543
   1967.73     20000   -5.46151   -6.48835   -6.35900   -6.34905   -6.08898
   1991.17     25000   -5.45829   -6.52387   -6.40325   -6.38514   -6.11331
   2014.60     30000   -5.49870   -6.79408   -6.75227   -6.69131   -6.18743
   2038.03     35000   -5.58254   -6.91789   -6.86777   -6.82653   -6.28496
   2061.44     40000   -5.70090   -6.72541   -6.59686   -6.58651   -6.32706
   2084.85     45000   -5.69622   -6.76563   -6.64661   -6.62796   -6.35202
   2108.26     50000   -5.73802   -7.04120   -7.00500   -6.94209   -6.42735
   2131.67     55000   -5.82340   -7.14966   -7.09176   -7.05467   -6.52453
   2155.09     60000   -5.94101   -6.96107   -6.83140   -6.82128   -6.56543
   2178.52     65000   -5.93379   -7.00623   -6.88687   -6.86803   -6.59104
   2201.94     70000   -5.97735   -7.28650   -7.25336   -7.18780   -6.66745
   2225.36     75000   -6.06419   -7.38238   -7.32199   -7.28581   -6.76399
   2248.80     80000   -6.18070   -7.19819   -7.06919   -7.05884   -6.80352
   2272.23     85000   -6.17158   -7.24817   -7.13023   -7.11091   -6.82983
   2295.66     90000   -6.21603   -7.53355   -7.50632   -7.43843   -6.90742
   2319.10     95000   -6.30496   -7.61422   -7.54693   -7.51424   -7.00349
   2342.53    100000   -6.42072   -7.43424   -7.30428   -7.29403   -7.04186
   2365.97      5000   -6.40928   -7.48905   -7.37099   -7.35138   -7.06888
   2389.40     10000   -6.45495   -7.77900   -7.75543   -7.68469   -7.14753
   2412.84     15000   -6.54539   -7.84670   -7.77717   -7.74528   -7.24288
   2436.27     20000   -6.65980   -7.67141   -7.54209   -7.53165   -7.27996
   2459.70     25000   -6.64731   -7.73112   -7.61440   -7.59436   -7.30774
   2483.14     30000   -6.69389   -8.02594   -8.00852   -7.93522   -7.38753
   2506.57     35000   -6.78617   -8.07850   -8.00302   -7.97407   -7.48231
   2530.00     40000   -6.89938   -7.90779   -7.77765   -7.76727   -7.51828
   2553.43     45000   -6.88529   -7.97231   -7.85563   -7.83521   -7.54683
   2576.85     50000   -6.93305   -8.27152   -8.25833   -8.18188   -7.62765
   2600.28     55000   -7.02688   -8.31095   -8.23336   -8.20512   -7.72163
   2623.71     60000   -7.13873   -8.14508   -8.01553   -8.00495   -7.75639
   2647.14     65000   -7.12356   -8.21452   -8.09913   -8.07830   -7.78577
   2670.57     70000   -7.17225   -8.51830   -8.51150   -8.43229   -7.86768
   2694.01     75000   -7.26790   -8.54273   -8.46008   -8.43428   -7.96099
   2717.44     80000   -7.37853   -8.38174   -8.25150   -8.24097   -7.99469
   2740.87     85000   -7.36180   -8.45600   -8.34079   -8.31953   -8.02490
   2764.30     90000   -7.41158   -8.76389   -8.76190   -8.67925   -8.10781
   2787.73     95000   -7.50883   -8.77522   -8.69057   -8.66544   -8.20024
   2811.16    100000   -7.61816   -8.61918   -8.48948   -8.47874   -8.23281
   2834.60      5000   -7.60031   -8.69836   -8.58443   -8.56273   -8.26390
   2858.03     10000   -7.65046   -9.01046   -9.01505   -8.92945   -8.34786
   2881.47     15000   -7.74945   -9.00708   -8.91812   -8.89498   -8.43953
   2904.89     20000   -7.85820   -8.85610   -8.72585   -8.71514   -8.47110
   2928.30     25000   -7.83881   -8.94012   -8.82650   -8.80435   -8.50308
   2951.74     30000   -7.88947   -9.25597   -9.26585   -9.17658   -8.58800
   2975.18     35000   -7.99003   -9.23963   -9.14880   -9.12630   -8.67871
MyID= 0: Time=  0.1,has convergenced
     1682777 iterations for the convertgence of psi
 MyID=           0 has finish
