 START-UP FOR CHUNK...
     23.44      5000   -0.61859   -2.03704   -2.13881   -2.12006   -1.28990
     46.90     10000   -0.80667   -2.13068   -2.05244   -2.12161   -1.52090
     70.35     15000   -0.82832   -2.23330   -1.94186   -1.97865   -1.59367
     93.80     20000   -0.76445   -2.45536   -1.78458   -1.78387   -1.55057
    117.25     25000   -0.64733   -2.01273   -1.60207   -1.59906   -1.42390
    140.70     30000   -0.53597   -1.71296   -1.47096   -1.47111   -1.28079
    164.16     35000   -0.45063   -1.62688   -1.51441   -1.50096   -1.18874
    187.61     40000   -0.46977   -1.83759   -1.85961   -1.94180   -1.24322
    211.06     45000   -0.59481   -1.88817   -1.79380   -1.77809   -1.33934
    234.52     50000   -0.76709   -1.84032   -1.71494   -1.70342   -1.42703
    257.97     55000   -0.86573   -2.06026   -1.99309   -1.95148   -1.55713
    281.42     60000   -0.94482   -2.31144   -2.38039   -2.42665   -1.66209
    304.87     65000   -0.99361   -2.14252   -1.96895   -1.95722   -1.66061
    328.33     70000   -0.98645   -2.01557   -1.89659   -1.86741   -1.62382
    351.78     75000   -0.95339   -2.14413   -2.13442   -2.09501   -1.65259
    375.23     80000   -1.00831   -2.32020   -2.37311   -2.34686   -1.72445
    398.69     85000   -1.11317   -2.18975   -2.06727   -2.04474   -1.76323
    422.14     90000   -1.16189   -2.25786   -2.14601   -2.12839   -1.82428
    445.59     95000   -1.21333   -2.50553   -2.61760   -2.58547   -1.92307
    469.04    100000   -1.29106   -2.51448   -2.40638   -2.40388   -1.97646
 ITERATION...
    492.50      5000   -1.34591   -2.38185   -2.23805   -2.21925   -1.96861
    515.95     10000   -1.31470   -2.45840   -2.39398   -2.36135   -1.99928
    539.40     15000   -1.35863   -2.70662   -2.84322   -2.83919   -2.07849
    562.85     20000   -1.45004   -2.59161   -2.46569   -2.44276   -2.12148
    586.31     25000   -1.50233   -2.57042   -2.44397   -2.41944   -2.15385
    609.76     30000   -1.52894   -2.77705   -2.76999   -2.74238   -2.23471
    633.21     35000   -1.60614   -2.89661   -2.87739   -2.86489   -2.30866
    656.67     40000   -1.67770   -2.74368   -2.60119   -2.58343   -2.31818
    680.12     45000   -1.67133   -2.78288   -2.68235   -2.65832   -2.34478
    703.58     50000   -1.70384   -3.02473   -3.14869   -3.12482   -2.42393
    727.03     55000   -1.79071   -2.99025   -2.88251   -2.86741   -2.47794
    750.48     60000   -1.86542   -2.90677   -2.77226   -2.74965   -2.49689
    773.94     65000   -1.86710   -3.05327   -2.99470   -2.96586   -2.55980
    797.39     70000   -1.93004   -3.27504   -3.36080   -3.34784   -2.64362
    820.85     75000   -2.00986   -3.11805   -2.98219   -2.96302   -2.66846
    844.30     80000   -2.02722   -3.10773   -2.99016   -2.96645   -2.68809
    867.75     85000   -2.04829   -3.32198   -3.35684   -3.33059   -2.76173
    891.21     90000   -2.13031   -3.39306   -3.33174   -3.31833   -2.82926
    914.66     95000   -2.21642   -3.26017   -3.12206   -3.10146   -2.84553
    938.11    100000   -2.21147   -3.34544   -3.25621   -3.23066   -2.89144
    961.57      5000   -2.25832   -3.60251   -3.75380   -3.73103   -2.97738
    985.02     10000   -2.34223   -3.50747   -3.38364   -3.36701   -3.01905
   1008.47     15000   -2.38868   -3.44308   -3.31410   -3.29111   -3.03272
   1031.93     20000   -2.39466   -3.60840   -3.57887   -3.55121   -3.09614
   1055.38     25000   -2.46448   -3.78880   -3.81159   -3.80244   -3.17486
   1078.83     30000   -2.54858   -3.63060   -3.49224   -3.47218   -3.19703
   1102.29     35000   -2.55991   -3.65660   -3.54646   -3.52204   -3.22813
   1125.74     40000   -2.59247   -3.89620   -3.97912   -3.95020   -3.30953
   1149.19     45000   -2.67683   -3.90597   -3.81336   -3.79892   -3.36819
   1172.64     50000   -2.75995   -3.79193   -3.65499   -3.63358   -3.38017
   1196.10     55000   -2.74380   -3.90198   -3.83022   -3.80376   -3.43047
   1219.55     60000   -2.79732   -4.14623   -4.27769   -4.26755   -3.51490
   1243.01     65000   -2.88093   -4.01504   -3.88279   -3.86468   -3.54943
   1266.46     70000   -2.91508   -3.98337   -3.85872   -3.83517   -3.56925
   1289.91     75000   -2.93244   -4.17895   -4.18018   -4.15113   -3.64100
   1313.36     80000   -3.00976   -4.30466   -4.27636   -4.26478   -3.71406
   1336.82     85000   -3.09167   -4.15403   -4.01428   -3.99396   -3.73030
   1360.27     90000   -3.09243   -4.20827   -4.10870   -4.08364   -3.76684
   1383.72     95000   -3.13079   -4.46003   -4.58824   -4.56416   -3.85046
   1407.18    100000   -3.21616   -4.41029   -4.29796   -4.28217   -3.90083
   1430.63      5000   -3.28089   -4.32403   -4.18994   -4.16772   -3.91444
   1454.08     10000   -3.27909   -4.46565   -4.41277   -4.38525   -3.97319
   1477.53     15000   -3.34147   -4.68224   -4.76189   -4.75233   -4.05552
   1500.98     20000   -3.42419   -4.52975   -4.39307   -4.37416   -4.08210
   1524.44     25000   -3.44489   -4.52765   -4.41012   -4.38616   -4.10645
   1547.89     30000   -3.46972   -4.74797   -4.78956   -4.76092   -4.18330
   1571.34     35000   -3.55183   -4.81165   -4.74338   -4.73038   -4.24935
   1594.79     40000   -3.63498   -4.67843   -4.53952   -4.51851   -4.26308
   1618.25     45000   -3.62668   -4.76369   -4.67675   -4.65085   -4.30750
   1641.70     50000   -3.67316   -5.01815   -5.16907   -5.15012   -4.39255
   1665.15     55000   -3.75814   -4.91867   -4.79424   -4.77715   -4.43400
   1688.61     60000   -3.80417   -4.86071   -4.73140   -4.70860   -4.44977
   1712.06     65000   -3.81336   -5.03132   -5.00443   -4.97643   -4.51542
   1735.51     70000   -3.88421   -5.20431   -5.22141   -5.21189   -4.59360
   1758.96     75000   -3.96714   -5.04694   -4.90786   -4.88814   -4.61419
   1782.41     80000   -3.97591   -5.07533   -4.96637   -4.94176   -4.64498
   1805.87     85000   -4.00853   -5.31633   -5.40490   -5.37668   -4.72623
   1829.32     90000   -4.09306   -5.31784   -5.22255   -5.20781   -4.78409
   1852.77     95000   -4.17547   -5.20775   -5.07116   -5.04951   -4.79674
   1876.22    100000   -4.16082   -5.32291   -5.25252   -5.22594   -4.84867
   1899.67      5000   -4.21591   -5.56439   -5.69214   -5.68084   -4.93309
   1923.13     10000   -4.29910   -5.42931   -5.29683   -5.27871   -4.96632
   1946.58     15000   -4.33091   -5.40106   -5.27739   -5.25395   -4.98619
   1970.03     20000   -4.34897   -5.59950   -5.60541   -5.57661   -5.05833
   1993.49     25000   -4.42717   -5.71761   -5.68353   -5.67203   -5.13064
   2016.94     30000   -4.50960   -5.56881   -5.42926   -5.40883   -5.14669
   2040.39     35000   -4.50935   -5.62732   -5.52913   -5.50388   -5.18445
   2063.85     40000   -4.54859   -5.88060   -6.01336   -5.98908   -5.26846
   2087.30     45000   -4.63428   -5.82392   -5.71011   -5.69404   -5.31764
   2110.76     50000   -4.69612   -5.74078   -5.60748   -5.58520   -5.33124
   2134.21     55000   -4.69536   -5.88581   -5.83600   -5.80858   -5.39070
   2157.66     60000   -4.75910   -6.09776   -6.16937   -6.16025   -5.47261
   2181.12     65000   -4.84163   -5.94385   -5.80682   -5.78781   -5.49848
   2204.57     70000   -4.86149   -5.94561   -5.82909   -5.80505   -5.52367
   2228.02     75000   -4.88723   -6.16889   -6.21599   -6.18711   -5.60121
   2251.47     80000   -4.96930   -6.22525   -6.15319   -6.13992   -5.66628
   2274.93     85000   -5.05279   -6.09442   -5.95581   -5.93471   -5.67971
   2298.38     90000   -5.04353   -6.18317   -6.09822   -6.07225   -5.72496
   2321.83     95000   -5.09072   -6.43692   -6.58739   -6.56989   -5.81001
   2345.28    100000   -5.17585   -6.33223   -6.20653   -6.18929   -5.85046
   2368.74      5000   -5.21975   -6.27789   -6.14917   -6.12628   -5.86671
   2392.19     10000   -5.23055   -6.45201   -6.42869   -6.40053   -5.93323
   2415.64     15000   -5.30219   -6.61896   -6.62933   -6.61948   -6.01077
   2439.10     20000   -5.38457   -6.46205   -6.32282   -6.30302   -6.03069
   2462.55     25000   -5.39244   -6.49403   -6.38630   -6.36162   -6.06226
   2486.01     30000   -5.42574   -6.73697   -6.83148   -6.80367   -6.14392
   2509.46     35000   -5.51030   -6.73104   -6.63295   -6.61806   -6.20075
   2532.91     40000   -5.59034   -6.62409   -6.48779   -6.46605   -6.21344
   2556.36     45000   -5.57738   -6.74293   -6.67474   -6.64803   -6.26632
   2579.82     50000   -5.63375   -6.98174   -7.10399   -7.09305   -6.35054
   2603.27     55000   -5.71687   -6.84350   -6.71032   -6.69209   -6.38279
   2626.72     60000   -5.74688   -6.81887   -6.69598   -6.67249   -6.40324
   2650.18     65000   -5.76604   -7.02050   -7.03099   -7.00220   -6.47608
   2673.63     70000   -5.84511   -7.13127   -7.09176   -7.08007   -6.54759
   2697.08     75000   -5.92771   -6.98425   -6.84470   -6.82419   -6.56323
   2720.53     80000   -5.92618   -7.04645   -6.94969   -6.92434   -6.60189
   2743.99     85000   -5.96613   -7.30053   -7.43744   -7.41374   -6.68612
   2767.44     90000   -6.05224   -7.23738   -7.12184   -7.10561   -6.73422
   2790.90     95000   -6.11141   -7.15766   -7.02486   -7.00250   -6.74805
   2814.35    100000   -6.11189   -7.30628   -7.25937   -7.23187   -6.80839
   2837.80      5000   -6.17703   -7.51349   -7.57732   -7.56828   -6.88987
   2861.26     10000   -6.25923   -7.35838   -7.22096   -7.20185   -6.91494
   2884.72     15000   -6.27807   -7.36384   -7.24827   -7.22415   -6.94086
   2908.19     20000   -6.30468   -7.58984   -7.64247   -7.61360   -7.01898
   2931.64     25000   -6.38673   -7.63856   -7.56280   -7.54930   -7.08309
   2955.09     30000   -6.47069   -7.51039   -7.37199   -7.35081   -7.09632
   2978.55     35000   -6.46052   -7.60280   -7.51970   -7.49364   -7.14249
   3002.00     40000   -6.50846   -7.85560   -8.00510   -7.98862   -7.22755
   3025.45     45000   -6.59365   -7.74596   -7.61913   -7.60176   -7.26696
   3048.91     50000   -6.63543   -7.69521   -7.56712   -7.54416   -7.28365
   3072.36     55000   -6.64771   -7.87279   -7.85315   -7.82490   -7.35098
   3095.81     60000   -6.72020   -8.03341   -8.03700   -8.02694   -7.42788
   3119.26     65000   -6.80207   -7.87710   -7.73774   -7.71786   -7.44718
   3142.72     70000   -6.80906   -7.91275   -7.80625   -7.78149   -7.47957
   3166.17     75000   -6.84309   -8.15758   -8.25791   -8.23043   -7.56164
   3189.63     80000   -6.92766   -8.14428   -8.04365   -8.02858   -7.61742
   3213.08     85000   -7.00530   -8.04050   -7.90456   -7.88275   -7.63015
   3236.53     90000   -6.99400   -8.16300   -8.09713   -8.07032   -7.68395
   3259.99     95000   -7.05165   -8.39885   -8.51501   -8.50452   -7.76794
   3283.44    100000   -7.13473   -8.25766   -8.12383   -8.10548   -7.79926
   3306.89      5000   -7.16293   -8.23669   -8.11461   -8.09104   -7.82031
   3330.35     10000   -7.18321   -8.44149   -8.45668   -8.42784   -7.89386
   3353.79     15000   -7.26314   -8.54489   -8.50025   -8.48834   -7.96452
   3377.24     20000   -7.34590   -8.39976   -8.26028   -8.23968   -7.97977
   3400.68     25000   -7.34283   -8.46565   -8.37039   -8.34496   -8.01933
   3424.13     30000   -7.38374   -8.72031   -8.86093   -8.83797   -8.10376
   3447.57     35000   -7.46992   -8.65084   -8.53364   -8.51726   -8.15079
   3471.01     40000   -7.52679   -8.57457   -8.44228   -8.41985   -8.16487
   3494.42     45000   -7.52850   -8.72678   -8.68283   -8.65524   -8.22610
   3517.85     50000   -7.59505   -8.92904   -8.98517   -8.97612   -8.30712
   3541.29     55000   -7.67692   -8.77300   -8.63523   -8.61602   -8.33140
   3564.73     60000   -7.69409   -8.78213   -8.66756   -8.64337   -8.35806
   3588.18     65000   -7.72221   -9.01078   -9.06905   -9.04024   -8.43674
   3611.62     70000   -7.80424   -9.05183   -8.97250   -8.95880   -8.49988
   3635.05     75000   -7.88867   -8.92639   -8.78823   -8.76697   -8.51294
   3658.46     80000   -7.87716   -9.02248   -8.94127   -8.91512   -8.56005
   3681.87     85000   -7.92628   -9.27410   -9.42193   -9.40637   -8.64507
MyID= 0: Time=  0.1,has convergenced
     1686487 iterations for the convertgence of psi
 MyID=           0 has finish
