 START-UP FOR CHUNK...
     23.47      5000   -0.62779   -2.03882   -2.18055   -2.18267   -1.29147
     46.79     10000   -0.82731   -2.12487   -2.11485   -2.18366   -1.52797
     70.11     15000   -0.86491   -2.22662   -2.00226   -2.04087   -1.61510
     93.44     20000   -0.81292   -2.50894   -1.84356   -1.84356   -1.58965
    116.76     25000   -0.69691   -2.08783   -1.65161   -1.64987   -1.46770
    140.09     30000   -0.57186   -1.78548   -1.49422   -1.49521   -1.31497
    163.41     35000   -0.47814   -1.61806   -1.47411   -1.46831   -1.19749
    186.74     40000   -0.46357   -1.77802   -1.77042   -1.76679   -1.21050
    210.07     45000   -0.56371   -1.92475   -1.84655   -1.85785   -1.31040
    233.39     50000   -0.71222   -1.81555   -1.68668   -1.67187   -1.39111
    256.72     55000   -0.83668   -1.99989   -1.89360   -1.85435   -1.51898
    280.04     60000   -0.91967   -2.29221   -2.40338   -2.41544   -1.63582
    303.36     65000   -0.97615   -2.17197   -2.00541   -1.99210   -1.65183
    326.68     70000   -0.98315   -2.00662   -1.86978   -1.84482   -1.60880
    350.01     75000   -0.92968   -2.08069   -2.03573   -2.00498   -1.62077
    373.33     80000   -0.96744   -2.29668   -2.41001   -2.40338   -1.69025
    396.65     85000   -1.06923   -2.18258   -2.06048   -2.03817   -1.73384
    419.97     90000   -1.13387   -2.20908   -2.08787   -2.07077   -1.78939
    443.30     95000   -1.17938   -2.44265   -2.48584   -2.45955   -1.88726
    466.62    100000   -1.25627   -2.52662   -2.44150   -2.44094   -1.95006
 ITERATION...
    489.94      5000   -1.31021   -2.36639   -2.21566   -2.19658   -1.94262
    513.27     10000   -1.28339   -2.40361   -2.32348   -2.29417   -1.96345
    536.62     15000   -1.31643   -2.65315   -2.78469   -2.78836   -2.03920
    559.96     20000   -1.40579   -2.58343   -2.46002   -2.43684   -2.08740
    583.31     25000   -1.47275   -2.52954   -2.39800   -2.37444   -2.11724
    606.66     30000   -1.49277   -2.70875   -2.67630   -2.65371   -2.19458
    630.01     35000   -1.56458   -2.88068   -2.89643   -2.88789   -2.27217
    653.36     40000   -1.63531   -2.72344   -2.57559   -2.55797   -2.28360
    676.71     45000   -1.63398   -2.73278   -2.62536   -2.60225   -2.30461
    700.06     50000   -1.65989   -2.95989   -3.05138   -3.03497   -2.38029
    723.41     55000   -1.74334   -2.97377   -2.86913   -2.85417   -2.43729
    746.75     60000   -1.83036   -2.86855   -2.72941   -2.70662   -2.45567
    770.10     65000   -1.82437   -2.99317   -2.92467   -2.89877   -2.51562
    793.45     70000   -1.88370   -3.23195   -3.33919   -3.33147   -2.59968
    816.79     75000   -1.96140   -3.08979   -2.94954   -2.93028   -2.62582
    840.15     80000   -1.98405   -3.06017   -2.93800   -2.91503   -2.64286
    863.50     85000   -2.00055   -3.25795   -3.27876   -3.25791   -2.71394
    886.85     90000   -2.07920   -3.35978   -3.30235   -3.29013   -2.78176
    910.19     95000   -2.16525   -3.21836   -3.07577   -3.05479   -2.79794
    933.54    100000   -2.16254   -3.29030   -3.19769   -3.17355   -2.84268
    956.89      5000   -2.20733   -3.54552   -3.68699   -3.67312   -2.92769
    980.24     10000   -2.28888   -3.46701   -3.33866   -3.32138   -2.96854
   1003.59     15000   -2.33726   -3.39301   -3.26113   -3.23836   -2.98139
   1026.93     20000   -2.34147   -3.54942   -3.51853   -3.49459   -3.04414
   1050.28     25000   -2.40982   -3.73787   -3.75552   -3.74883   -3.12126
   1073.63     30000   -2.49241   -3.58009   -3.43709   -3.41641   -3.14207
   1096.98     35000   -2.50400   -3.60127   -3.49101   -3.46738   -3.17384
   1120.33     40000   -2.53590   -3.83795   -3.92187   -3.90133   -3.25511
   1143.68     45000   -2.61754   -3.85078   -3.74845   -3.73316   -3.31049
   1167.03     50000   -2.69798   -3.73531   -3.59606   -3.57429   -3.32171
   1190.38     55000   -2.68292   -3.84495   -3.77791   -3.75363   -3.37370
   1213.72     60000   -2.73897   -4.08627   -4.19776   -4.19631   -3.45638
   1237.07     65000   -2.82041   -3.95230   -3.81289   -3.79364   -3.48688
   1260.42     70000   -2.85035   -3.92393   -3.80035   -3.77698   -3.50837
   1283.76     75000   -2.86988   -4.12340   -4.13861   -4.11477   -3.58214
   1307.11     80000   -2.94780   -4.23518   -4.18165   -4.16956   -3.65041
   1330.46     85000   -3.02997   -4.08751   -3.94415   -3.92300   -3.66400
   1353.81     90000   -3.02504   -4.14965   -4.05664   -4.03265   -3.70435
   1377.16     95000   -3.06730   -4.40212   -4.53912   -4.52979   -3.78793
   1400.51    100000   -3.14994   -4.33250   -4.20568   -4.18828   -3.83124
   1423.85      5000   -3.20333   -4.25702   -4.12346   -4.10085   -3.84592
   1447.20     10000   -3.20777   -4.41121   -4.37551   -4.35085   -3.90947
   1470.55     15000   -3.27538   -4.60648   -4.63502   -4.62827   -3.98738
   1493.90     20000   -3.35680   -4.44957   -4.30591   -4.28569   -4.00780
   1517.25     25000   -3.36818   -4.46380   -4.35240   -4.32873   -4.03705
   1540.60     30000   -3.39819   -4.69619   -4.77321   -4.75368   -4.11699
   1563.95     35000   -3.48006   -4.71821   -4.61862   -4.60360   -4.17402
   1587.30     40000   -3.56456   -4.60003   -4.45984   -4.43793   -4.18617
   1610.65     45000   -3.54838   -4.70662   -4.63566   -4.61116   -4.23794
   1634.00     50000   -3.60309   -4.95054   -5.07117   -5.06740   -4.32109
   1657.35     55000   -3.68401   -4.82124   -4.68278   -4.66383   -4.35227
   1680.70     60000   -3.71555   -4.78769   -4.66304   -4.63992   -4.37230
   1704.05     65000   -3.73334   -4.98231   -4.99213   -4.96867   -4.44478
   1727.40     70000   -3.81076   -5.10243   -5.05464   -5.04342   -4.51420
   1750.75     75000   -3.89346   -4.95305   -4.80937   -4.78827   -4.52862
   1774.10     80000   -3.89000   -5.01138   -4.91593   -4.89179   -4.56827
   1797.45     85000   -3.93097   -5.26353   -5.39748   -5.38545   -4.65186
   1820.80     90000   -4.01382   -5.20162   -5.07705   -5.05977   -4.69630
   1844.15     95000   -4.06969   -5.12153   -4.98740   -4.96490   -4.71026
   1867.50    100000   -4.07175   -5.27098   -5.23148   -5.20710   -4.77251
   1890.84      5000   -4.13833   -5.47218   -5.50949   -5.50368   -4.85112
   1914.19     10000   -4.21957   -5.31612   -5.17272   -5.15261   -4.87257
   1937.55     15000   -4.23318   -5.32612   -5.21315   -5.18951   -4.90102
   1960.89     20000   -4.26237   -5.55568   -5.62570   -5.60502   -4.98049
   1984.24     25000   -4.34414   -5.58740   -5.49182   -5.47704   -5.03874
   2007.59     30000   -4.42903   -5.46542   -5.32491   -5.30309   -5.05078
   2030.94     35000   -4.41305   -5.56725   -5.49375   -5.46936   -5.10127
   2054.28     40000   -4.46608   -5.81360   -5.93976   -5.93634   -5.18466
   2077.63     45000   -4.54712   -5.68893   -5.55131   -5.53248   -5.21708
   2100.98     50000   -4.58099   -5.65096   -5.52523   -5.50215   -5.23647
   2124.33     55000   -4.59737   -5.84156   -5.84578   -5.82201   -5.30811
   2147.68     60000   -4.67429   -5.97073   -5.92993   -5.91905   -5.37856
   2171.03     65000   -4.75607   -5.81939   -5.67563   -5.65463   -5.39341
   2194.38     70000   -4.75479   -5.87298   -5.77571   -5.75165   -5.43187
   2217.73     75000   -4.79416   -6.12401   -6.25368   -6.24095   -5.51523
   2241.07     80000   -4.87748   -6.07019   -5.94749   -5.93042   -5.56104
   2264.42     85000   -4.93588   -5.98583   -5.85093   -5.82847   -5.57466
   2287.78     90000   -4.93617   -6.13082   -6.08745   -6.06296   -5.63586
   2311.12     95000   -5.00174   -6.33822   -6.38526   -6.37981   -5.71513
   2334.47    100000   -5.08257   -6.18339   -6.04030   -6.02030   -5.73745
   2357.82      5000   -5.09824   -6.18872   -6.07439   -6.05081   -5.76489
   2381.17     10000   -5.12644   -6.41502   -6.47816   -6.45713   -5.84376
   2404.52     15000   -5.20785   -6.45621   -6.36447   -6.35001   -5.90328
   2427.86     20000   -5.29274   -6.33072   -6.18973   -6.16797   -5.91540
   2451.21     25000   -5.27796   -6.42796   -6.35178   -6.32738   -5.96474
   2474.56     30000   -5.32935   -6.67647   -6.80800   -6.80399   -6.04833
   2497.91     35000   -5.41042   -6.55706   -6.42042   -6.40173   -6.08196
   2521.26     40000   -5.44656   -6.51452   -6.38779   -6.36477   -6.10062
   2544.61     45000   -5.46142   -6.70092   -6.69982   -6.67596   -6.17135
   2567.96     50000   -5.53724   -6.83871   -6.80485   -6.79446   -6.24282
   2591.33     55000   -5.61882   -6.68567   -6.54177   -6.52085   -6.25820
   2614.68     60000   -5.61974   -6.73465   -6.63547   -6.61145   -6.29555
   2638.04     65000   -5.65755   -6.98435   -7.10919   -7.09528   -6.37866
   2661.41     70000   -5.74130   -6.93895   -6.81841   -6.80154   -6.42580
   2684.77     75000   -5.80205   -6.85034   -6.71473   -6.69234   -6.43907
   2708.13     80000   -5.80068   -6.99080   -6.94375   -6.91927   -6.49917
   2731.49     85000   -5.86524   -7.20390   -7.26040   -7.25550   -6.57906
   2754.85     90000   -5.94570   -7.05063   -6.90786   -6.88797   -6.60233
   2778.18     95000   -5.96344   -7.05136   -6.93565   -6.91212   -6.62882
   2801.52    100000   -5.99067   -7.27431   -7.33059   -7.30908   -6.70704
   2824.85      5000   -6.07107   -7.32507   -7.23754   -7.22340   -6.76782
   2848.17     10000   -6.15622   -7.19618   -7.05477   -7.03309   -6.78003
   2871.50     15000   -6.14299   -7.28880   -7.21007   -7.18570   -6.82821
   2894.83     20000   -6.19273   -7.53903   -7.67474   -7.67023   -6.91196
   2918.16     25000   -6.27385   -7.42519   -7.28958   -7.27104   -6.94682
   2941.49     30000   -6.31226   -7.37812   -7.25040   -7.22743   -6.96480
   2964.82     35000   -6.32562   -7.56030   -7.55402   -7.53002   -7.03461
   2988.15     40000   -6.40033   -7.70658   -7.68009   -7.67018   -7.10706
   3011.49     45000   -6.48170   -7.55208   -7.40810   -7.38727   -7.12299
   3034.81     50000   -6.48445   -7.59644   -7.49544   -7.47146   -7.15924
   3058.14     55000   -6.52106   -7.84454   -7.96394   -7.94904   -7.24206
   3081.47     60000   -6.60453   -7.80772   -7.68945   -7.67280   -7.29053
   3104.81     65000   -6.66836   -7.71490   -7.57861   -7.55628   -7.30351
   3128.14     70000   -6.66534   -7.85083   -7.80021   -7.77571   -7.36250
   3151.50     75000   -6.72869   -8.06931   -8.13534   -8.13089   -7.44297
   3174.83     80000   -6.80896   -7.91799   -7.77560   -7.75582   -7.46721
   3198.17     85000   -6.82878   -7.91411   -7.79708   -7.77360   -7.49276
   3221.50     90000   -6.85503   -8.13358   -8.18312   -8.16122   -7.57031
   3244.84     95000   -6.93443   -8.19388   -8.11079   -8.09697   -7.63232
   3268.19    100000   -7.01898   -8.06171   -7.91990   -7.89830   -7.64468
   3291.55      5000   -7.00758   -8.14972   -8.06850   -8.04417   -7.69170
   3314.91     10000   -7.05625   -8.40131   -8.54020   -8.53499   -7.77557
   3338.26     15000   -7.13741   -8.29341   -8.15893   -8.14054   -7.81167
   3361.62     20000   -7.17789   -8.24183   -8.11315   -8.09024   -7.82901
   3384.98     25000   -7.18995   -8.41972   -8.40845   -8.38436   -7.89786
   3408.34     30000   -7.26355   -8.57426   -8.55544   -8.54604   -7.97126
   3431.70     35000   -7.34472   -8.41858   -8.27454   -8.25380   -7.98781
   3455.06     40000   -7.34902   -8.45831   -8.35554   -8.33161   -8.02295
   3478.42     45000   -7.38470   -8.70457   -8.81808   -8.80220   -8.10545
   3501.78     50000   -7.46760   -8.67654   -8.56070   -8.54428   -8.15525
   3525.14     55000   -7.53481   -8.57957   -8.44262   -8.42035   -8.16797
   3548.50     60000   -7.53012   -8.71095   -8.65689   -8.63239   -8.22584
   3571.85     65000   -7.59168   -8.93442   -9.00985   -9.00582   -8.30685
   3595.21     70000   -7.67235   -8.78543   -8.64347   -8.62381   -8.33209
   3618.57     75000   -7.69425   -8.77694   -8.65863   -8.63520   -8.35673
   3641.93     80000   -7.71862   -8.99282   -9.03575   -9.01350   -8.43358
   3665.29     85000   -7.79791   -9.06265   -8.98427   -8.97080   -8.49681
   3688.65     90000   -7.88187   -8.92734   -8.78517   -8.76364   -8.50936
   3712.01     95000   -7.87210   -9.01073   -8.92712   -8.90281   -8.55521
   3735.37    100000   -7.91929   -9.26331   -9.40428   -9.39827   -8.63915
MyID= 0: Time=  0.1,has convergenced
     1686208 iterations for the convertgence of psi
 MyID=           0 has finish
