 START-UP FOR CHUNK...
     23.51      5000   -0.58198   -2.02270   -1.98258   -1.91623   -1.28496
     46.92     10000   -0.71951   -2.15694   -1.85313   -1.92268   -1.48604
     70.33     15000   -0.69901   -2.27239   -1.74407   -1.78535   -1.50230
     93.74     20000   -0.60701   -2.23024   -1.60532   -1.60572   -1.41874
    117.15     25000   -0.50307   -1.77579   -1.48676   -1.47225   -1.30119
    140.55     30000   -0.44083   -1.59250   -1.47963   -1.48204   -1.20541
    163.96     35000   -0.43309   -1.86161   -1.80309   -1.79118   -1.24550
    187.37     40000   -0.55650   -1.92150   -1.86551   -1.91844   -1.36511
    210.78     45000   -0.72857   -1.86685   -1.73873   -1.74304   -1.44235
    234.19     50000   -0.86448   -2.04164   -1.93421   -1.89008   -1.56012
    257.60     55000   -0.95649   -2.32322   -2.44170   -2.37183   -1.68928
    281.01     60000   -1.03739   -2.30354   -2.13862   -2.13547   -1.74329
    304.41     65000   -1.06999   -2.10323   -1.96847   -1.94455   -1.71372
    327.82     70000   -1.03736   -2.14740   -2.06791   -2.03563   -1.71718
    351.23     75000   -1.06385   -2.38874   -2.52689   -2.44330   -1.79035
    374.64     80000   -1.16677   -2.32826   -2.27244   -2.24416   -1.85424
    398.04     85000   -1.27530   -2.29019   -2.16472   -2.15349   -1.88852
    421.45     90000   -1.28908   -2.47106   -2.39587   -2.36228   -1.96334
    444.86     95000   -1.35390   -2.70261   -2.85226   -2.80299   -2.06276
    468.27    100000   -1.43993   -2.55581   -2.41916   -2.41364   -2.09917
 ITERATION...
    491.68      5000   -1.46273   -2.50191   -2.37821   -2.35294   -2.09943
    515.08     10000   -1.46254   -2.68767   -2.65008   -2.59801   -2.15283
    538.49     15000   -1.52951   -2.85737   -2.91844   -2.87631   -2.23899
    561.90     20000   -1.63090   -2.69267   -2.57986   -2.55874   -2.27652
    585.31     25000   -1.65457   -2.73808   -2.62032   -2.59860   -2.31076
    608.72     30000   -1.69281   -2.99748   -3.02569   -2.97067   -2.39476
    632.13     35000   -1.78078   -3.02295   -2.97888   -2.96738   -2.47294
    655.54     40000   -1.86023   -2.88779   -2.75704   -2.74425   -2.48771
    678.95     45000   -1.84787   -2.96773   -2.86661   -2.83716   -2.51803
    702.36     50000   -1.88845   -3.24698   -3.36858   -3.28520   -2.60196
    725.77     55000   -1.98686   -3.16615   -3.07758   -3.06257   -2.66694
    749.18     60000   -2.07068   -3.08311   -2.95875   -2.93726   -2.68585
    772.59     65000   -2.06175   -3.23533   -3.15567   -3.12158   -2.74023
    795.99     70000   -2.11818   -3.49195   -3.63411   -3.56689   -2.83188
    819.40     75000   -2.21561   -3.32316   -3.21103   -3.19713   -2.87706
    842.81     80000   -2.25014   -3.29492   -3.17311   -3.15289   -2.89190
    866.22     85000   -2.26213   -3.49594   -3.45858   -3.41620   -2.95542
    889.63     90000   -2.33528   -3.66056   -3.69664   -3.67032   -3.04256
    913.04     95000   -2.43033   -3.49208   -3.36814   -3.35318   -3.07444
    936.45    100000   -2.44109   -3.52579   -3.41233   -3.38676   -3.10140
    959.86      5000   -2.47485   -3.78276   -3.81591   -3.75586   -3.18079
    983.27     10000   -2.56516   -3.81544   -3.76148   -3.74575   -3.25810
   1006.68     15000   -2.65082   -3.67741   -3.54999   -3.53222   -3.27690
   1030.09     20000   -2.64319   -3.76705   -3.66815   -3.63942   -3.31364
   1053.50     25000   -2.68756   -4.04573   -4.17859   -4.10018   -3.40046
   1076.90     30000   -2.78467   -3.95584   -3.86187   -3.84883   -3.46291
   1100.31     35000   -2.86028   -3.87725   -3.74967   -3.73069   -3.47883
   1123.72     40000   -2.85107   -4.02783   -3.95276   -3.91764   -3.53162
   1147.13     45000   -2.90817   -4.27727   -4.41388   -4.35371   -3.62227
   1170.54     50000   -3.00621   -4.11409   -3.99712   -3.98345   -3.66700
   1193.95     55000   -3.04081   -4.09198   -3.96920   -3.94684   -3.68452
   1217.36     60000   -3.05708   -4.29958   -4.26677   -4.22189   -3.75108
   1240.77     65000   -3.13217   -4.45117   -4.47570   -4.44982   -3.83773
   1264.18     70000   -3.22509   -4.28317   -4.15784   -4.14231   -3.86737
   1287.59     75000   -3.23227   -4.32182   -4.20758   -4.18258   -3.89407
   1311.00     80000   -3.26618   -4.57939   -4.62133   -4.55996   -3.97365
   1334.40     85000   -3.35796   -4.59822   -4.54170   -4.52736   -4.04975
   1357.81     90000   -3.44425   -4.46952   -4.34059   -4.32344   -4.06855
   1381.22     95000   -3.43607   -4.56649   -4.46768   -4.43805   -4.10746
   1404.63    100000   -3.48168   -4.84551   -4.98633   -4.90503   -4.19529
   1428.04      5000   -3.57929   -4.74387   -4.64655   -4.63341   -4.25589
   1451.45     10000   -3.65014   -4.67021   -4.54281   -4.52314   -4.27125
   1474.86     15000   -3.64290   -4.82680   -4.75353   -4.71782   -4.32503
   1498.27     20000   -3.70191   -5.06785   -5.19672   -5.13948   -4.41547
   1521.68     25000   -3.79947   -4.90083   -4.78415   -4.77029   -4.45873
   1545.08     30000   -3.83124   -4.88612   -4.76374   -4.74163   -4.47717
   1568.49     35000   -3.85029   -5.09997   -5.07192   -5.02605   -4.54533
   1591.90     40000   -3.92684   -5.23841   -5.25314   -5.22964   -4.63129
   1615.31     45000   -4.01854   -5.07284   -4.94719   -4.93168   -4.65947
   1638.72     50000   -4.02398   -5.11707   -5.00427   -4.97871   -4.68702
   1662.13     55000   -4.05887   -5.37905   -5.42948   -5.36602   -4.76752
   1685.54     60000   -4.15173   -5.38425   -5.32296   -5.30854   -4.84231
   1708.95     65000   -4.23827   -5.26017   -5.13193   -5.11441   -4.86054
   1732.35     70000   -4.22825   -5.36327   -5.26657   -5.23668   -4.90093
   1755.76     75000   -4.27503   -5.64173   -5.78940   -5.70792   -4.98935
   1779.17     80000   -4.37350   -5.53062   -5.43119   -5.41813   -5.04828
   1802.58     85000   -4.43962   -5.46264   -5.33586   -5.31609   -5.06356
   1825.99     90000   -4.43515   -5.62474   -5.55518   -5.51870   -5.11870
   1849.40     95000   -4.49618   -5.85884   -5.97744   -5.92492   -5.20902
   1872.81    100000   -4.59319   -5.68926   -5.57147   -5.55741   -5.25070
   1896.22      5000   -4.62177   -5.68008   -5.55872   -5.53621   -5.26983
   1919.63     10000   -4.64258   -5.89921   -5.87725   -5.83012   -5.33934
   1943.03     15000   -4.72101   -6.02561   -6.03100   -6.00896   -5.42451
   1966.44     20000   -4.81205   -5.86273   -5.73677   -5.72106   -5.45145
   1989.85     25000   -4.81596   -5.91254   -5.80112   -5.77526   -5.48006
   2013.26     30000   -4.85191   -6.17773   -6.23811   -6.17261   -5.56152
   2036.67     35000   -4.94586   -6.17060   -6.10436   -6.09036   -5.63495
   2060.08     40000   -5.03250   -6.05164   -5.92337   -5.90566   -5.65261
   2083.49     45000   -5.02038   -6.16034   -6.06578   -6.03531   -5.69438
   2106.90     50000   -5.06844   -6.43760   -6.59085   -6.50942   -5.78328
   2130.31     55000   -5.16767   -6.31800   -6.21613   -6.20300   -5.84055
   2153.72     60000   -5.22905   -6.25555   -6.12915   -6.10912   -5.85590
   2177.13     65000   -5.22766   -6.42323   -6.35721   -6.31995   -5.91245
   2200.54     70000   -5.29015   -6.64928   -6.75727   -6.70894   -6.00259
   2223.95     75000   -5.38713   -6.47791   -6.35901   -6.34482   -6.04270
   2247.36     80000   -5.41249   -6.47443   -6.35379   -6.33101   -6.06253
   2270.77     85000   -5.43500   -6.69868   -6.68294   -6.63441   -6.13333
   2294.18     90000   -5.51531   -6.81269   -6.80904   -6.78845   -6.21764
   2317.58     95000   -5.60571   -6.65292   -6.52651   -6.51062   -6.24341
   2340.99    100000   -5.60814   -6.70836   -6.59822   -6.57196   -6.27315
   2364.40      5000   -5.64517   -6.97672   -7.04695   -6.97926   -6.35554
   2387.81     10000   -5.74021   -6.95709   -6.88621   -6.87244   -6.42757
   2411.21     15000   -5.82640   -6.84325   -6.71500   -6.69707   -6.44470
   2434.62     20000   -5.81268   -6.95763   -6.86518   -6.83419   -6.48786
   2458.03     25000   -5.86202   -7.23305   -7.39016   -7.30945   -6.57717
   2481.45     30000   -5.96102   -7.10543   -7.00132   -6.98814   -6.63277
   2504.88     35000   -6.01869   -7.04861   -6.92259   -6.90232   -6.64827
   2528.31     40000   -6.02036   -7.22191   -7.15956   -7.12145   -6.70625
   2551.75     45000   -6.08431   -7.43943   -7.53611   -7.49182   -6.79613
   2575.18     50000   -6.18115   -7.26675   -7.14678   -7.13244   -6.83469
   2598.61     55000   -6.20341   -7.26892   -7.14906   -7.12598   -6.85526
   2622.04     60000   -6.22761   -7.49821   -7.48899   -7.43901   -6.92732
   2645.48     65000   -6.30979   -7.59960   -7.58742   -7.56804   -7.01071
   2668.91     70000   -6.39956   -7.44323   -7.31644   -7.30036   -7.03537
   2692.34     75000   -6.40051   -7.50432   -7.39551   -7.36886   -7.06628
   2715.78     80000   -6.43862   -7.77547   -7.85578   -7.78589   -7.14957
   2739.21     85000   -6.53475   -7.74364   -7.66841   -7.65485   -7.22015
   2762.64     90000   -6.61976   -7.63501   -7.50680   -7.48867   -7.23682
   2786.08     95000   -6.60517   -7.75506   -7.66484   -7.63329   -7.28137
   2809.51    100000   -6.65577   -8.02802   -8.18716   -8.10790   -7.37103
   2832.95      5000   -6.75456   -7.89300   -7.78679   -7.77354   -7.42496
   2856.38     10000   -6.80853   -7.84181   -7.71620   -7.69568   -7.44067
   2879.82     15000   -6.81325   -8.02069   -7.96223   -7.92324   -7.50007
   2903.25     20000   -6.87867   -8.22909   -8.31425   -8.27372   -7.58963
   2926.68     25000   -6.97444   -8.05572   -7.93478   -7.92030   -7.62667
   2950.12     30000   -6.99453   -8.06356   -7.94451   -7.92113   -7.64804
   2973.55     35000   -7.02040   -8.29777   -8.29542   -8.24391   -7.72133
   2996.98     40000   -7.10446   -8.38636   -8.36613   -8.34781   -7.80373
   3020.42     45000   -7.19359   -8.23368   -8.10655   -8.09028   -7.82734
   3043.85     50000   -7.19254   -8.30042   -8.19300   -8.16596   -7.85945
   3067.28     55000   -7.23226   -8.57401   -8.66449   -8.59242   -7.94359
   3090.72     60000   -7.32885   -8.53024   -8.45096   -8.43757   -8.01269
   3114.15     65000   -7.41326   -8.42691   -8.29878   -8.28043   -8.02895
   3137.59     70000   -7.39784   -8.55263   -8.46475   -8.43263   -8.07492
   3161.02     75000   -7.44972   -8.82247   -8.98175   -8.90463   -8.16486
   3184.45     80000   -7.54828   -8.68068   -8.57252   -8.55919   -8.21712
   3207.88     85000   -7.59858   -8.63515   -8.50999   -8.48922   -8.23311
   3231.32     90000   -7.60570   -8.81960   -8.76522   -8.72531   -8.29391
   3254.75     95000   -7.67321   -9.01833   -9.09190   -9.05482   -8.38309
   3278.18    100000   -7.76792   -8.84483   -8.72300   -8.70836   -8.41864
   3301.61      5000   -7.78584   -8.85833   -8.74015   -8.71646   -8.44084
   3325.05     10000   -7.81338   -9.09733   -9.10222   -9.04910   -8.51535
   3348.48     15000   -7.89840   -9.17300   -9.14520   -9.12780   -8.59671
   3371.91     20000   -7.98781   -9.02427   -8.89684   -8.88039   -8.61931
MyID= 0: Time=  0.1,has convergenced
     1685993 iterations for the convertgence of psi
 MyID=           0 has finish
