 START-UP FOR CHUNK...
     23.44      5000   -0.54871   -2.00000   -1.86155   -1.77320   -1.28050
     46.78     10000   -0.64617   -2.17708   -1.71629   -1.78833   -1.44571
     70.13     15000   -0.59445   -2.25886   -1.61128   -1.66478   -1.42369
     93.47     20000   -0.50288   -2.03261   -1.51365   -1.50801   -1.33588
    116.81     25000   -0.43791   -1.64896   -1.46397   -1.44920   -1.24244
    140.16     30000   -0.40366   -1.70527   -1.62708   -1.61086   -1.20877
    163.50     35000   -0.45734   -1.95848   -1.82676   -1.96689   -1.33999
    186.85     40000   -0.66399   -1.90398   -1.81250   -1.79332   -1.44801
    210.19     45000   -0.86948   -1.95294   -1.81738   -1.84087   -1.54651
    233.53     50000   -0.93927   -2.24786   -2.15004   -2.12837   -1.67052
    256.88     55000   -1.01877   -2.40052   -2.37480   -2.38567   -1.79214
    280.22     60000   -1.11558   -2.31809   -2.09560   -2.11846   -1.81934
    303.57     65000   -1.15717   -2.18433   -2.05663   -2.03146   -1.79947
    326.91     70000   -1.12758   -2.32886   -2.26263   -2.21105   -1.83383
    350.25     75000   -1.18112   -2.59978   -2.62877   -2.53134   -1.92945
    373.60     80000   -1.31005   -2.42193   -2.34502   -2.29909   -1.99058
    396.94     85000   -1.41397   -2.40763   -2.29972   -2.28801   -2.02605
    420.28     90000   -1.42157   -2.64215   -2.55682   -2.54090   -2.10156
    443.63     95000   -1.49056   -2.84043   -2.93029   -2.85139   -2.20776
    466.97    100000   -1.60516   -2.69152   -2.55003   -2.56008   -2.25795
 ITERATION...
    490.31      5000   -1.63893   -2.65868   -2.52198   -2.51245   -2.26407
    513.65     10000   -1.63461   -2.84967   -2.77889   -2.72273   -2.31623
    537.00     15000   -1.69858   -3.10648   -3.14413   -3.06525   -2.41390
    560.34     20000   -1.82103   -2.90443   -2.78824   -2.76470   -2.47087
    583.68     25000   -1.86147   -2.89181   -2.77504   -2.75086   -2.49604
    607.03     30000   -1.88603   -3.12320   -3.05314   -3.01481   -2.56441
    630.37     35000   -1.95662   -3.31821   -3.36248   -3.28414   -2.66457
    653.72     40000   -2.07286   -3.12168   -3.00051   -2.99421   -2.71328
    677.06     45000   -2.08590   -3.12822   -2.99810   -2.98856   -2.72931
    700.40     50000   -2.10924   -3.35970   -3.29502   -3.24495   -2.79272
    723.75     55000   -2.18191   -3.54566   -3.55461   -3.50349   -2.89035
    747.09     60000   -2.30092   -3.35491   -3.22716   -3.21690   -2.93878
    770.43     65000   -2.31379   -3.37143   -3.24907   -3.22627   -2.96219
    793.78     70000   -2.34803   -3.62474   -3.57340   -3.51629   -3.03357
    817.12     75000   -2.42648   -3.77535   -3.75476   -3.70329   -3.13113
    840.46     80000   -2.54123   -3.57263   -3.44924   -3.43649   -3.17355
    863.81     85000   -2.54155   -3.60338   -3.48073   -3.46467   -3.19508
    887.15     90000   -2.57774   -3.86803   -3.82318   -3.76738   -3.26703
    910.49     95000   -2.66037   -3.97914   -3.95296   -3.91441   -3.36273
    933.83    100000   -2.77437   -3.80197   -3.67400   -3.66592   -3.40280
    957.18      5000   -2.77155   -3.84873   -3.72744   -3.70722   -3.42827
    980.52     10000   -2.81316   -4.12859   -4.10291   -4.03316   -3.50511
   1003.86     15000   -2.90087   -4.20800   -4.14743   -4.11749   -3.59959
   1027.21     20000   -3.01117   -4.02786   -3.89933   -3.88676   -3.63521
   1050.55     25000   -3.00122   -4.08446   -3.96661   -3.94527   -3.66165
   1073.90     30000   -3.04557   -4.37713   -4.36273   -4.29081   -3.74071
   1097.24     35000   -3.13803   -4.41443   -4.35374   -4.32441   -3.83283
   1120.58     40000   -3.24559   -4.25465   -4.12701   -4.11690   -3.86564
   1143.93     45000   -3.23298   -4.32868   -4.21222   -4.19128   -3.89520
   1167.27     50000   -3.27969   -4.63238   -4.64074   -4.55738   -3.97782
   1190.61     55000   -3.37712   -4.63359   -4.55088   -4.53119   -4.06783
   1213.96     60000   -3.48130   -4.48421   -4.35336   -4.34185   -4.09732
   1237.30     65000   -3.46487   -4.56919   -4.45560   -4.43127   -4.12911
   1260.64     70000   -3.51267   -4.88399   -4.90873   -4.81583   -4.21424
   1283.99     75000   -3.61516   -4.84759   -4.76108   -4.73993   -4.30128
   1307.33     80000   -3.71584   -4.71262   -4.58420   -4.57220   -4.32820
   1330.67     85000   -3.69616   -4.81336   -4.70306   -4.67894   -4.36312
   1354.02     90000   -3.74724   -5.13482   -5.18324   -5.08149   -4.45107
   1377.36     95000   -3.85391   -5.06200   -4.96430   -4.94884   -4.53520
   1400.70    100000   -3.95111   -4.94304   -4.81215   -4.80048   -4.55973
   1424.05      5000   -3.92813   -5.05703   -4.94901   -4.92219   -4.59752
   1447.39     10000   -3.98106   -5.38414   -5.45105   -5.33732   -4.68772
   1470.73     15000   -4.09193   -5.27965   -5.17676   -5.16125   -4.76832
   1494.08     20000   -4.18515   -5.17417   -5.04510   -5.03207   -4.79090
   1517.42     25000   -4.16080   -5.30275   -5.19940   -5.17122   -4.83202
   1540.76     30000   -4.21513   -5.63062   -5.71495   -5.59592   -4.92444
   1564.11     35000   -4.33051   -5.49473   -5.38570   -5.37250   -5.00149
   1587.45     40000   -4.42045   -5.40542   -5.27541   -5.26264   -5.02253
   1610.80     45000   -4.39361   -5.54849   -5.44796   -5.41777   -5.06690
   1634.14     50000   -4.45018   -5.87306   -5.96832   -5.84349   -5.16105
   1657.49     55000   -4.56814   -5.71358   -5.60062   -5.58815   -5.23412
   1680.83     60000   -4.64309   -5.63869   -5.50991   -5.49608   -5.25398
   1704.17     65000   -4.62772   -5.79631   -5.70139   -5.66873   -5.30186
   1727.51     70000   -4.68639   -6.11285   -6.20776   -6.08773   -5.39761
   1750.86     75000   -4.80600   -5.93120   -5.81396   -5.80233   -5.46670
   1774.20     80000   -4.86640   -5.87148   -5.74273   -5.72858   -5.48583
   1797.54     85000   -4.86219   -6.04395   -5.95321   -5.91830   -5.53719
   1820.89     90000   -4.92303   -6.34659   -6.43482   -6.32088   -5.63403
   1844.23     95000   -5.04291   -6.15118   -6.03165   -6.02056   -5.69884
   1867.58    100000   -5.09065   -6.10636   -5.97880   -5.96392   -5.71762
   1890.92      5000   -5.09495   -6.29377   -6.20974   -6.17178   -5.77259
   1914.27     10000   -5.15996   -6.57738   -6.64588   -6.54734   -5.87032
   1937.61     15000   -5.27950   -6.37126   -6.24847   -6.23780   -5.93092
   1960.95     20000   -5.31603   -6.34103   -6.21399   -6.19840   -5.94978
   1984.29     25000   -5.32878   -6.54342   -6.46540   -6.42428   -6.00833
   2007.64     30000   -5.39609   -6.80293   -6.85149   -6.76558   -6.10643
   2030.98     35000   -5.51613   -6.59290   -6.46887   -6.45831   -6.16265
   2054.33     40000   -5.54262   -6.57743   -6.45184   -6.43556   -6.18196
   2077.67     45000   -5.56332   -6.79503   -6.72542   -6.68059   -6.24414
   2101.01     50000   -5.63285   -7.02524   -7.04759   -6.97813   -6.34235
   2124.35     55000   -5.75224   -6.81506   -6.68869   -6.67841   -6.39435
   2147.69     60000   -5.76936   -6.81401   -6.68924   -6.67212   -6.41450
   2171.04     65000   -5.79653   -7.04657   -6.98533   -6.93611   -6.48022
   2194.38     70000   -5.87064   -7.24457   -7.24524   -7.18709   -6.57802
   2217.73     75000   -5.98850   -7.03863   -6.91157   -6.90112   -6.62577
   2241.07     80000   -5.99740   -7.05204   -6.92904   -6.91108   -6.64711
   2264.41     85000   -6.02959   -7.29970   -7.24935   -7.19531   -6.71638
   2287.76     90000   -6.10804   -7.46129   -7.43929   -7.39299   -6.81347
   2311.10     95000   -6.22417   -7.26273   -7.13413   -7.12377   -6.85720
   2334.44    100000   -6.22647   -7.29046   -7.16866   -7.14976   -6.88006
   2357.79      5000   -6.26376   -7.55270   -7.51381   -7.45384   -6.95275
   2381.13     10000   -6.34648   -7.67692   -7.63740   -7.59884   -7.04862
   2404.47     15000   -6.45996   -7.48823   -7.35927   -7.34863   -7.08843
   2427.82     20000   -6.45602   -7.53023   -7.41052   -7.39061   -7.11314
   2451.16     25000   -6.49694   -7.80679   -7.78214   -7.71565   -7.18919
   2474.51     30000   -6.58450   -7.89114   -7.83483   -7.80363   -7.28351
   2497.85     35000   -6.69544   -7.71423   -7.58436   -7.57361   -7.31971
   2521.19     40000   -6.68625   -7.77050   -7.65245   -7.63145   -7.34654
   2544.53     45000   -6.73075   -8.06038   -8.05104   -7.97668   -7.42577
   2567.87     50000   -6.82333   -8.10541   -8.03648   -8.01007   -7.51807
   2591.21     55000   -6.93066   -7.94158   -7.81162   -7.80053   -7.55086
   2614.55     60000   -6.91767   -8.01209   -7.89652   -7.87430   -7.58010
   2637.89     65000   -6.96428   -8.31429   -8.32308   -8.24009   -7.66240
   2661.23     70000   -7.06149   -8.31930   -8.23861   -8.21658   -7.75236
   2684.57     75000   -7.16597   -8.16946   -8.03905   -8.02769   -7.78210
   2707.91     80000   -7.14991   -8.25424   -8.14089   -8.11737   -7.81398
   2731.26     85000   -7.19762   -8.56693   -8.59485   -8.50195   -7.89911
   2754.60     90000   -7.30022   -8.53386   -8.44444   -8.42527   -7.98631
   2777.94     95000   -7.40082   -8.39858   -8.26835   -8.25659   -8.01329
   2801.28    100000   -7.38099   -8.49770   -8.38734   -8.36237   -8.04803
   2824.62      5000   -7.43202   -8.81870   -8.86726   -8.76435   -8.13582
   2847.97     10000   -7.53852   -8.74868   -8.65115   -8.63458   -8.21997
   2871.31     15000   -7.63591   -8.62831   -8.49798   -8.48584   -8.24461
   2894.65     20000   -7.61314   -8.74179   -8.63435   -8.60778   -8.28239
   2917.99     25000   -7.66598   -9.06803   -9.13618   -9.02326   -8.37256
   2941.33     30000   -7.77691   -8.96448   -8.86099   -8.84608   -8.45329
   2964.68     35000   -7.87011   -8.85918   -8.72928   -8.71666   -8.47594
   2988.02     40000   -7.84566   -8.98717   -8.88342   -8.85509   -8.51693
   3011.36     45000   -7.89998   -9.31491   -9.39967   -9.27945   -8.60924
MyID= 0: Time=  0.1,has convergenced
     1682963 iterations for the convertgence of psi
 MyID=           0 has finish
