 START-UP FOR CHUNK...
     23.56      5000   -0.54961   -2.00114   -1.86444   -1.77809   -1.28021
     46.88     10000   -0.64910   -2.17890   -1.72004   -1.79270   -1.44705
     70.21     15000   -0.59823   -2.25793   -1.61569   -1.66781   -1.42630
     93.54     20000   -0.50495   -2.04005   -1.51602   -1.51002   -1.33830
    116.86     25000   -0.43759   -1.65200   -1.46297   -1.44810   -1.24386
    140.19     30000   -0.40439   -1.69574   -1.61716   -1.60256   -1.20674
    163.52     35000   -0.45533   -1.95454   -1.82861   -1.96813   -1.33565
    186.84     40000   -0.65925   -1.90373   -1.81335   -1.79526   -1.44403
    210.17     45000   -0.86232   -1.94859   -1.81226   -1.83591   -1.54132
    233.50     50000   -0.93536   -2.23817   -2.14135   -2.11536   -1.66499
    256.83     55000   -1.01528   -2.40113   -2.38071   -2.39163   -1.78721
    280.15     60000   -1.11142   -2.31862   -2.09644   -2.11667   -1.81543
    303.48     65000   -1.15284   -2.17904   -2.05290   -2.02559   -1.79499
    326.81     70000   -1.12302   -2.31845   -2.25325   -2.20268   -1.82812
    350.15     75000   -1.17543   -2.58708   -2.62912   -2.52880   -1.92273
    373.49     80000   -1.30320   -2.41331   -2.34148   -2.29633   -1.98392
    396.82     85000   -1.40769   -2.40172   -2.29271   -2.28303   -2.01932
    420.15     90000   -1.41524   -2.63479   -2.54978   -2.53270   -2.09474
    443.47     95000   -1.48401   -2.83189   -2.92522   -2.85024   -2.20056
    466.79    100000   -1.59705   -2.68543   -2.54347   -2.55374   -2.25014
 ITERATION...
    490.10      5000   -1.63029   -2.65090   -2.51618   -2.50414   -2.25602
    513.41     10000   -1.62620   -2.84229   -2.77397   -2.71587   -2.30841
    536.73     15000   -1.69089   -3.09544   -3.13656   -3.05670   -2.40556
    560.04     20000   -1.81192   -2.89054   -2.77951   -2.75446   -2.46137
    583.37     25000   -1.85114   -2.88226   -2.76739   -2.74412   -2.48679
    606.70     30000   -1.87737   -3.11813   -3.05007   -3.01254   -2.55601
    630.02     35000   -1.94795   -3.29960   -3.34336   -3.27089   -2.65558
    653.35     40000   -2.06231   -3.10805   -2.98743   -2.98261   -2.70235
    676.69     45000   -2.07330   -3.11926   -2.99091   -2.98022   -2.71863
    700.02     50000   -2.09786   -3.35551   -3.29725   -3.24315   -2.78343
    723.34     55000   -2.17267   -3.52929   -3.52987   -3.48422   -2.88033
    746.66     60000   -2.29016   -3.33805   -3.21333   -3.20123   -2.92633
    769.97     65000   -2.30031   -3.36092   -3.24235   -3.21849   -2.95055
    793.30     70000   -2.33660   -3.62272   -3.57877   -3.52051   -3.02381
    816.63     75000   -2.41734   -3.74812   -3.72298   -3.67626   -3.12012
    839.95     80000   -2.52919   -3.55345   -3.43209   -3.41997   -3.15953
    863.27     85000   -2.52652   -3.59400   -3.47389   -3.45749   -3.18222
    886.60     90000   -2.56447   -3.86699   -3.83466   -3.77366   -3.25650
    909.92     95000   -2.65039   -3.95174   -3.91463   -3.88331   -3.35057
    933.24    100000   -2.76151   -3.78256   -3.65598   -3.64696   -3.38730
    956.58      5000   -2.75547   -3.83951   -3.72259   -3.70034   -3.41456
    979.92     10000   -2.79939   -4.13021   -4.12031   -4.04491   -3.49414
   1003.26     15000   -2.89131   -4.17380   -4.10576   -4.07948   -3.58621
   1026.61     20000   -2.99731   -4.00587   -3.87977   -3.86660   -3.61817
   1049.95     25000   -2.98465   -4.07622   -3.96233   -3.94012   -3.64699
   1073.30     30000   -3.03009   -4.37917   -4.38609   -4.30612   -3.72906
   1096.65     35000   -3.12743   -4.37679   -4.30700   -4.28330   -3.81807
   1119.99     40000   -3.23054   -4.23295   -4.10640   -4.09587   -3.84714
   1143.34     45000   -3.21525   -4.32212   -4.21052   -4.18735   -3.87980
   1166.68     50000   -3.26331   -4.63574   -4.67049   -4.57640   -3.96567
   1190.03     55000   -3.36644   -4.59297   -4.50206   -4.48554   -4.05164
   1213.37     60000   -3.46547   -4.46121   -4.33245   -4.31975   -4.07737
   1236.72     65000   -3.44496   -4.56398   -4.45595   -4.42950   -4.11298
   1260.05     70000   -3.49649   -4.88672   -4.94221   -4.83703   -4.20144
   1283.37     75000   -3.60411   -4.80284   -4.70926   -4.69155   -4.28349
   1306.70     80000   -3.69864   -4.68961   -4.56268   -4.55007   -4.30690
   1330.03     85000   -3.67642   -4.81062   -4.70646   -4.67972   -4.34639
   1353.35     90000   -3.72913   -5.13511   -5.21585   -5.10163   -4.43765
   1376.67     95000   -3.84199   -5.01564   -4.91085   -4.89799   -4.51578
   1400.00    100000   -3.93292   -4.91998   -4.79097   -4.77798   -4.53711
   1423.32      5000   -3.90751   -5.05646   -4.95597   -4.92569   -4.58023
   1446.65     10000   -3.96288   -5.38097   -5.47626   -5.35327   -4.67357
   1469.98     15000   -4.07923   -5.23038   -5.12181   -5.10823   -4.74715
   1493.29     20000   -4.15840   -5.15117   -5.02414   -5.00998   -4.76707
   1516.61     25000   -4.14041   -5.30509   -5.21040   -5.17848   -4.81427
   1539.92     30000   -4.19828   -5.62006   -5.72024   -5.60091   -4.90952
   1563.23     35000   -4.31662   -5.44408   -5.32970   -5.31823   -4.97854
   1586.54     40000   -4.37885   -5.38311   -5.25524   -5.24103   -4.99754
   1609.85     45000   -4.37351   -5.55383   -5.46391   -5.42874   -5.04872
   1633.16     50000   -4.43416   -5.85454   -5.94732   -5.83417   -5.14523
   1656.48     55000   -4.55298   -5.66146   -5.54396   -5.53255   -5.20930
   1679.79     60000   -4.60061   -5.61698   -5.49081   -5.47534   -5.22795
   1703.11     65000   -4.60526   -5.80505   -5.72290   -5.68453   -5.28334
   1726.43     70000   -4.67042   -6.08299   -6.15351   -6.05785   -5.38081
   1749.76     75000   -4.78865   -5.87801   -5.75697   -5.74617   -5.44001
   1773.09     80000   -4.82388   -5.85091   -5.72501   -5.70909   -5.45883
   1796.41     85000   -4.83835   -6.05629   -5.98116   -5.93907   -5.51834
   1819.74     90000   -4.90569   -6.30549   -6.35211   -6.27132   -5.61609
   1843.07     95000   -5.02454   -6.09745   -5.97455   -5.96391   -5.67026
   1866.39    100000   -5.04826   -6.08709   -5.96291   -5.94592   -5.68977
   1889.71      5000   -5.07147   -6.30995   -6.24516   -6.19846   -5.75347
   1913.03     10000   -5.14250   -6.52407   -6.54004   -6.47723   -5.85114
   1936.35     15000   -5.25986   -6.31706   -6.19172   -6.18114   -5.90047
   1959.67     20000   -5.27354   -6.32339   -6.20021   -6.18233   -5.92117
   1982.98     25000   -5.30291   -6.56349   -6.50907   -6.45718   -5.98893
   2006.30     30000   -5.37938   -6.73852   -6.73062   -6.67965   -6.08582
   2029.64     35000   -5.49502   -6.53874   -6.41252   -6.40186   -6.13035
   2052.98     40000   -5.50052   -6.56177   -6.44065   -6.42173   -6.15270
   2076.31     45000   -5.53577   -6.81899   -6.77857   -6.72043   -6.22450
   2099.64     50000   -5.61735   -6.95076   -6.91805   -6.87895   -6.32020
   2122.97     55000   -5.73011   -6.76112   -6.63324   -6.62247   -6.36025
   2146.29     60000   -5.72814   -6.80057   -6.68103   -6.66092   -6.38467
   2169.62     65000   -5.76790   -7.07412   -7.04869   -6.98303   -6.46031
   2192.94     70000   -5.85483   -7.16164   -7.11118   -7.07912   -6.55415
   2216.26     75000   -5.96469   -6.98521   -6.85706   -6.84597   -6.58994
   2239.58     80000   -5.95686   -7.04123   -6.92427   -6.90295   -6.61684
   2262.90     85000   -6.00074   -7.33025   -7.32376   -7.24951   -6.69619
   2286.23     90000   -6.09311   -7.37159   -7.30418   -7.27884   -6.78775
   2309.55     95000   -6.19945   -7.21013   -7.08101   -7.06968   -6.81972
   2332.89    100000   -6.18694   -7.28257   -7.16783   -7.14508   -6.84943
   2356.23      5000   -6.23274   -7.58526   -7.59927   -7.51459   -6.93223
   2379.55     10000   -6.33116   -7.58201   -7.50264   -7.48119   -7.02088
   2402.88     15000   -6.43327   -7.43666   -7.30766   -7.29585   -7.04939
   2426.21     20000   -6.41703   -7.52565   -7.41417   -7.38989   -7.08225
   2449.54     25000   -6.46545   -7.83970   -7.87737   -7.78168   -7.16828
   2472.86     30000   -6.56908   -7.79243   -7.70201   -7.68420   -7.25365
   2496.19     35000   -6.66799   -7.66401   -7.53462   -7.52244   -7.27922
   2519.52     40000   -6.64721   -7.76956   -7.66114   -7.63511   -7.31548
   2542.86     45000   -6.69886   -8.09146   -8.15272   -8.04507   -7.40438
   2566.19     50000   -6.80729   -8.00414   -7.90589   -7.89020   -7.48596
   2589.52     55000   -6.90121   -7.89292   -7.76395   -7.75120   -7.50905
   2612.86     60000   -6.87846   -8.01518   -7.91090   -7.88293   -7.54895
   2636.19     65000   -6.93150   -8.34047   -8.42327   -8.30617   -7.64044
   2659.52     70000   -7.04494   -8.21646   -8.11103   -8.09727   -7.71791
   2682.85     75000   -7.13552   -8.12266   -7.99380   -7.98052   -7.73908
   2706.19     80000   -7.10993   -8.26171   -8.16165   -8.13147   -7.78281
   2729.52     85000   -7.16559   -8.58473   -8.68202   -8.55907   -7.87644
   2752.84     90000   -7.28236   -8.43032   -8.31983   -8.30716   -7.94943
   2776.16     95000   -7.35907   -8.35389   -8.22575   -8.21181   -7.96920
   2799.47    100000   -7.34288   -8.50994   -8.41528   -8.38260   -8.01692
   2822.78      5000   -7.40112   -8.82403   -8.92372   -8.80362   -8.11232
   2846.11     10000   -7.51934   -8.64513   -8.52994   -8.51825   -8.18064
   2869.44     15000   -7.57967   -8.58600   -8.45838   -8.44378   -8.19958
   2892.77     20000   -7.57572   -8.75915   -8.67028   -8.63470   -8.25137
   2916.10     25000   -7.63705   -9.05727   -9.14684   -9.03623   -8.34805
   2939.44     30000   -7.75595   -8.86150   -8.74306   -8.73187   -8.41147
   2962.77     35000   -7.80159   -8.81952   -8.69296   -8.67759   -8.43012
   2986.11     40000   -7.80761   -9.00999   -8.92834   -8.88945   -8.48606
   3009.45     45000   -7.87310   -9.28475   -9.35236   -9.25807   -8.58357
   3032.79     50000   -7.99142   -9.07897   -8.95747   -8.94670   -8.64205
MyID= 0: Time=  0.1,has convergenced
     1683266 iterations for the convertgence of psi
 MyID=           0 has finish
