 START-UP FOR CHUNK...
     23.46      5000   -0.61946   -2.03767   -2.14323   -2.12839   -1.28963
     46.84     10000   -0.80918   -2.13081   -2.05925   -2.12979   -1.52147
     70.23     15000   -0.83308   -2.23026   -1.95017   -1.98622   -1.59638
     93.62     20000   -0.77085   -2.45808   -1.79278   -1.79116   -1.55570
    117.01     25000   -0.65286   -2.02247   -1.60843   -1.60561   -1.42970
    140.40     30000   -0.54075   -1.72132   -1.47318   -1.47369   -1.28517
    163.79     35000   -0.45331   -1.62179   -1.50610   -1.49422   -1.18904
    187.17     40000   -0.46824   -1.82719   -1.84820   -1.91057   -1.23760
    210.56     45000   -0.59011   -1.89464   -1.80194   -1.78872   -1.33475
    233.95     50000   -0.75724   -1.83479   -1.70978   -1.69764   -1.42085
    257.34     55000   -0.86084   -2.04837   -1.97649   -1.93411   -1.55058
    280.72     60000   -0.94018   -2.30963   -2.39186   -2.43572   -1.65762
    304.11     65000   -0.99055   -2.14727   -1.97436   -1.96157   -1.65895
    327.49     70000   -0.98621   -2.01293   -1.89191   -1.86320   -1.62117
    350.88     75000   -0.94985   -2.13216   -2.11713   -2.07970   -1.64744
    374.26     80000   -1.00170   -2.31590   -2.38243   -2.35824   -1.71915
    397.65     85000   -1.10577   -2.18870   -2.06608   -2.04406   -1.75861
    421.03     90000   -1.15727   -2.24988   -2.13647   -2.11903   -1.81869
    444.42     95000   -1.20813   -2.49492   -2.59651   -2.56425   -1.91736
    467.80    100000   -1.28549   -2.51724   -2.41184   -2.40991   -1.97236
 ITERATION...
    491.19      5000   -1.34006   -2.37977   -2.23485   -2.21565   -1.96464
    514.57     10000   -1.30983   -2.45022   -2.38279   -2.35041   -1.99389
    537.95     15000   -1.35209   -2.69983   -2.83823   -2.83436   -2.07267
    561.34     20000   -1.44337   -2.59017   -2.46563   -2.44232   -2.11648
    584.72     25000   -1.49815   -2.56434   -2.43709   -2.41300   -2.14846
    608.11     30000   -1.52348   -2.76676   -2.75477   -2.72847   -2.22878
    631.49     35000   -1.59993   -2.89416   -2.88106   -2.86901   -2.30332
    654.87     40000   -1.67136   -2.74061   -2.59774   -2.58021   -2.31322
    678.26     45000   -1.66619   -2.77551   -2.67409   -2.65016   -2.33911
    701.64     50000   -1.69756   -3.01627   -3.13413   -3.11123   -2.41781
    725.03     55000   -1.78391   -2.98836   -2.88142   -2.86602   -2.47225
    748.41     60000   -1.86065   -2.90114   -2.76673   -2.74387   -2.49118
    771.80     65000   -1.86116   -3.04472   -2.98467   -2.95651   -2.55373
    795.18     70000   -1.92356   -3.26956   -3.35837   -3.34566   -2.63755
    818.57     75000   -2.00326   -3.11388   -2.97817   -2.95885   -2.66260
    841.95     80000   -2.02146   -3.10094   -2.98329   -2.95984   -2.68202
    865.34     85000   -2.04186   -3.31291   -3.34595   -3.32091   -2.75540
    888.72     90000   -2.12344   -3.38877   -3.32786   -3.31466   -2.82288
    912.11     95000   -2.20956   -3.25458   -3.11630   -3.09558   -2.83919
    935.49    100000   -2.20502   -3.33800   -3.24903   -3.22359   -2.88513
    958.88      5000   -2.25164   -3.59525   -3.74434   -3.72354   -2.97094
    982.26     10000   -2.33522   -3.50216   -3.37783   -3.36087   -3.01235
   1005.65     15000   -2.38188   -3.43660   -3.30774   -3.28467   -3.02609
   1029.03     20000   -2.38780   -3.60099   -3.57198   -3.54507   -3.08964
   1052.41     25000   -2.45754   -3.78177   -3.80306   -3.79420   -3.16800
   1075.80     30000   -2.54162   -3.62401   -3.48526   -3.46507   -3.18989
   1099.18     35000   -2.55274   -3.64990   -3.54026   -3.51596   -3.22137
   1122.57     40000   -2.58533   -3.88920   -3.97346   -3.94600   -3.30289
   1145.95     45000   -2.66923   -3.89835   -3.80401   -3.78944   -3.36081
   1169.33     50000   -2.75237   -3.78488   -3.64795   -3.62640   -3.37277
   1192.72     55000   -2.73598   -3.89570   -3.82535   -3.79913   -3.42368
   1216.10     60000   -2.79023   -4.13880   -4.26588   -4.25746   -3.50782
   1239.48     65000   -2.87349   -4.00649   -3.87343   -3.85501   -3.54149
   1262.87     70000   -2.90674   -3.97642   -3.85240   -3.82882   -3.56183
   1286.25     75000   -2.92473   -4.17348   -4.17801   -4.14980   -3.63419
   1309.64     80000   -3.00256   -4.29476   -4.26152   -4.24978   -3.70628
   1333.02     85000   -3.08453   -4.14537   -4.00550   -3.98499   -3.72201
   1356.41     90000   -3.08436   -4.20210   -4.10416   -4.07922   -3.75955
   1379.79     95000   -3.12320   -4.45426   -4.58555   -4.56398   -3.84333
   1403.18    100000   -3.20877   -4.39920   -4.28452   -4.26837   -3.89223
   1426.56      5000   -3.27060   -4.31592   -4.18246   -4.16009   -3.90613
   1449.95     10000   -3.27004   -4.46087   -4.41163   -4.38447   -3.96607
   1473.33     15000   -3.33420   -4.67257   -4.74175   -4.73288   -4.04763
   1496.72     20000   -3.41617   -4.51875   -4.38136   -4.36212   -4.07292
   1520.10     25000   -3.43605   -4.52074   -4.40482   -4.38084   -4.09839
   1543.48     30000   -3.46174   -4.74420   -4.79332   -4.76598   -4.17611
   1566.87     35000   -3.54339   -4.79820   -4.72370   -4.71023   -4.24039
   1590.26     40000   -3.62740   -4.66843   -4.52983   -4.50858   -4.25376
   1613.64     45000   -3.61787   -4.75866   -4.67506   -4.64929   -4.29984
   1637.02     50000   -3.66546   -5.01170   -5.16019   -5.14462   -4.38476
   1660.41     55000   -3.75021   -4.90479   -4.77800   -4.76046   -4.42409
   1683.79     60000   -3.79263   -4.85234   -4.72437   -4.70142   -4.44072
   1707.18     65000   -3.80439   -5.02847   -5.00865   -4.98120   -4.50800
   1730.56     70000   -3.87684   -5.19068   -5.19381   -5.18405   -4.58465
   1753.94     75000   -3.95846   -5.03430   -4.89479   -4.87472   -4.60384
   1777.33     80000   -3.96578   -5.06927   -4.96313   -4.93849   -4.63649
   1800.71     85000   -3.99973   -5.31367   -5.41376   -5.38776   -4.71857
   1824.09     90000   -4.08386   -5.30098   -5.19959   -5.18427   -4.77379
   1847.48     95000   -4.16106   -5.19717   -5.06143   -5.03953   -4.78653
   1870.86    100000   -4.15012   -5.31975   -5.25508   -5.22869   -4.84074
   1894.24      5000   -4.20827   -5.55481   -5.66704   -5.65806   -4.92442
   1917.63     10000   -4.29102   -5.41331   -5.27888   -5.26028   -4.95510
   1941.01     15000   -4.31867   -5.39318   -5.27175   -5.24816   -4.97661
   1964.40     20000   -4.33940   -5.59882   -5.61666   -5.58869   -5.05060
   1987.78     25000   -4.41934   -5.69940   -5.65126   -5.63910   -5.12040
   2011.17     30000   -4.50231   -5.55520   -5.41573   -5.39494   -5.13530
   2034.55     35000   -4.49812   -5.62281   -5.52912   -5.50386   -5.17569
   2057.93     40000   -4.54002   -5.87737   -6.01901   -5.99877   -5.26014
   2081.32     45000   -4.62540   -5.80420   -5.68519   -5.66848   -5.30592
   2104.70     50000   -4.68083   -5.73029   -5.59859   -5.57604   -5.32035
   2128.08     55000   -4.68356   -5.88505   -5.84448   -5.81732   -5.38258
   2151.47     60000   -4.75096   -6.08286   -6.13019   -6.12147   -5.46280
   2174.85     65000   -4.83283   -5.92642   -5.78810   -5.76860   -5.48603
   2198.23     70000   -4.84818   -5.93889   -5.82585   -5.80166   -5.51374
   2221.62     75000   -4.87768   -6.16988   -6.23483   -6.20752   -5.59307
   2245.00     80000   -4.95982   -6.20277   -6.11849   -6.10437   -5.65457
   2268.39     85000   -5.04504   -6.08051   -5.94268   -5.92120   -5.66744
   2291.77     90000   -5.03172   -6.18086   -6.10283   -6.07686   -5.71604
   2315.15     95000   -5.08258   -6.43031   -6.57270   -6.55999   -5.80080
   2338.54    100000   -5.16577   -6.31043   -6.18070   -6.16279   -5.83731
   2361.92      5000   -5.20409   -6.26815   -6.14203   -6.11887   -5.85535
   2385.30     10000   -5.21819   -6.45389   -6.44493   -6.41724   -5.92489
   2408.69     15000   -5.29323   -6.59776   -6.58303   -6.57247   -5.99956
   2432.07     20000   -5.37508   -6.44391   -6.30419   -6.28389   -6.01715
   2455.46     25000   -5.37933   -6.48914   -6.38662   -6.36179   -6.05215
   2478.84     30000   -5.41589   -6.73808   -6.85364   -6.82908   -6.13518
   2502.22     35000   -5.50008   -6.70520   -6.59728   -6.58150   -6.18745
   2525.61     40000   -5.57048   -6.61055   -6.47590   -6.45378   -6.20052
   2548.99     45000   -5.56437   -6.74339   -6.68560   -6.65895   -6.25732
   2572.37     50000   -5.62504   -6.96873   -7.06185   -7.05332   -6.34015
   2595.75     55000   -5.70822   -6.82044   -6.68446   -6.66556   -6.36830
   2619.13     60000   -5.73133   -6.81057   -6.69158   -6.66780   -6.39162
   2642.51     65000   -5.75452   -7.02477   -7.05655   -7.02867   -6.46744
   2665.90     70000   -5.83561   -7.10421   -7.04303   -7.03024   -6.53476
   2689.28     75000   -5.91851   -6.96611   -6.82696   -6.80595   -6.54878
   2712.66     80000   -5.91183   -7.04408   -6.95490   -6.92941   -6.59175
   2736.04     85000   -5.95695   -7.29891   -7.44662   -7.42870   -6.67654
   2759.42     90000   -6.04149   -7.20925   -7.08626   -7.06914   -6.71933
   2782.80     95000   -6.09098   -7.14518   -7.01509   -6.99235   -6.73470
   2806.19    100000   -6.09793   -7.30990   -7.27842   -7.25108   -6.79932
   2829.57      5000   -6.16754   -7.49220   -7.51856   -7.50941   -6.87800
   2852.96     10000   -6.25025   -7.33486   -7.19584   -7.17608   -6.89924
   2876.34     15000   -6.26092   -7.35767   -7.24769   -7.22330   -6.92916
   2899.72     20000   -6.29246   -7.59533   -7.67650   -7.64971   -7.00986
   2923.10     25000   -6.37655   -7.60693   -7.51406   -7.49937   -7.06851
   2946.49     30000   -6.46091   -7.49293   -7.35595   -7.33427   -7.08120
   2969.87     35000   -6.44523   -7.60357   -7.53139   -7.50520   -7.13241
   2993.25     40000   -6.49917   -7.84754   -7.97866   -7.96794   -7.21680
   3016.63     45000   -6.58204   -7.71656   -7.58443   -7.56619   -7.25055
   3040.02     50000   -6.61560   -7.68446   -7.56041   -7.53706   -7.27009
   3063.40     55000   -6.63260   -7.87956   -7.88241   -7.85458   -7.34175
   3086.78     60000   -6.71006   -8.00389   -7.97275   -7.96146   -7.41427
   3110.16     65000   -6.79235   -7.85385   -7.71412   -7.69359   -7.43049
   3133.55     70000   -6.79305   -7.90941   -7.81078   -7.78574   -7.46796
   3156.93     75000   -6.83174   -8.16175   -8.29107   -8.26821   -7.55177
   3180.31     80000   -6.91699   -8.10962   -7.99615   -7.97993   -7.60104
   3203.69     85000   -6.97985   -8.02441   -7.89104   -7.86873   -7.61461
   3227.07     90000   -6.97846   -8.16741   -8.11718   -8.09031   -7.67394
   3250.45     95000   -7.04193   -8.38109   -8.45329   -8.44491   -7.75569
   3273.84    100000   -7.12420   -8.22793   -8.09070   -8.07152   -7.78148
   3297.22      5000   -7.14465   -8.22837   -8.11200   -8.08804   -7.80676
   3320.60     10000   -7.17009   -8.45067   -8.49730   -8.46957   -7.88429
   3343.98     15000   -7.25171   -8.50869   -8.43606   -8.42264   -7.94899
   3367.36     20000   -7.33537   -8.37749   -8.23887   -8.21764   -7.96235
   3390.75     25000   -7.32618   -8.46580   -8.38154   -8.35583   -8.00790
   3414.13     30000   -7.37339   -8.71921   -8.86776   -8.85237   -8.09281
   3437.51     35000   -7.45824   -8.61458   -8.48818   -8.47068   -8.13267
   3460.90     40000   -7.50163   -8.56051   -8.43216   -8.40923   -8.14916
   3484.28     45000   -7.51296   -8.73505   -8.71345   -8.68593   -8.21611
   3507.67     50000   -7.58480   -8.90037   -8.90693   -8.89716   -8.29305
   3531.05     55000   -7.66661   -8.74378   -8.60431   -8.58430   -8.31249
   3554.43     60000   -7.67431   -8.77693   -8.67025   -8.64566   -8.34471
   3577.81     65000   -7.70790   -9.02039   -9.11783   -9.09187   -8.42659
   3601.20     70000   -7.79203   -9.01108   -8.91068   -8.89548   -8.48232
   3624.58     75000   -7.87036   -8.90579   -8.76981   -8.74792   -8.49506
   3647.96     80000   -7.85869   -9.02670   -8.96085   -8.93444   -8.54886
   3671.34     85000   -7.91623   -9.26323   -9.37865   -9.36927   -8.63266
   3694.73     90000   -7.99898   -9.12311   -8.98900   -8.97045   -8.66375
MyID= 0: Time=  0.1,has convergenced
     1686582 iterations for the convertgence of psi
 MyID=           0 has finish
