 START-UP FOR CHUNK...
     23.42      5000   -0.55711   -2.00638   -1.89024   -1.80606   -1.28187
     46.74     10000   -0.66492   -2.17276   -1.74772   -1.81863   -1.45647
     70.08     15000   -0.61962   -2.27247   -1.64062   -1.69102   -1.44225
     93.40     20000   -0.52418   -2.07611   -1.53030   -1.52755   -1.35338
    116.73     25000   -0.45015   -1.67194   -1.46428   -1.44788   -1.25358
    140.05     30000   -0.40672   -1.66212   -1.58124   -1.56939   -1.20164
    163.37     35000   -0.44691   -1.95272   -1.83932   -1.97047   -1.31797
    186.71     40000   -0.63609   -1.90361   -1.82059   -1.80188   -1.42818
    210.05     45000   -0.83604   -1.92491   -1.79192   -1.81422   -1.52067
    233.38     50000   -0.92107   -2.19330   -2.09968   -2.06939   -1.64349
    256.72     55000   -1.00266   -2.38909   -2.40550   -2.41175   -1.76741
    280.06     60000   -1.09519   -2.31277   -2.09364   -2.11083   -1.79842
    303.40     65000   -1.13269   -2.15753   -2.03180   -2.00314   -1.77447
    326.74     70000   -1.10208   -2.28089   -2.21802   -2.16753   -1.80255
    350.06     75000   -1.15132   -2.54747   -2.61995   -2.51976   -1.89321
    373.38     80000   -1.27378   -2.38614   -2.31821   -2.27474   -1.95344
    396.71     85000   -1.37567   -2.37533   -2.26384   -2.25427   -1.98867
    420.03     90000   -1.38768   -2.60225   -2.52510   -2.50433   -2.06513
    443.35     95000   -1.45686   -2.79097   -2.89309   -2.83062   -2.16893
    466.66    100000   -1.56175   -2.64720   -2.50593   -2.51446   -2.21288
 ITERATION...
    489.97      5000   -1.58510   -2.61585   -2.48476   -2.46913   -2.21746
    513.29     10000   -1.58734   -2.81396   -2.75950   -2.69685   -2.27213
    536.60     15000   -1.65385   -3.03245   -3.07019   -3.00807   -2.36692
    559.92     20000   -1.76991   -2.83585   -2.72483   -2.70017   -2.41569
    583.26     25000   -1.79879   -2.84897   -2.73412   -2.70994   -2.44300
    606.59     30000   -1.83259   -3.10263   -3.05725   -3.01231   -2.51791
    629.90     35000   -1.91057   -3.21854   -3.23300   -3.18576   -2.61323
    653.22     40000   -2.01398   -3.04515   -2.92198   -2.91636   -2.64849
    676.54     45000   -2.01269   -3.08279   -2.95947   -2.94414   -2.66743
    699.86     50000   -2.04545   -3.34385   -3.32767   -3.25840   -2.74007
    723.19     55000   -2.13179   -3.42417   -3.38792   -3.36607   -2.83111
    746.51     60000   -2.23757   -3.26343   -3.13802   -3.12398   -2.86478
    769.84     65000   -2.23602   -3.32794   -3.21519   -3.18735   -2.89531
    793.16     70000   -2.27884   -3.62574   -3.64050   -3.56108   -2.97832
    816.51     75000   -2.37464   -3.61920   -3.55562   -3.53010   -3.06470
    839.85     80000   -2.47028   -3.47341   -3.35028   -3.33688   -3.08964
    863.17     85000   -2.45468   -3.56471   -3.45389   -3.43152   -3.12131
    886.49     90000   -2.50103   -3.86917   -3.92775   -3.83281   -3.20674
    909.82     95000   -2.60466   -3.80638   -3.72732   -3.71372   -3.28739
    933.16    100000   -2.69808   -3.69689   -3.56994   -3.55764   -3.31016
    956.49      5000   -2.67981   -3.81641   -3.71380   -3.68372   -3.35031
    979.81     10000   -2.73130   -4.13424   -4.23197   -4.11908   -3.44145
   1003.14     15000   -2.84186   -4.00814   -3.90710   -3.89315   -3.51489
   1026.46     20000   -2.92812   -3.91727   -3.79220   -3.77596   -3.53340
   1049.77     25000   -2.90520   -4.06246   -3.96787   -3.93605   -3.57867
   1073.11     30000   -2.96053   -4.36798   -4.48928   -4.37176   -3.67206
   1096.48     35000   -3.07373   -4.20084   -4.09634   -4.08390   -3.73788
   1119.85     40000   -3.13454   -4.14406   -4.01908   -4.00423   -3.75593
   1143.18     45000   -3.13116   -4.31880   -4.23532   -4.19905   -3.80886
   1166.51     50000   -3.19297   -4.59685   -4.69698   -4.60227   -3.90456
   1189.83     55000   -3.30642   -4.40498   -4.28783   -4.27729   -3.96211
   1213.17     60000   -3.34518   -4.37298   -4.24880   -4.23086   -3.97975
   1236.50     65000   -3.35852   -4.57452   -4.50488   -4.46149   -4.03918
   1259.83     70000   -3.42471   -4.80995   -4.86856   -4.79599   -4.13501
   1283.15     75000   -3.53713   -4.60808   -4.48929   -4.47719   -4.18439
   1306.48     80000   -3.55871   -4.60532   -4.48392   -4.46534   -4.20397
   1329.80     85000   -3.58365   -4.83591   -4.78513   -4.73583   -4.27056
   1353.13     90000   -3.65900   -5.00839   -5.01750   -4.97192   -4.36545
   1376.49     95000   -3.76842   -4.81619   -4.69174   -4.68088   -4.40693
   1399.86    100000   -3.77579   -4.84090   -4.72110   -4.70054   -4.42921
   1423.21      5000   -3.80964   -5.09805   -5.07141   -5.01040   -4.50223
   1446.54     10000   -3.89365   -5.20448   -5.17401   -5.14219   -4.59439
   1469.87     15000   -3.99885   -5.02789   -4.90225   -4.88986   -4.62872
   1493.20     20000   -3.99597   -5.08000   -4.96466   -4.94190   -4.65519
   1516.51     25000   -4.03599   -5.36247   -5.36833   -5.29522   -4.73444
   1539.83     30000   -4.12923   -5.39402   -5.33367   -5.31156   -4.82254
   1563.14     35000   -4.22854   -5.24198   -5.11442   -5.10197   -4.85075
   1586.49     40000   -4.21715   -5.32197   -5.21041   -5.18562   -4.88215
   1609.82     45000   -4.26308   -5.62361   -5.66938   -5.57839   -4.96678
   1633.14     50000   -4.36435   -5.58604   -5.50481   -5.48803   -5.04932
   1656.46     55000   -4.45854   -5.46057   -5.33274   -5.31918   -5.07267
   1679.80     60000   -4.44065   -5.56810   -5.46305   -5.43510   -5.10994
   1703.13     65000   -4.48984   -5.88094   -5.96964   -5.86161   -5.19921
   1726.46     70000   -4.59927   -5.77871   -5.68191   -5.66809   -5.27514
   1749.78     75000   -4.68820   -5.68136   -5.55347   -5.53899   -5.29508
   1773.11     80000   -4.66575   -5.81697   -5.71900   -5.68788   -5.33869
   1796.44     85000   -4.72014   -6.12642   -6.24510   -6.12690   -5.43141
   1819.77     90000   -4.83265   -5.97482   -5.86802   -5.85587   -5.49975
   1843.09     95000   -4.90130   -5.90625   -5.77928   -5.76372   -5.51781
   1866.41    100000   -4.89191   -6.07017   -5.98241   -5.94692   -5.56821
   1889.72      5000   -4.95201   -6.35918   -6.47114   -6.36552   -5.66326
   1913.04     10000   -5.06476   -6.17405   -6.05916   -6.04781   -5.72354
   1936.37     15000   -5.11053   -6.13374   -6.00794   -5.99102   -5.74125
   1959.69     20000   -5.11880   -6.32617   -6.25086   -6.21003   -5.79858
   1983.02     25000   -5.18320   -6.57596   -6.65013   -6.56985   -5.89447
   2006.34     30000   -5.29631   -6.37697   -6.25731   -6.24608   -5.94647
   2029.65     35000   -5.32306   -6.36495   -6.24131   -6.22302   -5.96530
   2052.98     40000   -5.34436   -6.58599   -6.52788   -6.48017   -6.02958
   2076.33     45000   -5.41673   -6.78006   -6.80364   -6.75039   -6.12492
   2099.67     50000   -5.52766   -6.58330   -6.45959   -6.44831   -6.16891
   2122.99     55000   -5.53945   -6.59908   -6.47790   -6.45788   -6.19022
   2146.33     60000   -5.57074   -6.84794   -6.81195   -6.75494   -6.26121
   2169.68     65000   -5.65140   -6.97579   -6.95692   -6.92098   -6.35438
   2193.02     70000   -5.75874   -6.79337   -6.66756   -6.65575   -6.39092
   2216.37     75000   -5.75823   -6.83683   -6.71929   -6.69738   -6.41593
   2239.70     80000   -5.79728   -7.11169   -7.10559   -7.03653   -6.49323
   2263.03     85000   -5.88664   -7.16710   -7.11481   -7.09030   -6.58278
   2286.39     90000   -5.98854   -7.00668   -6.87918   -6.86682   -6.61285
   2309.74     95000   -5.97964   -7.07772   -6.96438   -6.94021   -6.64259
   2333.09    100000   -6.02311   -7.37429   -7.40579   -7.32071   -6.72557
   2356.45      5000   -6.12185   -7.35807   -7.28251   -7.26419   -6.81002
   2379.80     10000   -6.21821   -7.22362   -7.09562   -7.08241   -6.83479
   2403.16     15000   -6.20202   -7.32232   -7.21471   -7.18789   -6.87010
   2426.51     20000   -6.25012   -7.63302   -7.70799   -7.60499   -6.95797
   2449.87     25000   -6.35686   -7.55017   -7.45758   -7.44306   -7.03613
   2473.19     30000   -6.44739   -7.44366   -7.31551   -7.30140   -7.05702
   2496.51     35000   -6.42642   -7.57023   -7.46956   -7.43953   -7.09855
   2519.83     40000   -6.47912   -7.88282   -7.99423   -7.87748   -7.19028
   2543.15     45000   -6.59130   -7.74517   -7.64099   -7.62840   -7.26112
   2566.46     50000   -6.66856   -7.66719   -7.53976   -7.52454   -7.27963
   2589.80     55000   -6.65333   -7.82195   -7.73051   -7.69652   -7.32782
   2613.13     60000   -6.71088   -8.11984   -8.23824   -8.12606   -7.42225
   2636.46     65000   -6.82389   -7.94323   -7.83052   -7.81899   -7.48516
   2659.79     70000   -6.87623   -7.89380   -7.76746   -7.75102   -7.50283
   2683.12     75000   -6.87889   -8.07702   -7.99723   -7.95828   -7.55792
   2706.46     80000   -6.94193   -8.34152   -8.42993   -8.34085   -7.65370
   2729.79     85000   -7.05580   -8.14497   -8.02652   -8.01531   -7.70835
   2753.12     90000   -7.08791   -8.12381   -7.99934   -7.98150   -7.72667
   2776.46     95000   -7.10558   -8.33564   -8.27143   -8.22611   -7.78873
   2799.79    100000   -7.17507   -8.54931   -8.58878   -8.52764   -7.88441
   2823.12      5000   -7.28745   -8.35016   -8.22750   -8.21627   -7.93093
   2846.45     10000   -7.30290   -8.35696   -8.23486   -8.21543   -7.95131
   2869.78     15000   -7.33176   -8.59696   -8.55312   -8.49940   -8.02017
   2893.10     20000   -7.40951   -8.74710   -8.74075   -8.70006   -8.11420
   2916.42     25000   -7.51795   -8.55903   -8.43370   -8.42209   -8.15306
   2939.72     30000   -7.52094   -8.59355   -8.47469   -8.45343   -8.17676
   2963.01     35000   -7.55764   -8.86033   -8.84372   -8.77889   -8.25208
   2986.32     40000   -7.64458   -8.93942   -8.89665   -8.86911   -8.34296
   3009.64     45000   -7.74820   -8.77129   -8.64416   -8.63200   -8.37499
   3032.97     50000   -7.74245   -8.83341   -8.71856   -8.69515   -8.40311
   3056.28     55000   -7.78354   -9.12360   -9.14210   -9.06257   -8.48433
   3079.60     60000   -7.87976   -9.13017   -9.06121   -9.04124   -8.57057
   3102.92     65000   -7.97740   -8.98705   -8.85908   -8.84617   -8.59690
   3126.24     70000   -7.96356   -9.07680   -8.96717   -8.94125   -8.63034
MyID= 0: Time=  0.1,has convergenced
     1683955 iterations for the convertgence of psi
 MyID=           0 has finish
