 START-UP FOR CHUNK...
     23.43      5000   -0.68314   -2.04639   -2.36813   -3.19850   -1.29230
     46.77     10000   -0.97971   -2.11272   -2.69800   -3.39051   -1.54713
     70.11     15000   -1.14961   -2.19034   -2.71601   -3.62266   -1.69612
     93.46     20000   -1.28515   -2.67881   -2.66505   -3.58356   -1.81951
    116.80     25000   -1.38511   -3.56193   -3.29514   -3.52401   -1.92081
    140.14     30000   -1.44967   -2.80841   -2.86532   -3.29838   -1.99952
    163.48     35000   -1.48818   -2.55529   -2.97251   -3.05675   -2.07168
    186.82     40000   -1.50098   -2.61022   -2.74783   -2.80018   -2.13975
    210.16     45000   -1.45496   -2.86467   -2.48456   -2.52756   -2.15625
    233.50     50000   -1.31941   -2.65718   -2.21139   -2.24653   -2.02606
    256.84     55000   -1.10292   -2.36925   -1.92184   -1.96089   -1.77820
    280.19     60000   -0.82280   -2.07943   -1.64697   -1.67576   -1.49684
    303.53     65000   -0.50758   -1.77055   -1.42950   -1.41666   -1.22757
    326.87     70000   -0.26167   -1.48818   -1.32117   -1.31379   -1.03700
    350.21     75000   -0.19419   -1.64164   -1.42087   -1.44524   -1.01943
    373.55     80000   -0.32966   -1.67665   -1.45311   -1.40344   -1.11099
    396.90     85000   -0.60538   -1.74259   -1.58093   -1.51151   -1.28329
    420.24     90000   -0.69310   -2.02647   -1.92215   -1.86487   -1.44463
    443.58     95000   -0.76544   -2.11324   -1.82605   -1.81772   -1.46298
    466.93    100000   -0.75964   -1.86945   -1.61798   -1.61695   -1.37399
 ITERATION...
    490.27      5000   -0.66675   -1.79698   -1.67724   -1.69706   -1.34993
    513.61     10000   -0.68329   -2.12638   -1.94614   -1.96601   -1.42306
    536.96     15000   -0.79887   -2.00193   -1.83062   -1.78382   -1.49674
    560.30     20000   -0.92024   -2.02332   -1.89715   -1.86843   -1.59734
    583.64     25000   -0.97857   -2.27668   -2.28757   -2.27635   -1.71217
    606.98     30000   -1.04184   -2.33172   -2.13904   -2.12486   -1.73759
    630.33     35000   -1.07426   -2.14349   -1.97937   -1.96148   -1.70923
    653.67     40000   -1.02588   -2.18327   -2.13133   -2.13348   -1.73648
    677.01     45000   -1.07328   -2.47584   -2.39408   -2.40271   -1.80400
    700.36     50000   -1.17267   -2.30674   -2.14344   -2.11326   -1.83939
    723.70     55000   -1.22097   -2.31688   -2.20060   -2.18260   -1.90291
    747.04     60000   -1.26704   -2.56354   -2.58613   -2.59937   -1.99640
    770.38     65000   -1.33378   -2.61881   -2.43882   -2.41847   -2.02858
    793.73     70000   -1.38529   -2.44942   -2.29522   -2.27567   -2.02284
    817.07     75000   -1.35617   -2.52006   -2.47097   -2.47026   -2.06861
    840.41     80000   -1.41042   -2.79526   -2.73743   -2.74334   -2.13638
    863.76     85000   -1.49803   -2.63141   -2.46062   -2.43414   -2.16011
    887.10     90000   -1.52685   -2.61826   -2.50400   -2.48606   -2.20762
    910.44     95000   -1.56308   -2.85213   -2.87868   -2.89141   -2.29278
    933.78    100000   -1.63166   -2.92331   -2.74834   -2.72676   -2.32939
    957.13      5000   -1.69606   -2.75744   -2.60427   -2.58319   -2.33246
    980.47     10000   -1.67370   -2.83592   -2.78082   -2.77681   -2.38493
   1003.81     15000   -1.72890   -3.10860   -3.07045   -3.07712   -2.45400
   1027.15     20000   -1.81033   -2.95252   -2.77766   -2.75210   -2.47322
   1050.50     25000   -1.83315   -2.92090   -2.80442   -2.78687   -2.51162
   1073.84     30000   -1.86302   -3.14069   -3.16349   -3.17640   -2.59255
   1097.18     35000   -1.93243   -3.23379   -3.06484   -3.04335   -2.63324
   1120.53     40000   -2.00687   -3.06567   -2.91117   -2.88963   -2.64004
   1143.87     45000   -1.98581   -3.14100   -3.07939   -3.07279   -2.69444
   1167.21     50000   -2.03997   -3.41609   -3.39682   -3.40683   -2.76532
   1190.55     55000   -2.11826   -3.27188   -3.09432   -3.06903   -2.78340
   1213.90     60000   -2.14094   -3.22450   -3.10508   -3.08713   -2.81605
   1237.24     65000   -2.16484   -3.43172   -3.44724   -3.45932   -2.89445
   1260.59     70000   -2.23541   -3.54812   -3.38548   -3.36414   -2.93873
   1283.93     75000   -2.31759   -3.37487   -3.21830   -3.19628   -2.94701
   1307.27     80000   -2.29519   -3.44230   -3.37418   -3.36595   -3.00108
   1330.61     85000   -2.34830   -3.71841   -3.71762   -3.73175   -3.07372
   1353.95     90000   -2.42338   -3.59040   -3.41084   -3.38584   -3.09234
   1377.30     95000   -2.44996   -3.52898   -3.40623   -3.38787   -3.12098
   1400.64    100000   -2.46855   -3.72386   -3.73162   -3.74182   -3.19753
   1423.98      5000   -2.53792   -3.86413   -3.70833   -3.68782   -3.24511
   1447.32     10000   -2.62700   -3.68514   -3.52616   -3.50363   -3.25390
   1470.66     15000   -2.60290   -3.74266   -3.66835   -3.65867   -3.30652
   1494.01     20000   -2.65381   -4.01823   -4.03309   -4.05137   -3.38070
   1517.35     25000   -2.72753   -3.90856   -3.72767   -3.70278   -3.40073
   1540.69     30000   -2.75822   -3.83430   -3.70798   -3.68924   -3.42629
   1564.03     35000   -2.77374   -4.01700   -4.01664   -4.02468   -3.50123
   1587.38     40000   -2.84174   -4.17997   -4.03267   -4.01342   -3.55191
   1610.72     45000   -2.93140   -3.99625   -3.83475   -3.81186   -3.56088
   1634.06     50000   -2.91079   -4.04287   -3.96280   -3.95187   -3.61146
   1657.40     55000   -2.95935   -4.31613   -4.34338   -4.36528   -3.68693
   1680.74     60000   -3.03162   -4.22668   -4.04496   -4.02014   -3.70888
   1704.09     65000   -3.06665   -4.14024   -4.01040   -3.99121   -3.73187
   1727.43     70000   -3.07896   -4.31101   -4.30236   -4.30812   -3.80524
   1750.78     75000   -3.14661   -4.49514   -4.35809   -4.34039   -3.85888
   1774.12     80000   -3.23554   -4.30806   -4.14409   -4.12090   -3.86798
   1797.46     85000   -3.21917   -4.34332   -4.25783   -4.24584   -3.91623
   1820.80     90000   -3.26457   -4.61246   -4.64868   -4.67323   -3.99272
   1844.14     95000   -3.33629   -4.54491   -4.36284   -4.33812   -4.01689
   1867.49    100000   -3.37588   -4.44670   -4.31343   -4.29381   -4.03764
   1890.83      5000   -3.38497   -4.60562   -4.58880   -4.59230   -4.10939
   1914.17     10000   -3.45238   -4.80926   -4.68420   -4.66843   -4.16587
   1937.51     15000   -3.53801   -4.62053   -4.45417   -4.43070   -4.17521
   1960.86     20000   -3.52713   -4.64421   -4.55359   -4.54064   -4.22096
   1984.20     25000   -3.56921   -4.90769   -4.94927   -4.97530   -4.29823
   2007.54     30000   -3.64027   -4.86333   -4.68142   -4.65683   -4.32484
   2030.88     35000   -3.68574   -4.75370   -4.61708   -4.59703   -4.34357
   2054.22     40000   -3.69180   -4.90076   -4.87599   -4.87736   -4.41359
   2077.57     45000   -3.75736   -5.12194   -5.01069   -4.99728   -4.47280
   2100.91     50000   -3.84109   -4.93362   -4.76494   -4.74123   -4.48254
   2124.25     55000   -3.83485   -4.94559   -4.85009   -4.83627   -4.52573
   2147.59     60000   -3.87445   -5.20211   -5.24569   -5.27195   -4.60351
   2170.93     65000   -3.94391   -5.18197   -5.00076   -4.97635   -4.63273
   2194.28     70000   -3.99544   -5.06122   -4.92135   -4.90089   -4.64965
   2217.62     75000   -3.99740   -5.19645   -5.16396   -5.16334   -4.71782
   2240.96     80000   -4.06233   -5.43293   -5.33722   -5.32665   -4.77962
   2264.30     85000   -4.14491   -5.24730   -5.07641   -5.05247   -4.78998
   2287.65     90000   -4.14260   -5.24750   -5.14732   -5.13271   -4.83057
   2310.99     95000   -4.17871   -5.49595   -5.53857   -5.56394   -4.90863
   2334.34    100000   -4.24826   -5.50078   -5.32090   -5.29675   -4.94059
   2357.68      5000   -4.30590   -5.36928   -5.22623   -5.20538   -4.95588
   2381.02     10000   -4.30327   -5.49266   -5.45275   -5.45030   -5.02206
   2404.37     15000   -4.36722   -5.74206   -5.66338   -5.65616   -5.08631
   2427.71     20000   -4.44764   -5.56155   -5.38857   -5.36444   -5.09751
   2451.05     25000   -4.45044   -5.54995   -5.44529   -5.42994   -5.13550
   2474.39     30000   -4.48369   -5.78944   -5.82866   -5.85225   -5.21360
   2497.73     35000   -4.55333   -5.81966   -5.64186   -5.61807   -5.24840
   2521.07     40000   -4.61714   -5.67786   -5.53174   -5.51050   -5.26223
   2544.41     45000   -4.60986   -5.78941   -5.74239   -5.73826   -5.32631
   2567.75     50000   -4.67235   -6.04919   -5.98866   -5.98533   -5.39286
   2591.10     55000   -4.75020   -5.87636   -5.70143   -5.67713   -5.40512
   2614.44     60000   -4.75861   -5.85293   -5.74397   -5.72793   -5.44054
   2637.78     65000   -4.78814   -6.08275   -6.11669   -6.13787   -5.51844
   2661.12     70000   -4.85853   -6.13851   -5.96367   -5.94033   -5.55615
   2684.46     75000   -4.92803   -5.98699   -5.83786   -5.81627   -5.56872
   2707.80     80000   -4.91717   -6.08669   -6.03288   -6.02720   -5.63059
   2731.15     85000   -4.97702   -6.35429   -6.31248   -6.31353   -5.69925
   2754.49     90000   -5.05352   -6.19170   -6.01500   -5.99054   -5.71280
   2777.83     95000   -5.06629   -6.15646   -6.04335   -6.02666   -5.74569
   2801.17    100000   -5.09301   -6.37603   -6.40333   -6.42175   -5.82317
   2824.51      5000   -5.16308   -6.45720   -6.28632   -6.26357   -5.86383
   2847.86     10000   -5.23964   -6.29665   -6.14461   -6.12267   -5.87534
   2871.20     15000   -5.22432   -6.38452   -6.32421   -6.31712   -5.93489
   2894.54     20000   -5.28145   -6.65739   -6.63413   -6.63995   -6.00549
   2917.88     25000   -5.35758   -6.50758   -6.32928   -6.30471   -6.02053
   2941.22     30000   -5.37469   -6.46053   -6.34341   -6.32612   -6.05095
   2964.56     35000   -5.39799   -6.66940   -6.68916   -6.70467   -6.12779
   2987.90     40000   -5.46837   -6.77554   -6.60980   -6.58781   -6.17144
   3011.24     45000   -5.55088   -6.60686   -6.45199   -6.42972   -6.18209
   3034.58     50000   -5.53220   -6.68290   -6.61640   -6.60801   -6.23924
   3057.93     55000   -5.58661   -6.95858   -6.95290   -6.96366   -6.31156
   3081.27     60000   -5.66176   -6.82396   -6.64429   -6.61963   -6.32832
   3104.61     65000   -5.68384   -6.76513   -6.64415   -6.62629   -6.35634
   3127.95     70000   -5.70292   -6.96298   -6.97465   -6.98724   -6.43233
   3151.29     75000   -5.77296   -7.09336   -6.93408   -6.91304   -6.47896
   3174.64     80000   -5.86138   -6.91761   -6.75999   -6.73742   -6.48895
   3197.98     85000   -5.83891   -6.98183   -6.90941   -6.89983   -6.54364
   3221.32     90000   -5.89131   -7.25803   -7.26811   -7.28366   -6.61747
   3244.66     95000   -5.96488   -7.14083   -6.96006   -6.93534   -6.63615
   3268.00    100000   -5.99289   -7.07027   -6.94556   -6.92716   -6.66185
   3291.35      5000   -6.00858   -7.25683   -7.26016   -7.26994   -6.73679
   3314.69     10000   -6.07716   -7.41043   -7.25911   -7.23925   -6.78638
   3338.03     15000   -6.16756   -7.22891   -7.06863   -7.04576   -6.79594
   3361.37     20000   -6.14606   -7.28131   -7.20324   -7.19257   -6.84809
   3384.71     25000   -6.19592   -7.55592   -7.57919   -7.59901   -6.92322
   3408.05     30000   -6.26842   -7.45817   -7.27658   -7.25185   -6.94400
   3431.40     35000   -6.30110   -7.37595   -7.24762   -7.22871   -6.96749
   3454.74     40000   -6.31436   -7.55103   -7.54597   -7.55308   -7.04118
   3478.08     45000   -6.38209   -7.72653   -7.58480   -7.56640   -7.09369
   3501.42     50000   -6.47228   -7.54076   -7.37790   -7.35476   -7.10304
   3524.76     55000   -6.45394   -7.58134   -7.49788   -7.48619   -7.15261
   3548.10     60000   -6.50125   -7.85250   -7.88581   -7.90898   -7.22881
   3571.44     65000   -6.57261   -7.77592   -7.59389   -7.56919   -7.25188
   3594.78     70000   -6.61006   -7.68216   -7.55032   -7.53093   -7.27326
   3618.12     75000   -6.62025   -7.84563   -7.83227   -7.83690   -7.34552
   3641.46     80000   -6.68774   -8.04142   -7.91102   -7.89442   -7.40088
   3664.80     85000   -6.77499   -7.85316   -7.68782   -7.66443   -7.41025
   3688.14     90000   -6.76234   -7.88192   -7.79330   -7.78067   -7.45721
   3711.48     95000   -6.80549   -8.14799   -8.18794   -8.21327   -7.53424
   3734.82    100000   -6.87717   -8.09405   -7.91200   -7.88738   -7.55975
   3758.16      5000   -6.91976   -7.98890   -7.85367   -7.83382   -7.57917
   3781.50     10000   -6.92687   -8.14068   -8.11921   -8.12155   -7.64982
   3804.84     15000   -6.99351   -8.35486   -8.23760   -8.22319   -7.70794
   3828.19     20000   -7.07778   -8.16612   -7.99840   -7.97476   -7.71757
   3851.53     25000   -7.06971   -8.18305   -8.08949   -8.07599   -7.76190
   3874.86     30000   -7.11041   -8.44263   -8.48584   -8.51201   -7.83952
   3898.21     35000   -7.18046   -8.41250   -8.23092   -8.20644   -7.86762
   3921.20     40000   -7.22944   -8.29619   -8.15765   -8.13737   -7.88521
   3944.53     45000   -7.23324   -8.43620   -8.40688   -8.40711   -7.95410
   3967.37     50000   -7.29822   -8.66665   -8.56428   -8.55249   -8.01486
   3989.91     55000   -7.38131   -8.47962   -8.30963   -8.28577   -8.02498
   4012.44     60000   -7.37768   -8.48473   -8.38643   -8.37212   -8.06668
   4035.01     65000   -7.41500   -8.73665   -8.78001   -8.80580   -8.14467
   4057.31     70000   -7.48449   -8.73118   -8.55067   -8.52641   -8.17547
   4079.04     75000   -7.53959   -8.60401   -8.46226   -8.44157   -8.19138
   4100.79     80000   -7.53882   -8.73222   -8.69534   -8.69365   -8.25836
   4122.98     85000   -7.60338   -8.97659   -8.89071   -8.88206   -8.32163
   4144.99     90000   -7.68487   -8.79367   -8.62153   -8.59747   -8.33248
   4166.77     95000   -7.68522   -8.78695   -8.68410   -8.66904   -8.37156
   4188.04    100000   -7.71966   -9.03024   -9.07112   -9.09550   -8.44967
   4209.04      5000   -7.78925   -9.05001   -8.87126   -8.84731   -8.48328
   4230.05     10000   -7.85051   -8.91236   -8.76749   -8.74642   -8.49768
   4251.06     15000   -7.84513   -9.02875   -8.98463   -8.98118   -8.56263
   4272.10     20000   -7.90821   -9.28457   -9.21645   -9.21147   -8.62826
   4293.12     25000   -7.98713   -9.10826   -8.93412   -8.90988   -8.64006
MyID= 0: Time=  0.1,has convergenced
     1684387 iterations for the convertgence of psi
 MyID=           0 has finish
