 START-UP FOR CHUNK...
     23.41      5000   -0.54326   -1.99642   -1.84317   -1.75545   -1.27870
     46.75     10000   -0.63447   -2.18396   -1.69762   -1.77191   -1.43894
     70.08     15000   -0.58119   -2.24117   -1.59605   -1.64952   -1.41336
     93.41     20000   -0.49117   -2.01233   -1.50611   -1.49688   -1.32667
    116.75     25000   -0.42845   -1.63816   -1.46363   -1.45036   -1.23672
    140.09     30000   -0.40176   -1.72737   -1.64813   -1.63289   -1.21297
    163.43     35000   -0.46398   -1.95418   -1.82059   -1.95425   -1.34987
    186.76     40000   -0.67645   -1.90682   -1.80939   -1.79458   -1.45769
    210.10     45000   -0.88571   -1.97049   -1.83003   -1.85437   -1.55855
    233.43     50000   -0.94774   -2.27686   -2.17498   -2.15086   -1.68293
    256.77     55000   -1.02617   -2.41399   -2.36510   -2.37535   -1.80389
    280.11     60000   -1.12590   -2.32681   -2.10283   -2.12413   -1.83087
    303.44     65000   -1.17048   -2.19862   -2.07178   -2.04567   -1.81367
    326.77     70000   -1.14179   -2.34884   -2.28012   -2.23199   -1.85034
    350.11     75000   -1.19638   -2.61930   -2.63737   -2.53762   -1.94824
    373.44     80000   -1.32889   -2.43913   -2.36348   -2.31795   -2.01101
    396.77     85000   -1.43801   -2.42515   -2.31708   -2.30779   -2.04660
    420.11     90000   -1.43941   -2.66011   -2.56726   -2.55364   -2.12058
    443.44     95000   -1.50936   -2.87229   -2.95721   -2.87074   -2.22819
    466.77    100000   -1.62690   -2.72343   -2.57983   -2.59088   -2.28368
 ITERATION...
    490.10      5000   -1.67255   -2.68257   -2.54442   -2.53509   -2.29106
    513.44     10000   -1.65890   -2.86390   -2.78365   -2.73113   -2.34063
    536.77     15000   -1.72174   -3.15085   -3.19359   -3.09522   -2.43923
    560.11     20000   -1.84820   -2.94373   -2.83228   -2.80640   -2.50247
    583.44     25000   -1.90160   -2.91348   -2.79811   -2.77608   -2.52718
    606.78     30000   -1.91513   -3.12786   -3.04400   -3.01342   -2.59044
    630.11     35000   -1.98223   -3.37216   -3.44146   -3.34092   -2.69208
    653.44     40000   -2.10460   -3.17169   -3.05289   -3.04798   -2.75073
    676.78     45000   -2.13430   -3.15558   -3.02319   -3.01620   -2.76650
    700.12     50000   -2.14345   -3.36230   -3.27704   -3.23503   -2.82309
    723.45     55000   -2.21132   -3.62175   -3.66134   -3.57632   -2.92225
    746.78     60000   -2.33526   -3.41586   -3.29176   -3.28016   -2.98191
    770.11     65000   -2.36819   -3.39730   -3.27471   -3.25412   -3.00338
    793.45     70000   -2.38740   -3.61496   -3.53846   -3.49500   -3.06591
    816.78     75000   -2.45758   -3.86355   -3.89062   -3.80433   -3.16622
    840.12     80000   -2.58002   -3.64014   -3.52113   -3.50875   -3.22276
    863.45     85000   -2.60239   -3.63116   -3.50536   -3.49352   -3.24153
    886.79     90000   -2.62216   -3.85422   -3.77434   -3.73467   -3.30281
    910.12     95000   -2.69263   -4.08669   -4.11385   -4.03669   -3.40218
    933.45    100000   -2.81642   -3.87988   -3.75489   -3.74716   -3.45784
    956.79      5000   -2.83759   -3.87634   -3.75153   -3.73477   -3.47870
    980.12     10000   -2.86273   -4.10489   -4.03516   -3.98687   -3.54314
   1003.46     15000   -2.93431   -4.33447   -4.33199   -4.26423   -3.64306
   1026.79     20000   -3.05767   -4.11168   -3.98662   -3.97422   -3.69640
   1050.13     25000   -3.07232   -4.11096   -3.98765   -3.97167   -3.71666
   1073.46     30000   -3.09980   -4.34600   -4.27570   -4.23135   -3.78168
   1096.79     35000   -3.17246   -4.55529   -4.56056   -4.49183   -3.88094
   1120.12     40000   -3.29534   -4.34578   -4.22097   -4.21209   -3.93270
   1143.46     45000   -3.30777   -4.35451   -4.23069   -4.21522   -3.95400
   1166.79     50000   -3.33845   -4.59545   -4.53342   -4.48320   -4.02113
   1190.13     55000   -3.41318   -4.79439   -4.77434   -4.71957   -4.12062
   1213.46     60000   -3.53535   -4.58118   -4.45212   -4.44161   -4.17048
   1236.79     65000   -3.54304   -4.59230   -4.46932   -4.45174   -4.19196
   1260.13     70000   -3.57590   -4.83901   -4.77891   -4.72801   -4.26030
   1283.46     75000   -3.65273   -5.02204   -5.00395   -4.94592   -4.35917
   1306.79     80000   -3.77411   -4.81433   -4.68808   -4.67779   -4.40719
   1330.13     85000   -3.77903   -4.83395   -4.71185   -4.69550   -4.42946
   1353.46     90000   -3.81373   -5.08745   -5.03430   -4.98102   -4.49953
   1376.79     95000   -3.89304   -5.25276   -5.21866   -5.17208   -4.59833
   1400.13    100000   -4.01400   -5.04947   -4.91896   -4.90944   -4.64466
   1423.46      5000   -4.01479   -5.07374   -4.95109   -4.93315   -4.66745
   1446.79     10000   -4.05181   -5.33284   -5.28293   -5.22604   -4.73890
   1470.13     15000   -4.13261   -5.48440   -5.44678   -5.39917   -4.83706
   1493.46     20000   -4.25224   -5.28387   -5.15564   -5.14496   -4.88151
   1516.79     25000   -4.25121   -5.31484   -5.19416   -5.17637   -4.90508
   1540.12     30000   -4.29001   -5.58098   -5.53781   -5.47952   -4.97815
   1563.46     35000   -4.37286   -5.71213   -5.66407   -5.62380   -5.07598
   1586.79     40000   -4.49149   -5.51805   -5.38719   -5.37762   -5.11884
   1610.12     45000   -4.48745   -5.55524   -5.43365   -5.41530   -5.14312
   1633.45     50000   -4.52851   -5.82713   -5.78795   -5.72546   -5.21758
   1656.79     55000   -4.61297   -5.94378   -5.89086   -5.85159   -5.31469
   1680.12     60000   -4.73022   -5.75352   -5.62385   -5.61333   -5.35574
   1703.45     65000   -4.72408   -5.79666   -5.67720   -5.65820   -5.38088
   1726.78     70000   -4.76695   -6.07539   -6.04338   -5.97877   -5.45689
   1750.11     75000   -4.85360   -6.17173   -6.11032   -6.07576   -5.55347
   1773.45     80000   -4.96984   -5.98749   -5.85642   -5.84648   -5.59299
   1796.78     85000   -4.96029   -6.03719   -5.91720   -5.89804   -5.61899
   1820.11     90000   -5.00476   -6.32174   -6.29438   -6.22583   -5.69636
   1843.44     95000   -5.09358   -6.40215   -6.33673   -6.30371   -5.79209
   1866.78    100000   -5.20843   -6.22335   -6.09296   -6.08256   -5.82991
   1890.11      5000   -5.19702   -6.27905   -6.16096   -6.14101   -5.85685
   1913.44     10000   -5.24268   -6.57007   -6.55048   -6.47886   -5.93572
   1936.77     15000   -5.33386   -6.63084   -6.55773   -6.52826   -6.03075
   1960.11     20000   -5.44719   -6.45775   -6.32645   -6.31618   -6.06711
   1983.44     25000   -5.43369   -6.51982   -6.40169   -6.38146   -6.09503
   2006.77     30000   -5.48089   -6.81648   -6.80236   -6.72679   -6.17522
   2030.11     35000   -5.57408   -6.86053   -6.78439   -6.75617   -6.26925
   2053.46     40000   -5.68568   -6.69371   -6.56302   -6.55255   -6.30404
   2076.81     45000   -5.67081   -6.76200   -6.64558   -6.62469   -6.33301
   2100.15     50000   -5.71923   -7.06462   -7.05881   -6.97960   -6.41462
   2123.50     55000   -5.81477   -7.08954   -7.00666   -6.98140   -6.50780
   2146.84     60000   -5.92480   -6.92868   -6.79724   -6.78672   -6.54122
   2170.19     65000   -5.90792   -7.00317   -6.88705   -6.86567   -6.57125
   2193.53     70000   -5.95754   -7.31104   -7.31157   -7.22804   -6.65414
   2216.88     75000   -6.05504   -7.31915   -7.23376   -7.20940   -6.74619
   2240.24     80000   -6.16375   -7.16477   -7.03399   -7.02329   -6.77817
   2263.59     85000   -6.14543   -7.24560   -7.13115   -7.10920   -6.80934
   2286.94     90000   -6.19554   -7.55874   -7.56805   -7.48056   -6.89357
   2310.29     95000   -6.29530   -7.54825   -7.45724   -7.43534   -6.98461
   2333.64    100000   -6.40282   -7.40024   -7.26881   -7.25806   -7.01533
   2356.98      5000   -6.38298   -7.48723   -7.37329   -7.35073   -7.04766
   2380.33     10000   -6.43346   -7.80502   -7.82143   -7.72917   -7.13311
   2403.68     15000   -6.53555   -7.77806   -7.68479   -7.66359   -7.22288
   2427.02     20000   -6.64106   -7.63659   -7.50580   -7.49482   -7.25230
   2450.37     25000   -6.62076   -7.72993   -7.61769   -7.59453   -7.28586
   2473.71     30000   -6.67148   -8.05214   -8.07753   -7.98117   -7.37257
   2497.06     35000   -6.77624   -8.00730   -7.90946   -7.89021   -7.46118
   2520.41     40000   -6.87969   -7.87247   -7.74117   -7.73015   -7.48946
   2543.76     45000   -6.85804   -7.97203   -7.86047   -7.83664   -7.52426
   2567.11     50000   -6.90977   -8.29801   -8.33101   -8.22962   -7.61210
   2590.46     55000   -7.01660   -8.23736   -8.13747   -8.11884   -7.69933
   2613.81     60000   -7.11829   -8.10912   -7.97842   -7.96714   -7.72646
   2637.16     65000   -7.09521   -8.21503   -8.10523   -8.08074   -7.76257
   2660.51     70000   -7.14820   -8.54438   -8.58614   -8.48071   -7.85158
   2683.86     75000   -7.25680   -8.46687   -8.36325   -8.34612   -7.93750
   2707.21     80000   -7.35731   -8.34539   -8.21432   -8.20297   -7.96362
   2730.56     85000   -7.33253   -8.45756   -8.34862   -8.32342   -8.00105
   2753.92     90000   -7.38690   -8.78956   -8.83891   -8.72855   -8.09111
   2777.27     95000   -7.49700   -8.69718   -8.59176   -8.57517   -8.17554
   2800.62    100000   -7.59547   -8.58235   -8.45184   -8.44022   -8.20066
   2823.97      5000   -7.57012   -8.70091   -8.59378   -8.56784   -8.23946
   2847.32     10000   -7.62561   -9.03496   -9.09219   -8.97826   -8.33060
   2870.68     15000   -7.73761   -8.92705   -8.81855   -8.80311   -8.41359
   2894.03     20000   -7.83380   -8.81899   -8.68825   -8.67653   -8.43785
   2917.38     25000   -7.80786   -8.94387   -8.83780   -8.81109   -8.47802
   2940.74     30000   -7.86358   -9.27916   -9.34319   -9.22498   -8.57012
   2964.09     35000   -7.97799   -9.15763   -9.04757   -9.03261   -8.65151
MyID= 0: Time=  0.1,has convergenced
     1682586 iterations for the convertgence of psi
 MyID=           0 has finish
