 START-UP FOR CHUNK...
     23.49      5000   -0.58043   -2.02121   -1.97629   -1.90654   -1.28533
     46.87     10000   -0.71519   -2.15641   -1.84505   -1.91351   -1.48425
     70.25     15000   -0.69282   -2.27713   -1.73457   -1.77758   -1.49747
     93.62     20000   -0.59851   -2.21614   -1.59745   -1.59894   -1.41277
    117.00     25000   -0.49737   -1.76498   -1.48410   -1.46882   -1.29642
    140.37     30000   -0.43894   -1.59551   -1.48689   -1.48786   -1.20396
    163.75     35000   -0.43301   -1.87959   -1.81709   -1.81658   -1.25259
    187.12     40000   -0.56534   -1.92167   -1.86108   -1.89810   -1.37190
    210.50     45000   -0.73796   -1.86933   -1.74132   -1.74817   -1.44997
    233.87     50000   -0.86995   -2.05530   -1.94995   -1.90670   -1.56864
    257.24     55000   -0.96157   -2.33441   -2.45539   -2.39051   -1.69751
    280.62     60000   -1.04333   -2.30494   -2.12914   -2.12848   -1.74837
    303.99     65000   -1.07526   -2.10594   -1.97261   -1.94767   -1.71832
    327.37     70000   -1.04220   -2.15871   -2.08261   -2.04789   -1.72432
    350.74     75000   -1.07190   -2.40523   -2.54412   -2.45877   -1.79951
    374.11     80000   -1.17703   -2.33036   -2.27183   -2.24157   -1.86258
    397.49     85000   -1.28540   -2.29671   -2.17267   -2.16175   -1.89696
    420.86     90000   -1.29766   -2.48319   -2.41065   -2.37849   -1.97241
    444.24     95000   -1.36328   -2.70643   -2.84990   -2.80346   -2.07196
    467.61    100000   -1.45022   -2.56071   -2.42237   -2.41880   -2.10790
 ITERATION...
    490.98      5000   -1.47085   -2.51132   -2.38726   -2.36259   -2.10852
    514.36     10000   -1.47273   -2.70029   -2.66570   -2.61073   -2.16275
    537.73     15000   -1.54056   -2.86876   -2.92217   -2.88139   -2.24950
    561.10     20000   -1.64251   -2.70242   -2.58879   -2.56698   -2.28710
    584.47     25000   -1.66513   -2.74838   -2.63091   -2.60838   -2.32107
    607.85     30000   -1.70408   -3.00954   -3.03663   -2.98089   -2.40498
    631.23     35000   -1.79205   -3.03241   -2.99079   -2.97767   -2.48407
    654.61     40000   -1.87254   -2.89826   -2.76747   -2.75555   -2.49945
    677.98     45000   -1.85939   -2.97858   -2.87538   -2.84696   -2.52922
    701.35     50000   -1.90004   -3.25707   -3.37693   -3.28994   -2.61307
    724.74     55000   -1.99975   -3.18053   -3.09295   -3.07928   -2.67964
    748.15     60000   -2.08599   -3.09549   -2.97018   -2.94913   -2.69862
    771.54     65000   -2.07425   -3.24488   -3.16206   -3.12732   -2.75164
    794.92     70000   -2.13012   -3.50828   -3.65506   -3.58041   -2.84367
    818.29     75000   -2.22825   -3.33942   -3.22925   -3.21511   -2.89124
    841.64     80000   -2.26609   -3.30654   -3.18392   -3.16416   -2.90556
    865.00     85000   -2.27623   -3.50384   -3.45843   -3.41722   -2.96733
    888.35     90000   -2.34738   -3.67994   -3.73089   -3.69905   -3.05576
    911.70     95000   -2.44362   -3.50894   -3.38639   -3.37246   -3.09005
    935.05    100000   -2.45760   -3.53607   -3.42039   -3.39583   -3.11527
    958.41      5000   -2.49018   -3.78854   -3.80667   -3.74768   -3.19285
    981.77     10000   -2.57745   -3.84144   -3.79683   -3.78023   -3.27304
   1005.13     15000   -2.66559   -3.69455   -3.56763   -3.55044   -3.29372
   1028.49     20000   -2.65851   -3.77473   -3.67214   -3.64407   -3.32770
   1051.85     25000   -2.70101   -4.05525   -4.16750   -4.08923   -3.41330
   1075.20     30000   -2.79991   -3.98326   -3.89618   -3.88276   -3.47993
   1098.57     35000   -2.88473   -3.89270   -3.76505   -3.74694   -3.49628
   1121.94     40000   -2.86726   -4.03168   -3.94900   -3.91562   -3.54540
   1145.33     45000   -2.92189   -4.29649   -4.44919   -4.37506   -3.63629
   1168.70     50000   -3.02117   -4.14188   -4.02856   -4.01571   -3.68607
   1192.07     55000   -3.06393   -4.10531   -3.98094   -3.95963   -3.70223
   1215.45     60000   -3.07484   -4.29944   -4.25190   -4.20934   -3.76478
   1238.82     65000   -3.14529   -4.48463   -4.53839   -4.50413   -3.85376
   1262.20     70000   -3.24048   -4.30967   -4.18628   -4.17145   -3.88807
   1285.57     75000   -3.25482   -4.33142   -4.21392   -4.19006   -3.91149
   1308.95     80000   -3.28497   -4.57769   -4.59075   -4.53433   -3.98745
   1332.34     85000   -3.37171   -4.63835   -4.60121   -4.58456   -4.06836
   1355.72     90000   -3.46133   -4.49345   -4.36489   -4.34884   -4.09033
   1379.09     95000   -3.45571   -4.57137   -4.46598   -4.43808   -4.12433
   1402.46    100000   -3.49805   -4.85040   -4.95775   -4.87862   -4.20988
   1425.85      5000   -3.59636   -4.78555   -4.69868   -4.68566   -4.27732
   1449.24     10000   -3.68060   -4.69066   -4.56208   -4.54358   -4.29335
   1472.62     15000   -3.66332   -4.82583   -4.74032   -4.70703   -4.34116
   1495.99     20000   -3.71714   -5.09247   -5.24814   -5.17058   -4.43175
   1519.37     25000   -3.81658   -4.94032   -4.82926   -4.81612   -4.48272
   1542.76     30000   -3.86204   -4.90180   -4.77647   -4.75578   -4.49898
   1566.14     35000   -3.87196   -5.09334   -5.04176   -5.00028   -4.56092
   1589.51     40000   -3.94134   -5.28328   -5.34490   -5.30898   -4.65024
   1612.88     45000   -4.03662   -5.10850   -4.98537   -4.97105   -4.68530
   1636.26     50000   -4.05223   -5.12683   -5.00845   -4.98469   -4.70795
   1659.65     55000   -4.08110   -5.37067   -5.37800   -5.32235   -4.78306
   1683.05     60000   -4.16723   -5.43883   -5.40618   -5.38871   -4.86466
   1706.43     65000   -4.25701   -5.29088   -5.16295   -5.14678   -4.88731
   1729.81     70000   -4.25264   -5.36579   -5.25929   -5.23179   -4.92066
   1753.18     75000   -4.29436   -5.64412   -5.74457   -5.66715   -5.00580
   1776.54     80000   -4.39230   -5.58535   -5.50134   -5.48821   -5.07417
   1799.90     85000   -4.47653   -5.48733   -5.35885   -5.34070   -5.09030
   1823.25     90000   -4.45972   -5.61904   -5.53198   -5.49919   -5.13715
   1846.60     95000   -4.51274   -5.88841   -6.04566   -5.96629   -5.22758
   1869.96    100000   -4.61237   -5.73981   -5.62995   -5.61690   -5.27962
   1893.31      5000   -4.66016   -5.69770   -5.57229   -5.55167   -5.29572
   1916.67     10000   -4.66890   -5.88591   -5.83169   -5.79083   -5.35682
   1940.02     15000   -4.73677   -6.08252   -6.15131   -6.11317   -5.44643
   1963.38     20000   -4.83271   -5.90707   -5.78471   -5.77042   -5.48239
   1986.73     25000   -4.84963   -5.92183   -5.80308   -5.77958   -5.50446
   2010.09     30000   -4.87746   -6.16265   -6.16539   -6.11103   -5.57880
   2033.44     35000   -4.96300   -6.23906   -6.21114   -6.19315   -5.66106
   2056.79     40000   -5.05263   -6.08866   -5.96095   -5.94495   -5.68435
   2080.15     45000   -5.04955   -6.16000   -6.05270   -6.02545   -5.71694
   2103.50     50000   -5.09031   -6.43713   -6.53133   -6.45530   -5.80158
   2126.85     55000   -5.18807   -6.38581   -6.30407   -6.29084   -5.87091
   2150.21     60000   -5.27251   -6.28429   -6.15581   -6.13775   -5.88725
   2173.56     65000   -5.25626   -6.41238   -6.32388   -6.29149   -5.93319
   2196.91     70000   -5.30850   -6.68408   -6.84244   -6.76136   -6.02346
   2220.27     75000   -5.40829   -6.53943   -6.43078   -6.41776   -6.07656
   2243.62     80000   -5.45837   -6.49379   -6.36812   -6.34769   -6.09248
   2266.97     85000   -5.46565   -6.67848   -6.62169   -6.58147   -6.15270
   2290.33     90000   -5.53223   -6.88138   -6.95755   -6.91722   -6.24256
   2313.69     95000   -5.62883   -6.70590   -6.58407   -6.56989   -6.27945
   2337.06    100000   -5.64712   -6.71708   -6.59781   -6.57450   -6.30099
   2360.44      5000   -5.67392   -6.95487   -6.95310   -6.89980   -6.37456
   2383.84     10000   -5.75848   -7.03951   -7.01630   -6.99767   -6.45747
   2407.24     15000   -5.84834   -6.88656   -6.75907   -6.74317   -6.48140
   2430.65     20000   -5.84653   -6.95437   -6.84617   -6.81920   -6.51324
   2454.03     25000   -5.88630   -7.23011   -7.31791   -7.24335   -6.59735
   2477.41     30000   -5.98388   -7.18621   -7.10692   -7.09358   -6.66761
   2500.79     35000   -6.06857   -7.08133   -6.95281   -6.93489   -6.68420
   2524.15     40000   -6.05288   -7.20586   -7.11589   -7.08388   -6.72925
   2547.53     45000   -6.10434   -7.47967   -7.63828   -7.55572   -6.81933
   2570.87     50000   -6.20428   -7.33917   -7.23172   -7.21874   -6.87349
   2594.21     55000   -6.25667   -7.28997   -7.16403   -7.14375   -6.88925
   2617.55     60000   -6.26208   -7.47115   -7.41182   -7.37221   -6.94858
   2640.89     65000   -6.32774   -7.68018   -7.76365   -7.72095   -7.03866
   2664.23     70000   -6.42503   -7.50477   -7.38352   -7.36943   -7.07650
   2687.58     75000   -6.44468   -7.51239   -7.39261   -7.36950   -7.09753
   2710.92     80000   -6.47046   -7.74711   -7.74093   -7.68868   -7.17033
   2734.27     85000   -6.55385   -7.83992   -7.82160   -7.80229   -7.25386
   2757.61     90000   -6.64412   -7.68454   -7.55725   -7.54147   -7.27846
   2780.95     95000   -6.64352   -7.74879   -7.63973   -7.61302   -7.30954
   2804.30    100000   -6.68236   -8.02301   -8.10440   -8.03132   -7.39311
   2827.64      5000   -6.77929   -7.98668   -7.90990   -7.89643   -7.46430
   2850.98     10000   -6.86470   -7.87844   -7.74987   -7.73209   -7.48116
   2874.33     15000   -6.84957   -7.99939   -7.90800   -7.87636   -7.52533
   2897.67     20000   -6.90026   -8.27506   -8.43313   -8.34940   -7.61520
   2921.02     25000   -7.00035   -8.13897   -8.03276   -8.01983   -7.67041
   2944.36     30000   -7.05504   -8.08621   -7.96001   -7.93989   -7.68603
   2967.71     35000   -7.05857   -8.26386   -8.20209   -8.16307   -7.74448
   2991.06     40000   -7.12334   -8.47881   -8.56954   -8.52438   -7.83474
   3014.41     45000   -7.22116   -8.30371   -8.18305   -8.16905   -7.87355
   3037.75     50000   -7.24231   -8.30776   -8.18748   -8.16457   -7.89409
   3061.10     55000   -7.26707   -8.53935   -8.52891   -8.47768   -7.96610
   3084.45     60000   -7.34930   -8.64029   -8.62706   -8.60699   -8.05023
   3107.80     65000   -7.43998   -8.48258   -8.35551   -8.33984   -8.07552
   3131.14     70000   -7.44030   -8.54327   -8.43337   -8.40692   -8.10587
   3154.49     75000   -7.47849   -8.81582   -8.89083   -8.81924   -8.18887
   3177.84     80000   -7.57475   -8.78717   -8.71301   -8.69940   -8.26097
   3201.19     85000   -7.66090   -8.67560   -8.54700   -8.52935   -8.27812
   3224.56     90000   -7.64634   -8.79298   -8.70020   -8.66893   -8.32142
   3247.95     95000   -7.69625   -9.07025   -9.22703   -9.14240   -8.41106
   3271.32    100000   -7.79649   -8.93882   -8.83392   -8.82101   -8.46732
   3294.68      5000   -7.85350   -8.88250   -8.75605   -8.73609   -8.48283
   3318.05     10000   -7.85514   -9.05663   -8.99249   -8.95404   -8.54038
   3341.41     15000   -7.91900   -9.27726   -9.37520   -9.32745   -8.63081
MyID= 0: Time=  0.1,has convergenced
     1685721 iterations for the convertgence of psi
 MyID=           0 has finish
