 START-UP FOR CHUNK...
     23.42      5000   -0.58997   -2.02547   -2.01405   -1.95009   -1.28721
     46.76     10000   -0.73619   -2.14779   -1.88897   -1.95551   -1.49453
     70.11     15000   -0.72114   -2.27246   -1.77623   -1.81814   -1.52020
     93.45     20000   -0.63201   -2.27431   -1.63170   -1.63468   -1.44049
    116.78     25000   -0.52308   -1.81194   -1.50070   -1.48801   -1.31876
    140.12     30000   -0.45673   -1.59698   -1.46870   -1.47064   -1.21368
    163.46     35000   -0.43231   -1.82308   -1.75970   -1.73077   -1.22945
    186.80     40000   -0.53885   -1.92545   -1.87848   -1.97521   -1.34799
    210.15     45000   -0.70400   -1.85546   -1.73316   -1.73059   -1.42477
    233.49     50000   -0.85349   -2.00413   -1.89027   -1.85413   -1.54029
    256.83     55000   -0.94430   -2.29064   -2.38222   -2.32013   -1.67025
    280.18     60000   -1.02478   -2.29926   -2.15781   -2.15923   -1.73128
    303.52     65000   -1.05609   -2.09756   -1.95540   -1.93722   -1.70166
    326.87     70000   -1.02392   -2.11841   -2.03380   -2.00284   -1.69794
    350.21     75000   -1.04314   -2.35676   -2.47884   -2.40417   -1.76593
    373.56     80000   -1.14032   -2.32543   -2.26822   -2.24002   -1.83124
    396.90     85000   -1.24952   -2.26716   -2.14235   -2.12698   -1.86535
    420.24     90000   -1.26644   -2.43515   -2.35728   -2.32592   -1.93937
    443.57     95000   -1.32953   -2.67634   -2.84435   -2.79441   -2.03828
    466.88    100000   -1.41230   -2.53586   -2.40127   -2.39422   -2.07409
 ITERATION...
    490.20      5000   -1.43597   -2.47508   -2.34960   -2.32636   -2.07252
    513.51     10000   -1.43230   -2.64865   -2.61581   -2.56844   -2.12419
    536.84     15000   -1.49891   -2.82266   -2.88478   -2.85418   -2.20883
    560.15     20000   -1.59868   -2.66685   -2.54703   -2.52678   -2.24506
    583.48     25000   -1.62215   -2.71003   -2.59185   -2.56819   -2.28048
    606.79     30000   -1.66037   -2.96472   -3.00783   -2.95369   -2.36549
    630.11     35000   -1.74872   -2.98623   -2.93320   -2.92179   -2.43989
    653.42     40000   -1.82497   -2.85470   -2.72143   -2.70630   -2.45168
    676.74     45000   -1.81128   -2.93894   -2.84128   -2.81188   -2.48384
    700.06     50000   -1.85247   -3.20733   -3.35550   -3.28220   -2.56821
    723.37     55000   -1.95021   -3.11521   -3.01846   -3.00434   -2.62768
    746.69     60000   -2.02152   -3.04794   -2.92001   -2.89852   -2.64621
    770.00     65000   -2.02103   -3.21202   -3.14252   -3.10699   -2.70511
    793.33     70000   -2.08278   -3.44072   -3.55851   -3.51327   -2.79514
    816.64     75000   -2.17493   -3.27019   -3.15006   -3.13521   -2.83219
    839.96     80000   -2.19751   -3.26006   -3.13912   -3.11676   -2.84874
    863.27     85000   -2.21684   -3.47719   -3.46651   -3.42195   -2.91755
    886.59     90000   -2.29733   -3.58869   -3.58412   -3.56688   -2.99963
    909.91     95000   -2.38691   -3.43503   -3.30675   -3.29020   -3.02440
    933.23    100000   -2.39057   -3.49494   -3.38636   -3.35966   -3.05706
    956.55      5000   -2.42950   -3.76321   -3.85287   -3.78830   -3.14113
    979.87     10000   -2.52290   -3.73067   -3.64959   -3.63634   -3.20835
   1003.19     15000   -2.60528   -3.62250   -3.49307   -3.47373   -3.22254
   1026.50     20000   -2.58978   -3.74348   -3.65875   -3.62729   -3.26783
   1049.82     25000   -2.64043   -4.00714   -4.16852   -4.10574   -3.35653
   1073.14     30000   -2.73704   -3.86822   -3.75646   -3.74230   -3.40566
   1096.45     35000   -2.78357   -3.82664   -3.70079   -3.67941   -3.42223
   1119.78     40000   -2.79347   -4.01400   -3.96974   -3.93054   -3.48556
   1143.11     45000   -2.86374   -4.19674   -4.25128   -4.22525   -3.57247
   1166.45     50000   -2.95459   -4.02782   -3.90105   -3.88551   -3.60296
   1189.79     55000   -2.96660   -4.04936   -3.93330   -3.90848   -3.62665
   1213.12     60000   -2.99640   -4.29308   -4.32485   -4.27189   -3.70358
   1236.47     65000   -3.08471   -4.33853   -4.28912   -4.27495   -3.77966
   1259.82     70000   -3.17064   -4.20304   -4.07221   -4.05423   -3.79843
   1283.16     75000   -3.16498   -4.29095   -4.19138   -4.16267   -3.83660
   1306.50     80000   -3.20869   -4.56372   -4.70632   -4.63555   -3.92354
   1329.84     85000   -3.30424   -4.47471   -4.37564   -4.36248   -3.98236
   1353.18     90000   -3.37317   -4.39803   -4.26867   -4.24858   -3.99666
   1376.53     95000   -3.36640   -4.55040   -4.48109   -4.44633   -4.05064
   1399.87    100000   -3.42592   -4.78497   -4.91014   -4.86607   -4.13971
   1423.21      5000   -3.52052   -4.62255   -4.50128   -4.48665   -4.17966
   1446.56     10000   -3.54863   -4.61081   -4.48797   -4.46495   -4.19872
   1469.89     15000   -3.56927   -4.82626   -4.81153   -4.76651   -4.26881
   1493.24     20000   -3.64876   -4.94696   -4.94516   -4.92712   -4.35151
   1516.57     25000   -3.73656   -4.78884   -4.65923   -4.64258   -4.37554
   1539.91     30000   -3.73970   -4.84211   -4.73209   -4.70572   -4.40561
   1563.26     35000   -3.77660   -5.10529   -5.18840   -5.12625   -4.48809
   1586.60     40000   -3.86997   -5.08222   -5.00469   -4.99167   -4.55661
   1609.94     45000   -3.95401   -4.97344   -4.84244   -4.82360   -4.57217
   1633.28     50000   -3.94012   -5.09202   -5.00409   -4.97282   -4.61762
   1656.62     55000   -3.99071   -5.35708   -5.52106   -5.45484   -4.70657
   1679.96     60000   -4.08646   -5.22281   -5.11123   -5.09746   -4.75639
   1703.30     65000   -4.13481   -5.17669   -5.04980   -5.02839   -4.77195
   1726.64     70000   -4.14243   -5.35978   -5.31169   -5.27292   -4.83378
   1749.99     75000   -4.21140   -5.54783   -5.61043   -5.58279   -4.92096
   1773.33     80000   -4.30288   -5.37902   -5.25286   -5.23733   -4.95271
   1796.68     85000   -4.31720   -5.39809   -5.28039   -5.25596   -4.97626
   1820.01     90000   -4.34654   -5.63941   -5.66470   -5.61253   -5.05277
   1843.35     95000   -4.43404   -5.69209   -5.64773   -5.63337   -5.12961
   1866.69    100000   -4.51951   -5.55407   -5.42323   -5.40559   -5.14858
   1890.03      5000   -4.51458   -5.63817   -5.53711   -5.50867   -5.18558
   1913.37     10000   -4.55764   -5.91072   -6.04711   -5.97715   -5.27204
   1936.71     15000   -4.65264   -5.82744   -5.73048   -5.71733   -5.33202
   1960.04     20000   -4.72488   -5.74748   -5.61791   -5.59790   -5.34650
   1983.39     25000   -4.71632   -5.89669   -5.82463   -5.79032   -5.39970
   2006.72     30000   -4.77486   -6.13562   -6.26815   -6.22072   -5.48890
   2030.06     35000   -4.86933   -5.97477   -5.85477   -5.84024   -5.52981
   2053.40     40000   -4.89949   -5.95933   -5.83613   -5.81340   -5.54828
   2076.73     45000   -4.91879   -6.17141   -6.15249   -6.10841   -5.61743
   2100.08     50000   -4.99699   -6.29975   -6.30409   -6.28558   -5.70075
   2123.41     55000   -5.08529   -6.13982   -6.01057   -5.99407   -5.72559
   2146.75     60000   -5.08973   -6.18950   -6.07856   -6.05239   -5.75494
   2170.10     65000   -5.12567   -6.45099   -6.52717   -6.46601   -5.83689
   2193.44     70000   -5.21889   -6.43588   -6.36158   -6.34839   -5.90637
   2216.77     75000   -5.30299   -6.32357   -6.19273   -6.17400   -5.92213
   2240.12     80000   -5.28958   -6.43837   -6.34896   -6.31808   -5.96660
   2263.46     85000   -5.33964   -6.70527   -6.86919   -6.80192   -6.05538
   2286.80     90000   -5.43514   -6.57549   -6.46526   -6.45160   -6.10633
   2310.13     95000   -5.48614   -6.52569   -6.39848   -6.37725   -6.12169
   2333.48    100000   -5.49217   -6.70513   -6.65407   -6.61582   -6.18262
   2356.81      5000   -5.55999   -6.89983   -6.97059   -6.94116   -6.27014
   2380.16     10000   -5.65160   -6.73091   -6.60535   -6.58993   -6.30281
   2403.50     15000   -5.66771   -6.74615   -6.62787   -6.60363   -6.32570
   2426.85     20000   -5.69622   -6.98452   -7.00440   -6.95331   -6.40145
   2450.19     25000   -5.78246   -7.04561   -7.00566   -6.99107   -6.47911
   2473.52     30000   -5.86838   -6.90476   -6.77403   -6.75650   -6.49863
   2496.87     35000   -5.86443   -6.98510   -6.88283   -6.85466   -6.53475
   2520.21     40000   -5.90700   -7.25721   -7.38780   -7.31833   -6.62081
   2543.56     45000   -6.00136   -7.18081   -7.08596   -7.07284   -6.68187
   2566.91     50000   -6.07654   -7.09721   -6.96747   -6.94761   -6.69636
   2590.25     55000   -6.06614   -7.24265   -7.16848   -7.13459   -6.74859
   2613.60     60000   -6.12366   -7.48577   -7.62447   -7.57465   -6.83787
   2636.95     65000   -6.21813   -7.32716   -7.20800   -7.19357   -6.87986
   2660.30     70000   -6.25045   -7.30795   -7.18423   -7.16166   -6.89789
   2683.65     75000   -6.26853   -7.51658   -7.49359   -7.45022   -6.96618
   2706.99     80000   -6.34544   -7.65283   -7.66375   -7.64439   -7.05007
   2730.33     85000   -6.43413   -7.49118   -7.36226   -7.34588   -7.07567
   2753.68     90000   -6.43956   -7.53709   -7.42526   -7.39932   -7.10425
   2777.03     95000   -6.47468   -7.79652   -7.86603   -7.80607   -7.18559
   2800.39    100000   -6.56764   -7.78949   -7.71825   -7.70502   -7.25605
   2823.74      5000   -6.65206   -7.67382   -7.54291   -7.52432   -7.27210
   2847.10     10000   -6.63916   -7.78485   -7.69383   -7.66327   -7.31563
   2870.46     15000   -6.68831   -8.05339   -8.21662   -8.14802   -7.40422
   2893.82     20000   -6.78391   -7.92845   -7.81962   -7.80603   -7.45629
   2917.18     25000   -6.83757   -7.87491   -7.74738   -7.72629   -7.47144
   2940.53     30000   -6.84196   -8.05068   -7.99672   -7.95902   -7.53143
   2963.88     35000   -6.90863   -8.25167   -8.33029   -8.29913   -7.61926
   2987.24     40000   -7.00040   -8.08281   -7.95780   -7.94249   -7.65290
   3010.59     45000   -7.01832   -8.09429   -7.97532   -7.95127   -7.67517
   3033.95     50000   -7.04600   -8.32964   -8.34416   -8.29401   -7.75016
   3057.30     55000   -7.13083   -8.39920   -8.36397   -8.34906   -7.82860
   3080.66     60000   -7.21733   -8.25561   -8.12499   -8.10760   -7.84867
   3104.02     65000   -7.21435   -8.33218   -8.22873   -8.20082   -7.88392
   3127.38     70000   -7.25643   -8.60366   -8.72801   -8.65934   -7.96956
   3150.74     75000   -7.35016   -8.53420   -8.44145   -8.42836   -8.03170
   3174.09     80000   -7.42812   -8.44697   -8.31704   -8.29731   -8.04624
   3197.42     85000   -7.41605   -8.58865   -8.51237   -8.47888   -8.09751
   3220.75     90000   -7.47219   -8.83574   -8.98022   -8.92781   -8.18683
   3244.08     95000   -7.56700   -8.67965   -8.56141   -8.54708   -8.22990
   3267.41    100000   -7.60150   -8.65667   -8.53247   -8.51007   -8.24751
   3290.73      5000   -7.61834   -8.86181   -8.83492   -8.79226   -8.31492
   3314.06     10000   -7.69396   -9.00581   -9.02338   -9.00318   -8.39937
   3337.40     15000   -7.78305   -8.84258   -8.71397   -8.69771   -8.42576
   3360.74     20000   -7.78947   -8.88473   -8.77201   -8.74629   -8.45358
   3384.07     25000   -7.82379   -9.14197   -9.20486   -9.14606   -8.53430
   3407.40     30000   -7.91597   -9.14314   -9.07517   -9.06185   -8.60571
MyID= 0: Time=  0.1,has convergenced
     1685923 iterations for the convertgence of psi
 MyID=           0 has finish
