 START-UP FOR CHUNK...
     23.43      5000   -0.53864   -1.99408   -1.82751   -1.74298   -1.27642
     46.96     10000   -0.62591   -2.19378   -1.68291   -1.76012   -1.43348
     70.49     15000   -0.57137   -2.21977   -1.58578   -1.63737   -1.40584
     94.02     20000   -0.48103   -1.99977   -1.50136   -1.48793   -1.32012
    117.55     25000   -0.42384   -1.63090   -1.46204   -1.45052   -1.23259
    141.07     30000   -0.40032   -1.73995   -1.65741   -1.64577   -1.21502
    164.59     35000   -0.46839   -1.94616   -1.81666   -1.94322   -1.35485
    188.13     40000   -0.68341   -1.91071   -1.80706   -1.79861   -1.46298
    211.66     45000   -0.89313   -1.98418   -1.83699   -1.86193   -1.56479
    235.19     50000   -0.95191   -2.29818   -2.19010   -2.15719   -1.68920
    258.71     55000   -1.02980   -2.43358   -2.36321   -2.37246   -1.81032
    282.24     60000   -1.13182   -2.33602   -2.11236   -2.12770   -1.83843
    305.78     65000   -1.17951   -2.20635   -2.08302   -2.05352   -1.82334
    329.30     70000   -1.15153   -2.35670   -2.28568   -2.24384   -1.86073
    352.83     75000   -1.20543   -2.62808   -2.64696   -2.54163   -1.95972
    376.36     80000   -1.33884   -2.44751   -2.37834   -2.33542   -2.02449
    399.88     85000   -1.45234   -2.43690   -2.32667   -2.32269   -2.06025
    423.41     90000   -1.45129   -2.67063   -2.56965   -2.55588   -2.13238
    446.94     95000   -1.52122   -2.90359   -2.97844   -2.88782   -2.24084
    470.47    100000   -1.64005   -2.75233   -2.60502   -2.61610   -2.30136
 ITERATION...
    494.00      5000   -1.69927   -2.69733   -2.56186   -2.54895   -2.31009
    517.53     10000   -1.67667   -2.86663   -2.78227   -2.73229   -2.35698
    541.06     15000   -1.73758   -3.18399   -3.22757   -3.11167   -2.45546
    564.60     20000   -1.86456   -2.96979   -2.87010   -2.83995   -2.52417
    588.12     25000   -1.93382   -2.92511   -2.81388   -2.79609   -2.54929
    611.65     30000   -1.93399   -3.12578   -3.03270   -3.01009   -2.60798
    635.17     35000   -1.99812   -3.40928   -3.48824   -3.37548   -2.70964
    658.70     40000   -2.12302   -3.21422   -3.09560   -3.09391   -2.77673
    682.24     45000   -2.17379   -3.17506   -3.04357   -3.03670   -2.79355
    705.77     50000   -2.16768   -3.35675   -3.26422   -3.22492   -2.84436
    729.29     55000   -2.23043   -3.67669   -3.72468   -3.61172   -2.94297
    752.82     60000   -2.35704   -3.46528   -3.34897   -3.33201   -3.01195
    776.35     65000   -2.41345   -3.41370   -3.29672   -3.27754   -3.03381
    799.87     70000   -2.41484   -3.60093   -3.51436   -3.48220   -3.08891
    823.39     75000   -2.47781   -3.91220   -3.97061   -3.85851   -3.18872
    846.92     80000   -2.60435   -3.69692   -3.58271   -3.57186   -3.25707
    870.45     85000   -2.65423   -3.65419   -3.52820   -3.51953   -3.27641
    893.98     90000   -2.65311   -3.83899   -3.74662   -3.71396   -3.32886
    917.51     95000   -2.71614   -4.15344   -4.20996   -4.09746   -3.42760
    941.03    100000   -2.84236   -3.94958   -3.82862   -3.81793   -3.49638
    964.56      5000   -2.89515   -3.89988   -3.77787   -3.76168   -3.51721
    988.09     10000   -2.89670   -4.08255   -3.99799   -3.96183   -3.57130
   1011.61     15000   -2.95970   -4.40162   -4.45059   -4.34223   -3.67068
   1035.14     20000   -3.08633   -4.18520   -4.06659   -4.05314   -3.73925
   1058.67     25000   -3.13623   -4.13762   -4.01330   -4.00141   -3.75935
   1082.20     30000   -3.13710   -4.32152   -4.23119   -4.19946   -3.81253
   1105.73     35000   -3.20015   -4.63331   -4.69446   -4.58047   -3.91133
   1129.26     40000   -3.32628   -4.43133   -4.31042   -4.30051   -3.97986
   1152.79     45000   -3.37762   -4.38423   -4.25948   -4.24578   -4.00040
   1176.32     50000   -3.37937   -4.56645   -4.48110   -4.44486   -4.05425
   1199.85     55000   -3.44248   -4.88316   -4.93211   -4.82537   -4.15350
   1223.38     60000   -3.56907   -4.67179   -4.54884   -4.53621   -4.22203
   1246.91     65000   -3.61878   -4.62293   -4.49759   -4.48397   -4.24238
   1270.44     70000   -3.62062   -4.80587   -4.71663   -4.68340   -4.29594
   1293.97     75000   -3.68373   -5.11744   -5.17852   -5.06349   -4.39481
   1317.50     80000   -3.80981   -4.91365   -4.79310   -4.78209   -4.46308
   1341.03     85000   -3.86032   -4.86775   -4.74201   -4.72915   -4.48355
   1364.56     90000   -3.86246   -5.05098   -4.96418   -4.92892   -4.53743
   1388.09     95000   -3.92560   -5.36361   -5.41495   -5.30792   -4.63663
   1411.62    100000   -4.05217   -5.15567   -5.03087   -5.01952   -4.70502
   1435.14      5000   -4.10148   -5.10794   -4.98113   -4.96726   -4.72545
   1458.68     10000   -4.10397   -5.29106   -5.20182   -5.16717   -4.77926
   1482.21     15000   -4.16717   -5.60285   -5.66169   -5.54673   -4.87820
   1505.73     20000   -4.29320   -5.39667   -5.27572   -5.26384   -4.94624
   1529.26     25000   -4.34305   -5.35107   -5.22509   -5.21209   -4.96669
   1552.79     30000   -4.34570   -5.53543   -5.44767   -5.41297   -5.02069
   1576.32     35000   -4.40886   -5.84565   -5.89814   -5.79032   -5.11987
   1599.84     40000   -4.53541   -5.63817   -5.51321   -5.50247   -5.18806
   1623.37     45000   -4.58421   -5.59202   -5.46438   -5.45081   -5.20852
   1646.90     50000   -4.58725   -5.77605   -5.68649   -5.65122   -5.26253
   1670.43     55000   -4.65054   -6.08762   -6.14411   -6.02994   -5.36153
   1693.96     60000   -4.77655   -5.87978   -5.75803   -5.74598   -5.42937
   1717.49     65000   -4.82577   -5.83440   -5.70830   -5.69497   -5.44980
   1741.02     70000   -4.82897   -6.01963   -5.93153   -5.89683   -5.50397
   1764.55     75000   -4.89217   -6.32904   -6.38112   -6.27283   -5.60316
   1788.08     80000   -5.01868   -6.12047   -5.99580   -5.98508   -5.67112
   1811.61     85000   -5.06694   -6.07547   -5.94763   -5.93433   -5.69159
   1835.13     90000   -5.07052   -6.26053   -6.17084   -6.13548   -5.74578
   1858.66     95000   -5.13388   -6.57142   -6.62619   -6.51299   -5.84484
   1882.19    100000   -5.25989   -6.36267   -6.24018   -6.22831   -5.91249
   1905.73      5000   -5.30847   -6.31773   -6.19147   -6.17795   -5.93290
   1929.25     10000   -5.31219   -6.50363   -6.41557   -6.38059   -5.98724
   1952.78     15000   -5.37550   -6.81277   -6.86380   -6.75550   -6.08646
   1976.30     20000   -5.50196   -6.60300   -6.47847   -6.46758   -6.15420
   1999.83     25000   -5.54966   -6.55872   -6.43097   -6.41773   -6.17465
   2023.35     30000   -5.55372   -6.74465   -6.65512   -6.61977   -6.22902
   2046.88     35000   -5.61721   -7.05464   -7.10822   -6.99592   -6.32814
   2070.41     40000   -5.74323   -6.84532   -6.72232   -6.71069   -6.39559
   2093.94     45000   -5.79117   -6.80103   -6.67459   -6.66104   -6.41600
   2117.46     50000   -5.79537   -6.98754   -6.89964   -6.86439   -6.47051
   2140.98     55000   -5.85884   -7.29628   -7.34628   -7.23824   -6.56976
   2164.52     60000   -5.98525   -7.08569   -6.96109   -6.95009   -6.63728
   2188.04     65000   -6.03239   -7.04197   -6.91435   -6.90105   -6.65772
   2211.57     70000   -6.03691   -7.22864   -7.13942   -7.10402   -6.71227
   2235.10     75000   -6.10054   -7.53767   -7.59030   -7.47878   -6.81143
   2258.63     80000   -6.22657   -7.32786   -7.20453   -7.19304   -6.87869
   2282.16     85000   -6.27388   -7.28429   -7.15771   -7.14417   -6.89909
   2305.70     90000   -6.27856   -7.47145   -7.38371   -7.34825   -6.95377
   2329.22     95000   -6.34219   -7.77947   -7.82870   -7.72100   -7.05306
   2352.74    100000   -6.46854   -7.56841   -7.44366   -7.43262   -7.12037
   2376.27      5000   -6.51511   -7.52527   -7.39773   -7.38436   -7.14079
   2399.80     10000   -6.52011   -7.71263   -7.62374   -7.58822   -7.19551
   2423.33     15000   -6.58388   -8.02071   -8.07241   -7.96164   -7.29473
   2446.86     20000   -6.70991   -7.81037   -7.68680   -7.67538   -7.36180
   2470.39     25000   -6.75659   -7.76752   -7.64084   -7.62732   -7.38219
   2493.92     30000   -6.76174   -7.95537   -7.86777   -7.83217   -7.43703
   2517.45     35000   -6.82553   -8.26250   -8.31108   -8.20375   -7.53636
   2540.98     40000   -6.95185   -8.05106   -7.92620   -7.91517   -7.60345
   2564.51     45000   -6.99784   -8.00859   -7.88110   -7.86766   -7.62387
   2588.03     50000   -7.00331   -8.19664   -8.10807   -8.07238   -7.67876
   2611.56     55000   -7.06723   -8.50377   -8.55452   -8.44448   -7.77802
   2635.09     60000   -7.19326   -8.29287   -8.16910   -8.15772   -7.84490
   2658.61     65000   -7.23930   -8.25074   -8.12400   -8.11047   -7.86528
   2682.12     70000   -7.24494   -8.43930   -8.35184   -8.31611   -7.92029
   2705.62     75000   -7.30888   -8.74547   -8.79344   -8.68648   -8.01966
   2729.14     80000   -7.43516   -8.53366   -8.40872   -8.39771   -8.08654
   2752.67     85000   -7.48057   -8.49189   -8.36444   -8.35097   -8.10695
   2776.19     90000   -7.48651   -8.68066   -8.59238   -8.55654   -8.16201
   2799.71     95000   -7.55058   -8.98682   -9.03661   -8.92730   -8.26132
   2823.24    100000   -7.67660   -8.77538   -8.65142   -8.64008   -8.32800
   2846.76      5000   -7.72203   -8.73395   -8.60719   -8.59363   -8.34837
   2870.29     10000   -7.72814   -8.92323   -8.83594   -8.80006   -8.40355
   2893.80     15000   -7.79223   -9.22845   -9.27576   -9.16919   -8.50296
   2917.31     20000   -7.91847   -9.01622   -8.89123   -8.88024   -8.56963
   2940.83     25000   -7.96331   -8.97516   -8.84777   -8.83427   -8.59002
   2964.32     30000   -7.96971   -9.16466   -9.07668   -9.04069   -8.64526
MyID= 0: Time=  0.1,has convergenced
     1682538 iterations for the convertgence of psi
 MyID=           0 has finish
