 START-UP FOR CHUNK...
     23.42      5000   -0.55117   -2.00311   -1.86952   -1.78644   -1.27977
     46.73     10000   -0.65410   -2.18148   -1.72656   -1.80016   -1.44932
     70.05     15000   -0.60493   -2.25638   -1.62328   -1.67314   -1.43077
     93.38     20000   -0.50944   -2.05250   -1.52024   -1.51368   -1.34250
    116.70     25000   -0.43899   -1.65769   -1.46162   -1.44661   -1.24639
    140.03     30000   -0.40381   -1.68072   -1.60104   -1.58917   -1.20369
    163.36     35000   -0.45405   -1.94845   -1.83193   -1.96810   -1.32837
    186.68     40000   -0.64898   -1.90377   -1.81516   -1.79912   -1.43747
    210.01     45000   -0.85085   -1.94167   -1.80405   -1.82766   -1.53270
    233.34     50000   -0.92904   -2.22267   -2.12673   -2.09372   -1.65585
    256.67     55000   -1.00956   -2.40269   -2.39159   -2.40088   -1.77900
    280.01     60000   -1.10460   -2.31926   -2.09842   -2.11393   -1.80901
    303.33     65000   -1.14545   -2.17048   -2.04662   -2.01627   -1.78768
    326.65     70000   -1.11556   -2.30199   -2.23732   -2.18903   -1.81871
    349.97     75000   -1.16600   -2.56692   -2.62884   -2.52439   -1.91162
    373.28     80000   -1.29184   -2.40017   -2.33550   -2.29233   -1.97296
    396.59     85000   -1.39746   -2.39262   -2.28121   -2.27458   -2.00825
    419.92     90000   -1.40488   -2.62289   -2.53830   -2.51853   -2.08351
    443.24     95000   -1.47329   -2.82144   -2.91739   -2.84840   -2.18874
    466.56    100000   -1.58380   -2.67602   -2.53320   -2.54290   -2.23730
 ITERATION...
    489.88      5000   -1.61599   -2.63787   -2.50661   -2.49045   -2.24285
    513.21     10000   -1.61256   -2.83028   -2.76512   -2.70496   -2.29554
    536.53     15000   -1.67777   -3.07787   -3.12405   -3.04199   -2.39177
    559.86     20000   -1.79727   -2.86864   -2.76475   -2.73810   -2.44577
    583.20     25000   -1.83397   -2.86734   -2.75459   -2.73324   -2.47166
    606.55     30000   -1.86179   -3.10965   -3.04541   -3.00843   -2.54226
    629.89     35000   -1.93416   -3.27260   -3.31128   -3.24926   -2.64074
    653.21     40000   -2.04550   -3.08760   -2.96646   -2.96342   -2.68438
    676.53     45000   -2.05315   -3.10469   -2.97963   -2.96640   -2.70123
    699.84     50000   -2.07995   -3.34857   -3.30136   -3.24091   -2.76825
    723.16     55000   -2.15773   -3.50326   -3.48984   -3.45081   -2.86370
    746.48     60000   -2.27150   -3.31153   -3.19097   -3.17602   -2.90590
    769.80     65000   -2.27863   -3.34458   -3.23150   -3.20656   -2.93169
    793.11     70000   -2.31713   -3.61893   -3.58874   -3.52844   -3.00789
    816.43     75000   -2.40205   -3.70544   -3.67132   -3.63218   -3.10177
    839.75     80000   -2.50960   -3.52483   -3.40476   -3.39374   -3.13655
    863.07     85000   -2.50241   -3.57993   -3.46401   -3.44637   -3.16150
    886.40     90000   -2.54343   -3.86451   -3.85626   -3.78535   -3.23940
    909.73     95000   -2.63462   -3.90917   -3.85446   -3.83195   -3.33018
    933.06    100000   -2.74045   -3.75295   -3.62798   -3.61688   -3.36195
    956.40      5000   -2.73121   -3.82605   -3.71626   -3.69078   -3.39264
    979.74     10000   -2.77594   -4.13154   -4.15121   -4.06610   -3.47631
   1003.07     15000   -2.87493   -4.11956   -4.04083   -4.01881   -3.56361
   1026.39     20000   -2.97408   -3.97323   -3.84945   -3.83563   -3.59037
   1049.72     25000   -2.95729   -4.06545   -3.95798   -3.93397   -3.62367
   1073.05     30000   -3.00598   -4.37906   -4.42701   -4.33149   -3.71012
   1096.37     35000   -3.11040   -4.31919   -4.23546   -4.21848   -3.79304
   1119.70     40000   -3.20624   -4.20109   -4.07549   -4.06368   -3.81713
   1143.02     45000   -3.18651   -4.31448   -4.21162   -4.18413   -3.85552
   1166.34     50000   -3.23764   -4.63595   -4.71495   -4.60473   -3.94586
   1189.66     55000   -3.34828   -4.52993   -4.42846   -4.41467   -4.02402
   1212.98     60000   -3.43906   -4.42770   -4.30155   -4.28695   -4.04516
   1236.30     65000   -3.41528   -4.55976   -4.46154   -4.43125   -4.08772
   1259.62     70000   -3.46952   -4.88046   -4.98093   -4.86087   -4.18043
   1282.94     75000   -3.58427   -4.73517   -4.63185   -4.61788   -4.25307
   1306.26     80000   -3.66374   -4.65706   -4.53188   -4.51791   -4.27271
   1329.58     85000   -3.64671   -4.81115   -4.71912   -4.68684   -4.32039
   1352.91     90000   -3.70440   -5.11990   -5.22629   -5.11072   -4.41546
   1376.23     95000   -3.82062   -4.94581   -4.83232   -4.82134   -4.48248
   1399.55    100000   -3.87985   -4.88775   -4.76172   -4.74624   -4.50104
   1422.87      5000   -3.87678   -5.06166   -4.97633   -4.93927   -4.55357
   1446.19     10000   -3.93911   -5.35238   -5.44603   -5.33905   -4.64990
   1469.51     15000   -4.05515   -5.15713   -5.04181   -5.02974   -4.71082
   1492.84     20000   -4.09840   -5.12020   -4.99636   -4.98009   -4.72935
   1516.17     25000   -4.10764   -5.31605   -5.24018   -5.20008   -4.78707
   1539.50     30000   -4.17331   -5.57343   -5.63657   -5.55299   -4.88420
   1562.83     35000   -4.29065   -5.36989   -5.24938   -5.23886   -4.93918
   1586.15     40000   -4.31863   -5.35404   -5.23018   -5.21306   -4.95831
   1609.47     45000   -4.33909   -5.57061   -5.50490   -5.45882   -5.02103
   1632.80     50000   -4.40895   -5.79023   -5.82052   -5.75427   -5.11798
   1656.14     55000   -4.52425   -5.58584   -5.46373   -5.45246   -5.16687
   1679.49     60000   -4.54058   -5.59010   -5.46889   -5.45032   -5.18745
   1702.81     65000   -4.56864   -5.82818   -5.77675   -5.72512   -5.25525
   1726.12     70000   -4.64508   -5.99898   -5.99474   -5.94658   -5.35137
   1749.44     75000   -4.75839   -5.80219   -5.67745   -5.66654   -5.39458
   1772.76     80000   -4.76465   -5.82715   -5.70710   -5.68757   -5.41723
   1796.07     85000   -4.79966   -6.08553   -6.05001   -5.99037   -5.48982
   1819.38     90000   -4.88196   -6.20566   -6.17506   -6.13805   -5.58414
   1842.70     95000   -4.99265   -6.02187   -5.89621   -5.88483   -5.62189
   1866.02    100000   -4.98969   -6.06685   -5.94990   -5.92868   -5.64729
   1889.35      5000   -5.02999   -6.34497   -6.33072   -6.26196   -5.72456
   1912.67     10000   -5.11961   -6.40960   -6.35488   -6.32720   -5.81641
   1936.00     15000   -5.22551   -6.24221   -6.11518   -6.10351   -5.84932
   1959.33     20000   -5.21674   -6.30745   -6.19287   -6.17021   -5.87798
   1982.65     25000   -5.26045   -6.60283   -6.61256   -6.53218   -5.95953
   2005.98     30000   -5.35674   -6.61352   -6.54250   -6.52021   -6.04799
   2029.31     35000   -5.45809   -6.46534   -6.33815   -6.32599   -6.07656
   2052.63     40000   -5.44417   -6.55078   -6.44011   -6.41554   -6.10902
   2075.96     45000   -5.49142   -6.86049   -6.89925   -6.80593   -6.19455
   2099.28     50000   -5.59397   -6.81762   -6.73170   -6.71394   -6.27904
   2122.60     55000   -5.69170   -6.68953   -6.56175   -6.54902   -6.30403
   2145.93     60000   -5.67221   -6.79520   -6.68824   -6.66160   -6.34066
   2169.25     65000   -5.72268   -7.11404   -7.18218   -7.07466   -6.42963
   2192.57     70000   -5.83103   -7.02315   -6.92761   -6.91222   -6.50938
   2215.88     75000   -5.92344   -6.91610   -6.78878   -6.77540   -6.53151
   2239.20     80000   -5.90127   -7.04226   -6.94057   -6.91154   -6.57267
   2262.51     85000   -5.95435   -7.36336   -7.45703   -7.33943   -6.66463
   2285.83     90000   -6.06824   -7.22989   -7.12541   -7.11217   -6.73922
   2309.14     95000   -6.15445   -7.14393   -7.01668   -7.00258   -6.75932
   2332.46    100000   -6.13171   -7.29065   -7.19446   -7.16259   -6.80524
   2355.77      5000   -6.18822   -7.60526   -7.71163   -7.59064   -6.89951
   2379.08     10000   -6.30425   -7.43876   -7.32858   -7.31628   -6.96842
   2402.39     15000   -6.37027   -7.37393   -7.24768   -7.23274   -6.98729
   2425.71     20000   -6.36282   -7.54155   -7.45274   -7.41762   -7.03818
   2449.03     25000   -6.42300   -7.83918   -7.93772   -7.82727   -7.13416
   2472.36     30000   -6.53975   -7.64915   -7.53363   -7.52225   -7.19720
   2495.68     35000   -6.58776   -7.60530   -7.47975   -7.46392   -7.21567
   2519.01     40000   -6.59285   -7.79389   -7.71330   -7.67418   -7.27160
   2542.33     45000   -6.65748   -8.06441   -8.13912   -8.04599   -7.36851
   2565.65     50000   -6.77428   -7.86186   -7.74297   -7.73184   -7.42548
   2588.97     55000   -6.80782   -7.83875   -7.71472   -7.69786   -7.44433
   2612.29     60000   -6.82471   -8.04855   -7.97866   -7.93487   -7.50536
   2635.62     65000   -6.89250   -8.28178   -8.32214   -8.25060   -7.60248
   2658.94     70000   -7.00855   -8.07618   -7.95413   -7.94323   -7.65346
   2682.26     75000   -7.02879   -8.07364   -7.95098   -7.93303   -7.67347
   2705.58     80000   -7.05430   -8.30448   -8.24706   -8.19744   -7.73953
   2728.91     85000   -7.12851   -8.49306   -8.50043   -8.44613   -7.83599
   2752.23     90000   -7.24295   -8.29276   -8.16881   -8.15779   -7.88109
   2775.56     95000   -7.25219   -8.31059   -8.19006   -8.17085   -7.90297
   2798.88    100000   -7.28525   -8.56223   -8.52076   -8.46412   -7.97395
   2822.20      5000   -7.36561   -8.69996   -8.67696   -8.63681   -8.06900
   2845.52     10000   -7.47671   -8.51096   -8.38525   -8.37407   -8.10859
   2868.84     15000   -7.47687   -8.54905   -8.43067   -8.41009   -8.13298
   2892.17     20000   -7.51538   -8.82053   -8.79806   -8.73260   -8.20866
   2915.49     25000   -7.60255   -8.90465   -8.85788   -8.82714   -8.30142
   2938.81     30000   -7.70997   -8.73130   -8.60469   -8.59313   -8.33592
   2962.13     35000   -7.70326   -8.78958   -8.67411   -8.65197   -8.36341
   2985.45     40000   -7.74634   -9.07935   -9.08042   -9.00434   -8.44354
   3008.78     45000   -7.83978   -9.10828   -9.04189   -9.01816   -8.53327
   3032.10     50000   -7.94321   -8.95327   -8.82583   -8.81386   -8.56326
   3055.42     55000   -7.93106   -9.03172   -8.91940   -8.89551   -8.59436
   3078.74     60000   -7.97658   -9.33692   -9.36512   -9.27626   -8.67856
MyID= 0: Time=  0.1,has convergenced
     1683751 iterations for the convertgence of psi
 MyID=           0 has finish
