 START-UP FOR CHUNK...
     23.47      5000   -0.65902   -2.04552   -2.31897   -2.54701   -1.29175
     47.01     10000   -0.91002   -2.11621   -2.42289   -2.55073   -1.54297
     70.55     15000   -1.01410   -2.19408   -2.34281   -2.40681   -1.67786
     94.08     20000   -1.03614   -2.59903   -2.19239   -2.20405   -1.75089
    117.61     25000   -0.97899   -2.48049   -2.00030   -1.99344   -1.72260
    141.14     30000   -0.85471   -2.21818   -1.76426   -1.77642   -1.58379
    164.68     35000   -0.70060   -1.96638   -1.55833   -1.56795   -1.39279
    188.22     40000   -0.56318   -1.68356   -1.44164   -1.43323   -1.21764
    211.75     45000   -0.46521   -1.60277   -1.53674   -1.51748   -1.13810
    235.28     50000   -0.47055   -1.89252   -1.82249   -1.87815   -1.19995
    258.82     55000   -0.58905   -1.78100   -1.63376   -1.59764   -1.29070
    282.37     60000   -0.75115   -1.87313   -1.72057   -1.69448   -1.41835
    305.90     65000   -0.82795   -2.14122   -2.13611   -2.13031   -1.55077
    329.43     70000   -0.89064   -2.16274   -2.01276   -2.00570   -1.58411
    352.96     75000   -0.89409   -1.97225   -1.78998   -1.77381   -1.53207
    376.50     80000   -0.83024   -1.94759   -1.87083   -1.85295   -1.51846
    400.04     85000   -0.84470   -2.18919   -2.24176   -2.28140   -1.57760
    423.57     90000   -0.93967   -2.12462   -1.98226   -1.95492   -1.62766
    447.10     95000   -1.03203   -2.10314   -1.97459   -1.95353   -1.69011
    470.63    100000   -1.07717   -2.32473   -2.30825   -2.30021   -1.79313
 ITERATION...
    494.16      5000   -1.14930   -2.46740   -2.36848   -2.35898   -1.85227
    517.68     10000   -1.19937   -2.28176   -2.11710   -2.09585   -1.83842
    541.21     15000   -1.16907   -2.28065   -2.19740   -2.18032   -1.85396
    564.75     20000   -1.19543   -2.52662   -2.59695   -2.63639   -1.92423
    588.29     25000   -1.27848   -2.48285   -2.33341   -2.30795   -1.96739
    611.82     30000   -1.35232   -2.41448   -2.28259   -2.26093   -2.00480
    635.35     35000   -1.37440   -2.59192   -2.56887   -2.55892   -2.08944
    658.88     40000   -1.44599   -2.78039   -2.71769   -2.70990   -2.15533
    682.43     45000   -1.51367   -2.60690   -2.44377   -2.42224   -2.15675
    705.97     50000   -1.50093   -2.60842   -2.51507   -2.49658   -2.18306
    729.50     55000   -1.53086   -2.84885   -2.92661   -2.95411   -2.25798
    753.03     60000   -1.60876   -2.83314   -2.68231   -2.65926   -2.29967
    776.56     65000   -1.67791   -2.73579   -2.59799   -2.57545   -2.32390
    800.09     70000   -1.68560   -2.88294   -2.84547   -2.83335   -2.39700
    823.62     75000   -1.75338   -3.10020   -3.07357   -3.06782   -2.46731
    847.16     80000   -1.82579   -2.93452   -2.77229   -2.75031   -2.47681
    870.70     85000   -1.82753   -2.92761   -2.82372   -2.80496   -2.50558
    894.25     90000   -1.85603   -3.15756   -3.22631   -3.24321   -2.58238
    917.80     95000   -1.93195   -3.17836   -3.03355   -3.01255   -2.62672
    941.35    100000   -2.00498   -3.05841   -2.91598   -2.89341   -2.64382
    964.90      5000   -2.00240   -3.17918   -3.12823   -3.11437   -2.70867
    988.45     10000   -2.06466   -3.42014   -3.43018   -3.43014   -2.78263
   1011.99     15000   -2.13968   -3.26551   -3.10391   -3.08136   -2.79772
   1035.54     20000   -2.15342   -3.24270   -3.13072   -3.11114   -2.82516
   1059.06     25000   -2.17635   -3.45899   -3.50879   -3.51765   -2.90197
   1082.60     30000   -2.25173   -3.52227   -3.38818   -3.36863   -2.95092
   1106.14     35000   -2.33432   -3.38312   -3.23652   -3.21387   -2.96424
   1129.68     40000   -2.32096   -3.47901   -3.41569   -3.40064   -3.02235
   1153.22     45000   -2.37817   -3.73436   -3.78069   -3.78873   -3.09920
   1176.76     50000   -2.45334   -3.60027   -3.43876   -3.41613   -3.11925
   1200.30     55000   -2.47627   -3.55794   -3.43878   -3.41841   -3.14381
   1223.84     60000   -2.49589   -3.75686   -3.78508   -3.78720   -3.21922
   1247.38     65000   -2.56892   -3.86474   -3.74598   -3.72849   -3.27349
   1270.90     70000   -2.65818   -3.71026   -3.55956   -3.53669   -3.28510
   1294.43     75000   -2.64229   -3.78251   -3.70745   -3.69115   -3.33721
   1317.97     80000   -2.69310   -4.04297   -4.11745   -4.13291   -3.41612
   1341.52     85000   -2.76805   -3.93768   -3.77704   -3.75457   -3.44119
   1365.05     90000   -2.80107   -3.87483   -3.74888   -3.72794   -3.46240
   1388.58     95000   -2.81573   -4.05414   -4.06075   -4.05760   -3.53534
   1412.11    100000   -2.88736   -4.20395   -4.10691   -4.09233   -3.59499
   1435.65      5000   -2.97244   -4.03929   -3.88494   -3.86198   -3.60636
   1459.19     10000   -2.96329   -4.08874   -4.00288   -3.98543   -3.65282
   1482.72     15000   -3.00855   -4.34676   -4.43483   -4.45374   -3.73295
   1506.26     20000   -3.08227   -4.27689   -4.11878   -4.09666   -3.76332
   1529.80     25000   -3.12703   -4.19343   -4.06141   -4.03997   -3.78128
   1553.33     30000   -3.13435   -4.35213   -4.33854   -4.33139   -3.85093
   1576.87     35000   -3.20430   -4.53895   -4.47045   -4.45973   -3.91567
   1600.40     40000   -3.28655   -4.37001   -4.21277   -4.18976   -3.92795
   1623.93     45000   -3.28548   -4.39713   -4.30156   -4.28318   -3.96899
   1647.48     50000   -3.32415   -4.64664   -4.73261   -4.74992   -4.04947
   1671.04     55000   -3.39802   -4.61747   -4.46405   -4.44252   -4.08547
   1694.58     60000   -3.45373   -4.51384   -4.37641   -4.35456   -4.10059
   1718.12     65000   -3.45422   -4.65126   -4.61963   -4.60942   -4.16629
   1741.67     70000   -3.52090   -4.86873   -4.83493   -4.82950   -4.23561
   1765.20     75000   -3.59961   -4.70259   -4.54317   -4.52014   -4.24984
   1788.74     80000   -3.60660   -4.70754   -4.60327   -4.58408   -4.28568
   1812.28     85000   -3.63970   -4.94396   -5.01589   -5.02831   -4.36563
   1835.82     90000   -3.71443   -4.95896   -4.81298   -4.79233   -4.40749
   1859.35     95000   -3.78118   -4.83621   -4.69390   -4.67171   -4.42037
   1882.89    100000   -3.77506   -4.95194   -4.90439   -4.89181   -4.48164
   1906.43      5000   -3.83639   -5.19217   -5.19706   -5.19856   -4.55486
   1929.98     10000   -3.91405   -5.03710   -4.87624   -4.85326   -4.57197
   1953.53     15000   -3.93018   -5.01998   -4.90785   -4.88795   -4.60286
   1977.06     20000   -3.95592   -5.23999   -5.29151   -5.29803   -4.68144
   2000.59     25000   -4.03100   -5.30058   -5.16567   -5.14630   -4.72925
   2024.13     30000   -4.11035   -5.16061   -5.01385   -4.99138   -4.74063
   2047.66     35000   -4.09548   -5.25444   -5.19283   -5.17836   -4.79710
   2071.19     40000   -4.15227   -5.50877   -5.55142   -5.56088   -4.87344
   2094.72     45000   -4.22862   -5.37347   -5.21213   -5.18928   -4.89426
   2118.25     50000   -4.25259   -5.33444   -5.21514   -5.19463   -4.92054
   2141.78     55000   -4.27359   -5.53578   -5.56491   -5.56592   -4.99698
   2165.33     60000   -4.34655   -5.64130   -5.52214   -5.50462   -5.05064
   2188.87     65000   -4.43454   -5.48701   -5.33629   -5.31360   -5.06135
   2212.41     70000   -4.41757   -5.55887   -5.48482   -5.46883   -5.11278
   2235.94     75000   -4.46838   -5.81882   -5.89106   -5.90753   -5.19137
   2259.47     80000   -4.54373   -5.71158   -5.55099   -5.52840   -5.21664
   2283.01     85000   -4.57692   -5.65088   -5.52506   -5.50403   -5.23874
   2306.54     90000   -4.59243   -5.83211   -5.83939   -5.83580   -5.31231
   2330.07     95000   -4.66433   -5.97984   -5.88219   -5.86733   -5.37158
   2353.60    100000   -4.74899   -5.81541   -5.66124   -5.63838   -5.38249
   2377.14      5000   -4.73896   -5.86527   -5.78017   -5.76294   -5.42875
   2400.68     10000   -4.78439   -6.12330   -6.21058   -6.23029   -5.50870
   2424.22     15000   -4.85830   -6.05124   -5.89302   -5.87082   -5.53901
   2447.75     20000   -4.90277   -5.96929   -5.83752   -5.81604   -5.55746
   2471.28     25000   -4.91080   -6.12951   -6.11667   -6.10939   -5.62753
   2494.82     30000   -4.98088   -6.31477   -6.24512   -6.23403   -5.69200
   2518.36     35000   -5.06292   -6.14581   -5.98874   -5.96577   -5.70401
   2541.90     40000   -5.06130   -6.17365   -6.07871   -6.06045   -5.74509
   2565.43     45000   -5.10012   -6.42356   -6.50979   -6.52782   -5.82548
   2588.97     50000   -5.17406   -6.39213   -6.23838   -6.21679   -5.86129
   2612.51     55000   -5.22948   -6.28967   -6.15248   -6.13062   -5.87669
   2636.05     60000   -5.23045   -6.42837   -6.39749   -6.38728   -5.94272
   2659.58     65000   -5.29741   -6.64464   -6.60928   -6.60343   -6.01183
   2683.12     70000   -5.37607   -6.47819   -6.31886   -6.29586   -6.02585
   2706.66     75000   -5.38251   -6.48403   -6.38025   -6.36114   -6.06183
   2730.20     80000   -5.41580   -6.72109   -6.79388   -6.80688   -6.14177
   2753.75     85000   -5.49060   -6.73379   -6.58729   -6.56658   -6.18338
   2777.29     90000   -5.55678   -6.61202   -6.46991   -6.44771   -6.19643
   2800.82     95000   -5.55107   -6.72892   -6.68205   -6.66951   -6.25799
   2824.36    100000   -5.61268   -6.96830   -6.97144   -6.97247   -6.33104
   2847.91      5000   -5.69035   -6.81253   -6.65171   -6.62874   -6.34794
   2871.44     10000   -5.70598   -6.79640   -6.68466   -6.66481   -6.37902
   2894.99     15000   -5.73207   -7.01722   -7.06983   -7.07678   -6.45766
   2918.53     20000   -5.80731   -7.07550   -6.93988   -6.92044   -6.50519
   2942.07     25000   -5.88590   -6.93635   -6.78979   -6.76732   -6.51666
   2965.61     30000   -5.87153   -7.03132   -6.97032   -6.95591   -6.57341
   2989.15     35000   -5.92858   -7.28519   -7.32621   -7.33521   -6.64961
   3012.69     40000   -6.00499   -7.14875   -6.98741   -6.96456   -6.67021
   3036.22     45000   -6.02850   -7.11075   -6.99180   -6.97133   -6.69669
   3059.76     50000   -6.04976   -7.31302   -7.34326   -7.34459   -6.77324
   3083.30     55000   -6.12274   -7.41633   -7.29623   -7.27861   -6.82662
   3106.84     60000   -6.21078   -7.26267   -7.11213   -7.08944   -6.83736
   3130.37     65000   -6.19347   -7.33564   -7.26215   -7.24622   -6.88906
   3153.91     70000   -6.24470   -7.59553   -7.66666   -7.68279   -6.96756
   3177.44     75000   -6.31998   -7.48675   -7.32609   -7.30349   -6.99258
   3200.97     80000   -6.35269   -7.42708   -7.30158   -7.28057   -7.01487
   3224.51     85000   -6.36847   -7.60931   -7.61765   -7.61429   -7.08859
   3248.04     90000   -6.44062   -7.75503   -7.65615   -7.64114   -7.14760
   3271.58     95000   -6.52542   -7.59099   -7.43697   -7.41411   -7.15848
   3295.12    100000   -6.51490   -7.64194   -7.55735   -7.54017   -7.20501
   3318.66      5000   -6.56074   -7.90023   -7.98719   -8.00681   -7.28491
   3342.19     10000   -6.63464   -7.82632   -7.66794   -7.64572   -7.31496
   3365.72     15000   -6.67851   -7.74539   -7.61391   -7.59245   -7.33356
   3389.25     20000   -6.68694   -7.90665   -7.89477   -7.88766   -7.40382
   3412.77     25000   -6.75704   -8.09019   -8.01899   -8.00768   -7.46804
   3436.31     30000   -6.83921   -7.92130   -7.76435   -7.74139   -7.47998
   3459.83     35000   -6.83723   -7.95023   -7.85574   -7.83753   -7.52132
   3483.34     40000   -6.87633   -8.20067   -8.28729   -8.30548   -7.60171
   3506.86     45000   -6.95026   -8.16715   -8.01313   -7.99150   -7.63724
   3530.39     50000   -7.00526   -8.06566   -7.92874   -7.90689   -7.65277
   3553.93     55000   -7.00646   -8.20543   -8.17540   -8.16532   -7.71902
   3577.47     60000   -7.07370   -8.42035   -8.38316   -8.37702   -7.78791
   3600.99     65000   -7.15248   -8.25359   -8.09435   -8.07134   -7.80181
   3624.53     70000   -7.15847   -8.26051   -8.15715   -8.13807   -7.83804
   3648.06     75000   -7.19202   -8.49830   -8.57195   -8.58523   -7.91803
   3671.59     80000   -7.26685   -8.50877   -8.36184   -8.34108   -7.95935
   3695.10     85000   -7.33241   -8.38792   -8.24604   -8.22386   -7.97249
   3718.60     90000   -7.32703   -8.50590   -8.45977   -8.44733   -8.03428
   3742.10     95000   -7.38890   -8.74433   -8.74553   -8.74619   -8.10715
   3765.60    100000   -7.46662   -8.58783   -8.42707   -8.40409   -8.12389
   3789.11      5000   -7.48180   -8.57278   -8.46142   -8.44160   -8.15520
   3812.62     10000   -7.50828   -8.79447   -8.84815   -8.85539   -8.23393
   3836.12     15000   -7.58366   -8.85051   -8.71425   -8.69474   -8.28117
   3859.63     20000   -7.66148   -8.71215   -8.56580   -8.54334   -8.29270
   3883.14     25000   -7.64757   -8.80820   -8.74786   -8.73353   -8.34969
   3906.26     30000   -7.70486   -9.06156   -9.10083   -9.10944   -8.42576
   3929.16     35000   -7.78135   -8.92397   -8.76262   -8.73977   -8.44616
   3952.16     40000   -7.80443   -8.88704   -8.76843   -8.74798   -8.47285
   3974.98     45000   -7.82595   -9.09027   -9.12161   -9.12320   -8.54952
   3997.67     50000   -7.89895   -9.19140   -9.07041   -9.05269   -8.60262
   4020.38     55000   -7.98702   -9.03837   -8.88802   -8.86534   -8.61337
   4043.06     60000   -7.96936   -9.11243   -9.03951   -9.02365   -8.66532
MyID= 0: Time=  0.1,has convergenced
     1685727 iterations for the convertgence of psi
 MyID=           0 has finish
