 START-UP FOR CHUNK...
     23.97      5000   -0.68368   -2.04651   -2.36777   -3.20165   -1.29216
     47.76     10000   -0.98062   -2.11288   -2.69472   -3.39861   -1.54700
     71.56     15000   -1.15224   -2.18977   -2.71819   -3.66942   -1.69598
     95.36     20000   -1.29074   -2.67298   -2.66472   -3.70548   -1.81935
    119.15     25000   -1.39726   -3.58294   -3.37705   -3.98182   -1.92098
    142.94     30000   -1.47479   -2.81434   -2.89568   -3.80866   -2.00057
    166.74     35000   -1.54204   -2.55778   -3.22956   -3.66499   -2.07627
    190.54     40000   -1.61073   -2.61877   -3.17373   -3.62929   -2.16205
    214.32     45000   -1.67772   -3.07940   -3.05689   -3.53970   -2.26026
    238.12     50000   -1.72072   -3.88649   -3.32520   -3.37817   -2.35581
    261.92     55000   -1.72431   -3.32163   -3.12228   -3.16526   -2.43740
    285.72     60000   -1.69007   -2.99328   -2.97847   -2.96564   -2.50026
    309.51     65000   -1.62109   -3.04358   -2.76598   -2.78046   -2.51210
    333.32     70000   -1.51397   -3.32285   -2.57623   -2.59908   -2.41744
    357.12     75000   -1.37750   -3.15241   -2.40328   -2.41583   -2.24842
    380.92     80000   -1.22560   -2.94927   -2.23250   -2.23783   -2.06747
    404.72     85000   -1.08065   -2.77140   -2.07797   -2.07882   -1.90301
    428.52     90000   -0.98499   -2.58384   -1.96549   -1.96037   -1.77704
    452.32     95000   -1.02699   -2.44503   -1.93073   -1.92086   -1.72167
    476.11    100000   -1.18988   -2.45093   -2.01752   -2.02173   -1.77148
 ITERATION...
    499.90      5000   -1.35613   -2.67781   -2.29573   -2.35278   -1.94667
    523.70     10000   -1.49316   -3.15685   -2.85961   -2.98172   -2.23655
    547.51     15000   -1.69099   -3.34669   -2.94187   -2.88500   -2.55045
    571.31     20000   -1.95700   -3.45641   -3.02394   -3.02906   -2.78655
    595.11     25000   -2.20005   -3.62369   -3.28956   -3.42791   -2.95600
    618.91     30000   -2.41912   -3.72310   -3.57575   -3.79609   -3.06546
    642.72     35000   -2.51176   -3.88588   -3.84818   -3.86790   -3.16661
    666.52     40000   -2.60565   -4.05967   -4.11633   -4.06179   -3.27561
    690.32     45000   -2.70298   -4.09634   -4.11866   -4.12250   -3.38305
    714.11     50000   -2.80573   -4.10516   -4.10668   -4.14467   -3.48639
    737.91     55000   -2.91558   -4.18125   -4.16260   -4.26310   -3.58553
    761.71     60000   -3.02401   -4.34848   -4.26422   -4.40666   -3.68018
    785.51     65000   -3.12484   -4.50213   -4.39100   -4.51406   -3.77203
    809.30     70000   -3.21585   -4.53295   -4.50948   -4.59484   -3.86404
    833.09     75000   -3.30651   -4.57723   -4.60547   -4.65708   -3.95854
    856.89     80000   -3.39938   -4.69757   -4.67636   -4.75887   -4.05529
    880.69     85000   -3.49269   -4.90789   -4.76248   -4.87806   -4.15155
    904.49     90000   -3.58515   -5.06901   -4.86915   -4.96834   -4.24505
    928.29     95000   -3.67573   -5.02053   -4.95649   -5.03069   -4.33568
    952.09    100000   -3.75389   -4.97762   -4.96076   -5.02048   -4.41790
    975.89      5000   -3.68400   -4.95671   -4.76348   -4.84517   -4.44274
    999.69     10000   -3.40395   -4.76493   -4.45157   -4.53166   -4.29081
   1023.49     15000   -3.05814   -4.43554   -4.11111   -4.18982   -3.99023
   1047.29     20000   -2.71219   -4.09077   -3.76583   -3.84442   -3.65107
   1071.09     25000   -2.36628   -3.74511   -3.41995   -3.49854   -3.30606
   1094.89     30000   -2.02052   -3.39923   -3.07401   -3.15261   -2.96027
   1118.69     35000   -1.67545   -3.05329   -2.72811   -2.80668   -2.61441
   1142.49     40000   -1.33380   -2.70727   -2.38239   -2.46080   -2.26871
   1166.29     45000   -0.98738   -2.36089   -2.03760   -2.11521   -1.92390
   1190.08     50000   -0.65086   -2.01374   -1.69737   -1.77125   -1.58365
   1213.88     55000   -0.33927   -1.67533   -1.37629   -1.43557   -1.26396
   1237.68     60000   -0.12937   -1.46150   -1.11228   -1.12787   -1.00626
   1261.47     65000    0.05949   -1.21739   -0.98059   -1.00818   -0.84262
   1285.27     70000   -0.02976   -1.72307   -1.11227   -1.11172   -0.94569
   1309.07     75000   -0.32705   -1.51545   -1.27523   -1.24471   -1.08250
   1332.88     80000   -0.51781   -1.86052   -1.57259   -1.49874   -1.28402
   1356.67     85000   -0.62616   -2.40086   -1.74060   -1.77295   -1.42212
   1380.47     90000   -0.70236   -2.24269   -1.61184   -1.64684   -1.37582
   1404.27     95000   -0.65026   -1.96149   -1.55130   -1.65124   -1.33382
   1428.06    100000   -0.68097   -2.10751   -1.70944   -1.76534   -1.43658
   1451.87      5000   -0.79832   -2.28628   -1.90197   -1.78948   -1.54382
   1475.66     10000   -1.04653   -2.19558   -2.03334   -1.88849   -1.67450
   1499.46     15000   -1.07743   -2.30702   -2.40408   -2.18797   -1.81557
   1523.27     20000   -1.14296   -2.37597   -2.24161   -2.24825   -1.84924
   1547.07     25000   -1.18689   -2.25223   -2.08738   -2.08834   -1.82289
   1570.86     30000   -1.14409   -2.30016   -2.24045   -2.23305   -1.85182
   1594.66     35000   -1.19399   -2.63652   -2.53635   -2.56167   -1.92278
   1618.46     40000   -1.28587   -2.42860   -2.27637   -2.23492   -1.95733
   1642.25     45000   -1.33622   -2.41996   -2.30211   -2.27575   -2.01288
   1666.05     50000   -1.37464   -2.66706   -2.64299   -2.66792   -2.10464
   1689.84     55000   -1.44448   -2.73220   -2.59492   -2.56187   -2.14501
   1713.64     60000   -1.51229   -2.56680   -2.41854   -2.40428   -2.14363
   1737.43     65000   -1.48225   -2.62421   -2.57226   -2.58062   -2.19008
   1761.22     70000   -1.53353   -2.89327   -2.87699   -2.89521   -2.26105
   1785.02     75000   -1.61691   -2.76223   -2.58834   -2.56668   -2.28420
   1808.82     80000   -1.64741   -2.72283   -2.61302   -2.59094   -2.32455
   1832.61     85000   -1.67808   -2.94788   -2.96651   -2.96756   -2.40772
   1856.41     90000   -1.74759   -3.07165   -2.89537   -2.87225   -2.44969
   1880.21     95000   -1.82335   -2.88424   -2.73093   -2.70527   -2.45402
   1904.01    100000   -1.79875   -2.94953   -2.88563   -2.88090   -2.50526
   1927.80      5000   -1.85051   -3.22217   -3.20875   -3.22293   -2.57665
   1951.60     10000   -1.92966   -3.08843   -2.90957   -2.88388   -2.59688
   1975.40     15000   -1.95630   -3.03685   -2.91421   -2.89797   -2.63022
   1999.19     20000   -1.97979   -3.23537   -3.25181   -3.26046   -2.70924
   2022.99     25000   -2.04965   -3.37172   -3.20884   -3.19109   -2.75448
   2046.79     30000   -2.13338   -3.19428   -3.03454   -3.01307   -2.76150
   2070.59     35000   -2.10858   -3.25384   -3.18449   -3.17443   -2.81368
   2094.39     40000   -2.16023   -3.53419   -3.53047   -3.54793   -2.88665
   2118.18     45000   -2.23548   -3.40872   -3.22742   -3.20096   -2.90646
   2141.97     50000   -2.26537   -3.34381   -3.21811   -3.19891   -2.93523
   2165.77     55000   -2.28311   -3.53546   -3.53674   -3.54620   -3.01188
   2189.57     60000   -2.35195   -3.68219   -3.53087   -3.50996   -3.06016
   2213.37     65000   -2.44039   -3.50225   -3.34151   -3.31982   -3.06834
   2237.17     70000   -2.41676   -3.55414   -3.47784   -3.46894   -3.11964
   2260.96     75000   -2.46659   -3.82851   -3.84590   -3.86590   -3.19405
   2284.75     80000   -2.54015   -3.72560   -3.54379   -3.51916   -3.21492
   2308.56     85000   -2.57281   -3.64760   -3.52024   -3.50100   -3.24025
   2332.36     90000   -2.58777   -3.82795   -3.82347   -3.82985   -3.31508
   2356.16     95000   -2.65545   -3.99903   -3.85343   -3.83404   -3.36642
   2379.96    100000   -2.74484   -3.81225   -3.65018   -3.62698   -3.37508
   2403.76      5000   -2.72485   -3.85466   -3.77290   -3.76225   -3.42470
   2427.55     10000   -2.77249   -4.12673   -4.15494   -4.17838   -3.50032
   2451.35     15000   -2.84452   -4.04351   -3.86146   -3.83654   -3.52294
   2475.15     20000   -2.88114   -3.95347   -3.82271   -3.80357   -3.54559
   2498.96     25000   -2.89266   -4.12074   -4.10955   -4.11462   -3.61870
   2522.76     30000   -2.96015   -4.31253   -4.17747   -4.16036   -3.67296
   2546.56     35000   -3.04809   -4.12385   -3.95905   -3.93577   -3.68193
   2570.36     40000   -3.03322   -4.15508   -4.06844   -4.05627   -3.72942
   2594.15     45000   -3.07742   -4.42345   -4.45926   -4.48489   -3.80602
   2617.95     50000   -3.14926   -4.36209   -4.17934   -4.15440   -3.83076
   2641.75     55000   -3.19025   -4.26025   -4.12604   -4.10627   -3.85116
   2665.56     60000   -3.19854   -4.41592   -4.39652   -4.39969   -3.92258
   2689.36     65000   -3.26578   -4.62538   -4.50269   -4.48739   -3.97959
   2713.16     70000   -3.35059   -4.43608   -4.26880   -4.24534   -3.98891
   2736.96     75000   -3.34070   -4.45613   -4.36434   -4.35138   -4.03404
   2760.76     80000   -3.38211   -4.71818   -4.75901   -4.78547   -4.11135
   2784.55     85000   -3.45275   -4.68018   -4.49758   -4.47298   -4.13847
   2808.35     90000   -3.49973   -4.56721   -4.42975   -4.40959   -4.15688
   2832.15     95000   -3.50522   -4.71137   -4.68434   -4.68535   -4.22656
   2855.95    100000   -3.57017   -4.93738   -4.82820   -4.81528   -4.28621
   2879.76      5000   -3.65367   -4.74879   -4.57935   -4.55556   -4.29600
   2903.55     10000   -3.64830   -4.75761   -4.66103   -4.64721   -4.33866
   2927.35     15000   -3.68702   -5.01258   -5.05469   -5.08105   -4.41645
   2951.15     20000   -3.75639   -4.99827   -4.81659   -4.79215   -4.44610
   2974.95     25000   -3.80924   -4.87457   -4.73398   -4.71348   -4.46275
   2998.75     30000   -3.81026   -5.00712   -4.97278   -4.97196   -4.53058
   3022.54     35000   -3.87504   -5.24750   -5.15372   -5.14368   -4.59274
   3046.34     40000   -3.95745   -5.06211   -4.89054   -4.86654   -4.60318
   3070.14     45000   -3.95568   -5.05947   -4.95844   -4.94381   -4.64333
   3093.94     50000   -3.99123   -5.30644   -5.34718   -5.37246   -4.72136
   3117.74     55000   -4.06069   -5.31664   -5.13632   -5.11211   -4.75369
   3141.53     60000   -4.11947   -5.18246   -5.03882   -5.01792   -4.76876
   3165.34     65000   -4.11599   -5.30344   -5.26200   -5.25947   -4.83463
   3189.12     70000   -4.17963   -5.55586   -5.47884   -5.47216   -4.89915
   3212.89     75000   -4.25966   -5.37602   -5.20241   -5.17821   -4.91044
   3236.67     80000   -4.26335   -5.36187   -5.25652   -5.24118   -4.94809
   3260.45     85000   -4.29612   -5.59991   -5.63715   -5.66059   -5.02612
   3284.22     90000   -4.36566   -5.63504   -5.45679   -5.43295   -5.06122
   3308.00     95000   -4.43033   -5.49088   -5.34423   -5.32296   -5.07489
   3331.78    100000   -4.42242   -5.60030   -5.55204   -5.54788   -5.13870
   3355.55      5000   -4.48463   -5.86237   -5.80305   -5.80025   -5.20543
   3379.33     10000   -4.56219   -5.69048   -5.51496   -5.49058   -5.21779
   3403.11     15000   -4.57119   -5.66482   -5.55529   -5.53926   -5.25293
   3426.89     20000   -4.60029   -5.89328   -5.92528   -5.94634   -5.33076
   3450.66     25000   -4.67053   -5.95335   -5.77805   -5.75468   -5.36869
   3474.44     30000   -4.74094   -5.79980   -5.65023   -5.62860   -5.38115
   3498.21     35000   -4.72947   -5.89767   -5.84288   -5.83722   -5.44280
   3521.99     40000   -4.78898   -6.16693   -6.12578   -6.12732   -5.51157
   3545.76     45000   -4.86543   -6.00545   -5.82817   -5.80365   -5.52520
   3569.54     50000   -4.87865   -5.96827   -5.85472   -5.83806   -5.55789
   3593.32     55000   -4.90502   -6.18665   -6.21218   -6.23053   -5.63529
   3617.09     60000   -4.97496   -6.27147   -6.10010   -6.07732   -5.67610
   3640.87     65000   -5.05215   -6.10923   -5.95681   -5.93485   -5.68754
   3664.65     70000   -5.03641   -6.19556   -6.13451   -6.12749   -5.74693
   3688.42     75000   -5.09327   -6.46958   -6.44639   -6.45261   -5.81756
   3712.20     80000   -5.16936   -6.32091   -6.14207   -6.11744   -5.83266
   3735.97     85000   -5.18681   -6.27223   -6.15479   -6.13754   -5.86295
   3759.75     90000   -5.20978   -6.48012   -6.49837   -6.51389   -5.93972
   3783.41     95000   -5.28008   -6.58924   -6.42293   -6.40089   -5.98343
   3807.19    100000   -5.36306   -6.41917   -6.26398   -6.24170   -5.99404
   3830.84      5000   -5.34404   -6.49397   -6.42694   -6.41865   -6.05109
   3854.15     10000   -5.39825   -6.77045   -6.76422   -6.77525   -6.12340
   3877.79     15000   -5.47328   -6.63686   -6.45667   -6.43194   -6.14017
   3901.38     20000   -5.49566   -6.57669   -6.45551   -6.43769   -6.16813
   3924.48     25000   -5.51453   -6.77379   -6.78426   -6.79695   -6.24406
   3947.41     30000   -5.58442   -6.90650   -6.74650   -6.72540   -6.29068
   3970.47     35000   -5.67314   -6.72962   -6.57175   -6.54916   -6.30066
   3993.41     40000   -5.65048   -6.79289   -6.72015   -6.71070   -6.35530
   4016.61     45000   -5.70276   -7.06967   -7.07864   -7.09434   -6.42908
   4039.54     50000   -5.77626   -6.95328   -6.77197   -6.74719   -6.44772
   4062.50     55000   -5.80448   -6.88167   -6.75685   -6.73850   -6.47343
   4085.19     60000   -5.81997   -7.06773   -7.07018   -7.08014   -6.54834
   4107.82     65000   -5.88845   -7.22303   -7.07077   -7.05083   -6.59784
   4130.26     70000   -5.97894   -7.04060   -6.88011   -6.85723   -6.60739
   4152.84     75000   -5.95736   -7.09235   -7.01414   -7.00361   -6.65957
   4175.07     80000   -6.00716   -7.36744   -7.38916   -7.40901   -6.73461
   4197.22     85000   -6.07961   -7.27013   -7.08800   -7.06319   -6.75530
   4219.35     90000   -6.11239   -7.18715   -7.05881   -7.03996   -6.77885
   4241.52     95000   -6.12555   -7.36201   -7.35639   -7.36376   -6.85255
   4263.69    100000   -6.19316   -7.53863   -7.39566   -7.37715   -6.90489
   4285.83      5000   -6.28346   -7.35209   -7.18908   -7.16593   -6.91423
   4307.98     10000   -6.26494   -7.39232   -7.30888   -7.29736   -6.96390
   4330.16     15000   -6.31226   -7.66396   -7.69549   -7.71862   -7.03999
   4351.95     20000   -6.38360   -7.58738   -7.40477   -7.37998   -7.06289
   4373.75     25000   -6.42100   -7.49314   -7.36138   -7.34206   -7.08439
   4395.40     30000   -6.43118   -7.65668   -7.64306   -7.64800   -7.15671
   4416.85     35000   -6.49856   -7.85306   -7.72104   -7.70427   -7.21183
   4438.27     40000   -6.58605   -7.66411   -7.49866   -7.47525   -7.22117
   4459.63     45000   -6.57318   -7.69282   -7.60437   -7.59192   -7.26831
   4481.00     50000   -6.61639   -7.95946   -7.99759   -8.02289   -7.34522
   4502.39     55000   -6.68810   -7.90499   -7.72229   -7.69758   -7.37049
   4523.76     60000   -6.73033   -7.79964   -7.66456   -7.64478   -7.39006
   4545.09     65000   -6.73750   -7.95176   -7.93032   -7.93302   -7.46084
   4566.63     70000   -6.80427   -8.16612   -8.04675   -8.03210   -7.51864
   4587.96     75000   -6.88868   -7.97665   -7.80886   -7.78521   -7.52821
   4609.29     80000   -6.88022   -7.99384   -7.90058   -7.88727   -7.57280
   4630.69     85000   -6.92104   -8.25415   -8.29569   -8.32193   -7.65032
   4652.19     90000   -6.99117   -8.22289   -8.04057   -8.01600   -7.67808
   4673.57     95000   -7.03972   -8.10665   -7.96834   -7.94813   -7.69586
   4695.05    100000   -7.04384   -8.24730   -8.21826   -8.21890   -7.76494
   4717.07      5000   -7.10871   -8.47761   -8.37256   -8.36044   -7.82532
   4738.45     10000   -7.19198   -8.28972   -8.11968   -8.09580   -7.83535
   4759.91     15000   -7.18795   -8.29537   -8.19750   -8.18339   -7.87737
   4781.36     20000   -7.22557   -8.54824   -8.59026   -8.61625   -7.95527
   4802.74     25000   -7.29494   -8.54104   -8.35965   -8.33527   -7.98566
   4824.18     30000   -7.34943   -8.41417   -8.27271   -8.25210   -8.00178
   4845.73     35000   -7.34911   -8.54331   -8.50695   -8.50569   -8.06902
   4867.31     40000   -7.41377   -8.78736   -8.69816   -8.68905   -8.13187
   4888.97     45000   -7.49561   -8.60331   -8.43113   -8.40705   -8.14257
   4910.90     50000   -7.49515   -8.59743   -8.49511   -8.48026   -8.18204
   4932.29     55000   -7.52993   -8.84192   -8.88190   -8.90664   -8.26010
   4953.77     60000   -7.59940   -8.85932   -8.67951   -8.65542   -8.29320
   4975.16     65000   -7.65988   -8.72220   -8.57768   -8.55668   -8.30783
   4996.64     70000   -7.65507   -8.83982   -8.79641   -8.79341   -8.37310
   5018.10     75000   -7.71830   -9.09524   -9.02314   -9.01754   -8.43827
   5039.61     80000   -7.79764   -8.91741   -8.74323   -8.71897   -8.44986
   5061.03     85000   -7.80301   -8.90000   -8.79341   -8.77785   -8.48680
   5082.57     90000   -7.83469   -9.13536   -9.17125   -9.19400   -8.56481
   5104.00     95000   -7.90456   -9.17766   -9.00018   -8.97646   -8.60070
   5125.48    100000   -7.97063   -9.03074   -8.88324   -8.86187   -8.61400
   5146.89      5000   -7.96172   -9.13682   -9.08667   -9.08208   -8.67719
MyID= 0: Time=  0.1,has convergenced
     1684377 iterations for the convertgence of psi
 MyID=           0 has finish
