 START-UP FOR CHUNK...
     23.45      5000   -0.56337   -2.01104   -1.91239   -1.83248   -1.28259
     46.83     10000   -0.67822   -2.16978   -1.77263   -1.84322   -1.46432
     70.21     15000   -0.63807   -2.27664   -1.66488   -1.71253   -1.45699
     93.59     20000   -0.54291   -2.11307   -1.54591   -1.54442   -1.36818
    116.96     25000   -0.45831   -1.69364   -1.46659   -1.44964   -1.26355
    140.34     30000   -0.41043   -1.63391   -1.54814   -1.54095   -1.19874
    163.72     35000   -0.44210   -1.94183   -1.84677   -1.94891   -1.29972
    187.09     40000   -0.61539   -1.90697   -1.82980   -1.81713   -1.41266
    210.47     45000   -0.80705   -1.90641   -1.77397   -1.79397   -1.50019
    233.84     50000   -0.90523   -2.15264   -2.05899   -2.02066   -1.62203
    257.22     55000   -0.99021   -2.38093   -2.43506   -2.42620   -1.74769
    280.60     60000   -1.08003   -2.31169   -2.09844   -2.10896   -1.78325
    303.97     65000   -1.11441   -2.13921   -2.01398   -1.98347   -1.75679
    327.34     70000   -1.08362   -2.24371   -2.17986   -2.13350   -1.77919
    350.72     75000   -1.12835   -2.50438   -2.60990   -2.50951   -1.86576
    374.09     80000   -1.24612   -2.36314   -2.30115   -2.26149   -1.92624
    397.47     85000   -1.34921   -2.35233   -2.23640   -2.22859   -1.96126
    420.85     90000   -1.36045   -2.56938   -2.49619   -2.47098   -2.03777
    444.22     95000   -1.43009   -2.76235   -2.87342   -2.82097   -2.14004
    467.60    100000   -1.52874   -2.61963   -2.47803   -2.48379   -2.18069
 ITERATION...
    490.97      5000   -1.54921   -2.58468   -2.45741   -2.43695   -2.18428
    514.35     10000   -1.55439   -2.78438   -2.73843   -2.67446   -2.23973
    537.73     15000   -1.62053   -2.98093   -3.02256   -2.96622   -2.33205
    561.10     20000   -1.73205   -2.79057   -2.68258   -2.65767   -2.37636
    584.47     25000   -1.75757   -2.81873   -2.70394   -2.68093   -2.40568
    607.85     30000   -1.79350   -3.08088   -3.05610   -3.00728   -2.48417
    631.23     35000   -1.87658   -3.15406   -3.14981   -3.11874   -2.57492
    654.60     40000   -1.97132   -2.99704   -2.87162   -2.86550   -2.60258
    677.97     45000   -1.96519   -3.05152   -2.93421   -2.91398   -2.62467
    701.35     50000   -2.00011   -3.32637   -3.35147   -3.26949   -2.70228
    724.72     55000   -2.09413   -3.34441   -3.28615   -3.27095   -2.78652
    748.10     60000   -2.19149   -3.20653   -3.08298   -3.06568   -2.81298
    771.47     65000   -2.18376   -3.30097   -3.19632   -3.16567   -2.85019
    794.85     70000   -2.23055   -3.61057   -3.68785   -3.59335   -2.93871
    818.22     75000   -2.33460   -3.52094   -3.43955   -3.42115   -3.01388
    841.60     80000   -2.42058   -3.41508   -3.29196   -3.27746   -3.03153
    864.97     85000   -2.39986   -3.54396   -3.44635   -3.41851   -3.07249
    888.35     90000   -2.45128   -3.84053   -3.97473   -3.86342   -3.16327
    911.72     95000   -2.56045   -3.70187   -3.60240   -3.59238   -3.22926
    935.10    100000   -2.62857   -3.63804   -3.51335   -3.49685   -3.24729
    958.48      5000   -2.62218   -3.80483   -3.72409   -3.68568   -3.30005
    981.85     10000   -2.68209   -4.08225   -4.19362   -4.10476   -3.39458
   1005.23     15000   -2.79116   -3.89261   -3.77935   -3.76605   -3.44896
   1028.60     20000   -2.82914   -3.86003   -3.73886   -3.71930   -3.46574
   1051.98     25000   -2.84190   -4.06285   -4.00059   -3.95815   -3.52622
   1075.35     30000   -2.91003   -4.27462   -4.33634   -4.27586   -3.62002
   1098.72     35000   -3.01756   -4.08353   -3.96586   -3.95413   -3.66420
   1122.10     40000   -3.03614   -4.09238   -3.97295   -3.95310   -3.68500
   1145.47     45000   -3.06355   -4.33176   -4.30076   -4.24639   -3.75535
   1168.85     50000   -3.14387   -4.46383   -4.45385   -4.42366   -3.84668
   1192.23     55000   -3.24552   -4.28518   -4.16036   -4.14754   -3.88067
   1215.60     60000   -3.24800   -4.32794   -4.21345   -4.18941   -3.90590
   1238.97     65000   -3.28388   -4.60039   -4.60990   -4.54023   -3.98401
   1262.35     70000   -3.37540   -4.63972   -4.58892   -4.56687   -4.06971
   1285.72     75000   -3.47125   -4.48978   -4.36457   -4.35046   -4.09594
   1309.10     80000   -3.46223   -4.57100   -4.46280   -4.43699   -4.12846
   1332.47     85000   -3.50638   -4.86675   -4.93465   -4.84515   -4.21381
   1355.84     90000   -3.60850   -4.81560   -4.73374   -4.71959   -4.29172
   1379.22     95000   -3.69816   -4.70174   -4.57425   -4.55949   -4.31210
   1402.59    100000   -3.68075   -4.81923   -4.71982   -4.68937   -4.35251
   1425.97      5000   -3.73165   -5.12224   -5.24473   -5.13520   -4.44298
   1449.34     10000   -3.83944   -4.99644   -4.89646   -4.88356   -4.51118
   1472.72     15000   -3.91497   -4.91905   -4.79295   -4.77614   -4.52867
   1496.10     20000   -3.90138   -5.07443   -4.98807   -4.95303   -4.57820
   1519.47     25000   -3.95925   -5.35582   -5.48499   -5.38543   -4.67185
   1542.85     30000   -4.06856   -5.18092   -5.06907   -5.05735   -4.72933
   1566.22     35000   -4.11400   -5.14188   -5.01691   -4.99889   -4.74647
   1589.60     40000   -4.12320   -5.33482   -5.26640   -5.22447   -4.80517
   1612.97     45000   -4.18842   -5.56443   -5.63922   -5.57316   -4.89938
   1636.35     50000   -4.29694   -5.37295   -5.25365   -5.24174   -4.94596
   1659.72     55000   -4.31909   -5.37100   -5.24932   -5.22898   -4.96546
   1683.10     60000   -4.34376   -5.60130   -5.55979   -5.50825   -5.03335
   1706.47     65000   -4.42032   -5.75314   -5.76017   -5.72264   -5.12550
   1729.84     70000   -4.52419   -5.57020   -5.44636   -5.43376   -5.16195
   1753.22     75000   -4.52982   -5.60538   -5.48787   -5.46534   -5.18602
   1776.59     80000   -4.56448   -5.87002   -5.86694   -5.80157   -5.26233
   1799.97     85000   -4.65332   -5.93097   -5.88899   -5.86600   -5.34962
   1823.34     90000   -4.75018   -5.77425   -5.64800   -5.63457   -5.37754
   1846.71     95000   -4.74344   -5.84629   -5.73510   -5.70963   -5.40810
   1870.09    100000   -4.78645   -6.13812   -6.18905   -6.10408   -5.49178
   1893.46      5000   -4.88552   -6.10711   -6.03154   -6.01567   -5.57180
   1916.84     10000   -4.97703   -5.98393   -5.85663   -5.84191   -5.59342
   1940.21     15000   -4.96119   -6.09287   -5.99013   -5.96104   -5.63183
   1963.59     20000   -5.01010   -6.39640   -6.50669   -6.40067   -5.72121
   1986.96     25000   -5.11756   -6.28581   -6.18992   -6.17687   -5.79192
   2010.34     30000   -5.20190   -6.19973   -6.07290   -6.05683   -5.80985
   2033.71     35000   -5.18192   -6.34604   -6.25536   -6.22167   -5.85707
   2057.09     40000   -5.23819   -6.63589   -6.76983   -6.66414   -5.95015
   2080.46     45000   -5.34643   -6.46968   -6.36019   -6.34835   -6.01033
   2103.83     50000   -5.39904   -6.42119   -6.29572   -6.27797   -6.02732
   2127.21     55000   -5.40401   -6.60508   -6.53116   -6.49114   -6.08376
   2150.58     60000   -5.46662   -6.85035   -6.94129   -6.86630   -6.17808
   2173.95     65000   -5.57478   -6.65962   -6.54200   -6.53011   -6.22731
   2197.33     70000   -5.60245   -6.64859   -6.52593   -6.50626   -6.24599
   2220.70     75000   -5.62396   -6.86990   -6.82045   -6.77177   -6.31164
   2244.07     80000   -5.69769   -7.04266   -7.06535   -7.02221   -6.40456
   2267.45     85000   -5.80283   -6.85568   -6.73273   -6.72040   -6.44340
   2290.82     90000   -5.81195   -6.88172   -6.76298   -6.74104   -6.46615
   2314.20     95000   -5.84524   -7.13837   -7.12426   -7.06282   -6.54046
   2337.58    100000   -5.93025   -7.22244   -7.19072   -7.16506   -6.62921
   2360.95      5000   -6.02953   -7.05806   -6.93227   -6.91903   -6.65905
   2384.33     10000   -6.02519   -7.12093   -7.00798   -6.98329   -6.68785
   2407.71     15000   -6.06649   -7.40709   -7.44321   -7.36367   -6.76983
   2431.09     20000   -6.16318   -7.39824   -7.32975   -7.31258   -6.85187
   2454.46     25000   -6.25639   -7.26635   -7.13918   -7.12483   -6.87481
   2477.84     30000   -6.24197   -7.36612   -7.26099   -7.23291   -6.91117
   2501.22     35000   -6.28892   -7.66865   -7.76528   -7.66382   -6.99932
   2524.59     40000   -6.39491   -7.57607   -7.48436   -7.47087   -7.07249
   2547.96     45000   -6.48192   -7.48068   -7.35358   -7.33786   -7.09108
   2571.34     50000   -6.46297   -7.61765   -7.52356   -7.49112   -7.13605
   2594.71     55000   -6.51666   -7.91369   -8.04821   -7.93893   -7.22843
   2618.08     60000   -6.62484   -7.75851   -7.65188   -7.63985   -7.29129
   2641.46     65000   -6.68431   -7.70072   -7.57479   -7.55748   -7.30825
   2664.83     70000   -6.68322   -7.87527   -7.79658   -7.75835   -7.36240
   2688.20     75000   -6.74425   -8.13437   -8.24067   -8.15671   -7.45665
   2711.57     80000   -6.85306   -7.94691   -7.83096   -7.81917   -7.50858
   2734.95     85000   -6.88631   -7.92665   -7.80314   -7.78398   -7.52661
   2758.32     90000   -6.90381   -8.13875   -8.08232   -8.03608   -7.59001
   2781.69     95000   -6.97532   -8.33151   -8.37068   -8.32094   -7.68353
   2805.07    100000   -7.08099   -8.14146   -8.01960   -8.00742   -7.72485
   2828.44      5000   -7.09456   -8.15834   -8.03847   -8.01714   -7.74639
   2851.81     10000   -7.12483   -8.40658   -8.38240   -8.32460   -7.81863
   2875.19     15000   -7.20750   -8.51344   -8.49351   -8.46457   -7.90866
   2898.56     20000   -7.30851   -8.34227   -8.21702   -8.20404   -7.94056
   2921.93     25000   -7.30742   -8.39602   -8.28143   -8.25749   -7.96770
   2945.31     30000   -7.34592   -8.67574   -8.69794   -8.62344   -8.04789
   2968.68     35000   -7.44028   -8.68959   -8.62881   -8.61012   -8.13182
   2992.05     40000   -7.53466   -8.54911   -8.42216   -8.40811   -8.15625
   3015.43     45000   -7.52297   -8.63972   -8.53239   -8.50522   -8.19062
   3038.80     50000   -7.56819   -8.93993   -9.02162   -8.92540   -8.27739
   3062.17     55000   -7.67271   -8.86657   -8.77970   -8.76557   -8.35293
   3085.55     60000   -7.76134   -8.76194   -8.63473   -8.61937   -8.37235
   3108.92     65000   -7.74271   -8.88966   -8.79246   -8.76122   -8.41511
   3132.29     70000   -7.79491   -9.18997   -9.32034   -9.21003   -8.50664
   3155.67     75000   -7.90362   -9.04772   -8.94421   -8.93196   -8.57216
   3179.04     80000   -7.97011   -8.98058   -8.85426   -8.83737   -8.58927
   3202.41     85000   -7.96288   -9.14578   -9.06274   -9.02612   -8.64111
MyID= 0: Time=  0.1,has convergenced
     1684656 iterations for the convertgence of psi
 MyID=           0 has finish
