 START-UP FOR CHUNK...
     23.43      5000   -0.66351   -2.04420   -2.33400   -2.59399   -1.29388
     46.77     10000   -0.91911   -2.11293   -2.47873   -2.59922   -1.54584
     70.10     15000   -1.03003   -2.20214   -2.37787   -2.45874   -1.68369
     93.45     20000   -1.05991   -2.69056   -2.23718   -2.25547   -1.76569
    116.83     25000   -1.00966   -2.53980   -2.04721   -2.04138   -1.75017
    140.20     30000   -0.89155   -2.27362   -1.80802   -1.82003   -1.62059
    163.56     35000   -0.73643   -2.02751   -1.59208   -1.60271   -1.42821
    186.90     40000   -0.59026   -1.72757   -1.45102   -1.44423   -1.24080
    210.25     45000   -0.47080   -1.58235   -1.49521   -1.47495   -1.13603
    233.60     50000   -0.45222   -1.82632   -1.79172   -1.86072   -1.17858
    256.94     55000   -0.55666   -1.79971   -1.64184   -1.60347   -1.27105
    280.28     60000   -0.73715   -1.84158   -1.68325   -1.65622   -1.39396
    303.64     65000   -0.81239   -2.09590   -2.05220   -2.03852   -1.53330
    326.99     70000   -0.88349   -2.18753   -2.06314   -2.06153   -1.58320
    350.33     75000   -0.88690   -1.99397   -1.79434   -1.77950   -1.53312
    373.67     80000   -0.82736   -1.93057   -1.83340   -1.81348   -1.50694
    397.01     85000   -0.82581   -2.14327   -2.19414   -2.23400   -1.55935
    420.34     90000   -0.91265   -2.14483   -1.99918   -1.97103   -1.61394
    443.67     95000   -1.02434   -2.08571   -1.94814   -1.92641   -1.67185
    467.05    100000   -1.06125   -2.28350   -2.23437   -2.22375   -1.77377
 ITERATION...
    490.40      5000   -1.13509   -2.47540   -2.41809   -2.41321   -1.84337
    513.77     10000   -1.18333   -2.29316   -2.11821   -2.09833   -1.83233
    537.15     15000   -1.16060   -2.25905   -2.15879   -2.14064   -1.83845
    560.49     20000   -1.17544   -2.48120   -2.53964   -2.57242   -1.90474
    583.84     25000   -1.25593   -2.49916   -2.35195   -2.32717   -1.95376
    607.19     30000   -1.34504   -2.39851   -2.25902   -2.23654   -1.98725
    630.54     35000   -1.35846   -2.54978   -2.49975   -2.48756   -2.06792
    653.88     40000   -1.42645   -2.77863   -2.76214   -2.76012   -2.14123
    677.22     45000   -1.49150   -2.61241   -2.44331   -2.42204   -2.14580
    700.55     50000   -1.48929   -2.58217   -2.47514   -2.45606   -2.16398
    723.89     55000   -1.50847   -2.79893   -2.85552   -2.87532   -2.23576
    747.24     60000   -1.58506   -2.84736   -2.70278   -2.68121   -2.28415
    770.58     65000   -1.66954   -2.72055   -2.57537   -2.55238   -2.30518
    793.93     70000   -1.66863   -2.83802   -2.77899   -2.76486   -2.37271
    817.29     75000   -1.73040   -3.08671   -3.10892   -3.11251   -2.44860
    840.66     80000   -1.80168   -2.93886   -2.77134   -2.74945   -2.46203
    864.02     85000   -1.81309   -2.89965   -2.78367   -2.76401   -2.48342
    887.38     90000   -1.83158   -3.10381   -3.14464   -3.15383   -2.55691
    910.72     95000   -1.90561   -3.19023   -3.05643   -3.03761   -2.60839
    934.08    100000   -1.99646   -3.04452   -2.89400   -2.87109   -2.62322
    957.46      5000   -1.98184   -3.13401   -3.06372   -3.04811   -2.68154
    980.84     10000   -2.03788   -3.39308   -3.44949   -3.46036   -2.75956
   1004.20     15000   -2.11079   -3.26918   -3.10314   -3.08099   -2.77953
   1027.55     20000   -2.13449   -3.21432   -3.09064   -3.07032   -2.80021
   1050.89     25000   -2.15036   -3.40250   -3.42185   -3.42346   -2.87310
   1074.24     30000   -2.22257   -3.52942   -3.41338   -3.39702   -2.92926
   1097.58     35000   -2.31317   -3.36961   -3.21498   -3.19210   -2.94140
   1120.93     40000   -2.29909   -3.43396   -3.35276   -3.33613   -2.99241
   1144.28     45000   -2.34805   -3.69503   -3.77481   -3.79172   -3.07193
   1167.61     50000   -2.42224   -3.60270   -3.43880   -3.41672   -3.09776
   1190.94     55000   -2.45725   -3.52892   -3.39874   -3.37785   -3.11620
   1214.28     60000   -2.46866   -3.69827   -3.69641   -3.69264   -3.18693
   1237.61     65000   -2.53832   -3.86498   -3.77314   -3.75999   -3.24818
   1260.95     70000   -2.62291   -3.69642   -3.53837   -3.51541   -3.25979
   1284.29     75000   -2.61702   -3.73692   -3.64572   -3.62811   -3.30449
   1307.64     80000   -2.65944   -3.99284   -4.08025   -4.09920   -3.38474
   1330.98     85000   -2.73242   -3.93888   -3.77832   -3.75653   -3.41638
   1354.32     90000   -2.78044   -3.84503   -3.70897   -3.68759   -3.43221
   1377.66     95000   -2.78420   -3.99378   -3.97247   -3.96481   -3.49970
   1401.00    100000   -2.85245   -4.19549   -4.13483   -4.12617   -3.56583
   1424.33      5000   -2.93441   -4.02518   -3.86419   -3.84120   -3.57844
   1447.66     10000   -2.93524   -4.04254   -3.94210   -3.92359   -3.61739
   1471.00     15000   -2.97146   -4.28750   -4.36782   -4.38409   -3.69755
   1494.35     20000   -3.04564   -4.27679   -4.12166   -4.10050   -3.73513
   1517.69     25000   -3.10391   -4.16315   -4.02165   -3.99983   -3.74855
   1541.04     30000   -3.10140   -4.29041   -4.25167   -4.24104   -3.81204
   1564.37     35000   -3.16565   -4.51977   -4.49633   -4.49378   -3.88253
   1587.71     40000   -3.24377   -4.35584   -4.19259   -4.16961   -3.89732
   1611.07     45000   -3.25361   -4.35051   -4.24155   -4.22226   -3.93092
   1634.41     50000   -3.28418   -4.58036   -4.64367   -4.65454   -4.01017
   1657.75     55000   -3.35831   -4.61541   -4.46886   -4.44873   -4.05378
   1681.09     60000   -3.42927   -4.48328   -4.33682   -4.31466   -4.06534
   1704.47     65000   -3.41979   -4.58865   -4.53447   -4.52153   -4.12429
   1727.85     70000   -3.47892   -4.83708   -4.85352   -4.85868   -4.19842
   1751.23     75000   -3.55597   -4.68831   -4.52371   -4.50082   -4.21638
   1774.60     80000   -3.57417   -4.66061   -4.54388   -4.52391   -4.24503
   1797.98     85000   -3.59741   -4.87258   -4.91427   -4.91922   -4.32254
   1821.36     90000   -3.67095   -4.95376   -4.81998   -4.80136   -4.37217
   1844.72     95000   -3.75578   -4.80543   -4.65451   -4.63207   -4.38259
   1868.07    100000   -3.73690   -4.88872   -4.82090   -4.80615   -4.43664
   1891.44      5000   -3.79132   -5.14736   -5.20011   -5.21342   -4.51359
   1914.78     10000   -3.86658   -5.02255   -4.85772   -4.83502   -4.53556
   1938.12     15000   -3.89346   -4.97274   -4.84893   -4.82838   -4.55967
   1961.47     20000   -3.91198   -5.16500   -5.18421   -5.18390   -4.63470
   1984.82     25000   -3.98419   -5.29068   -5.17494   -5.15850   -4.69019
   2008.17     30000   -4.07195   -5.12961   -4.97474   -4.95209   -4.70029
   2031.52     35000   -4.05588   -5.19073   -5.11084   -5.09464   -4.74920
   2054.86     40000   -4.10396   -5.45130   -5.52913   -5.54844   -4.82808
   2078.21     45000   -4.17923   -5.35847   -5.19480   -5.17241   -4.85479
   2101.56     50000   -4.21564   -5.28687   -5.15661   -5.13555   -4.87485
   2124.90     55000   -4.22850   -5.45826   -5.45614   -5.45149   -4.94671
   2148.25     60000   -4.29818   -5.62475   -5.53335   -5.52004   -5.00773
   2171.59     65000   -4.38158   -5.45584   -5.29754   -5.27473   -5.01841
   2194.95     70000   -4.37466   -5.49473   -5.40413   -5.38673   -5.06209
   2218.29     75000   -4.41658   -5.75014   -5.83685   -5.85746   -5.14197
   2241.64     80000   -4.48994   -5.69583   -5.53516   -5.51325   -5.17398
   2264.99     85000   -4.53861   -5.60301   -5.46686   -5.44536   -5.19057
   2288.34     90000   -4.54313   -5.75285   -5.73130   -5.72320   -5.25866
   2311.68     95000   -4.61147   -5.95444   -5.89417   -5.88530   -5.32471
   2335.03    100000   -4.69292   -5.78411   -5.62297   -5.60007   -5.33688
   2358.37      5000   -4.69321   -5.80076   -5.70057   -5.68218   -5.37535
   2381.73     10000   -4.72919   -6.04540   -6.12561   -6.14280   -5.45531
   2405.11     15000   -4.80349   -6.03426   -5.87898   -5.85779   -5.49302
   2428.46     20000   -4.86206   -5.92116   -5.77962   -5.75774   -5.50681
   2451.80     25000   -4.85993   -6.04907   -6.01018   -5.99934   -5.57062
   2475.14     30000   -4.92428   -6.27833   -6.25512   -6.25234   -5.64108
   2498.49     35000   -5.00217   -6.11439   -5.95111   -5.92818   -5.65566
   2521.83     40000   -5.01173   -6.10882   -6.00000   -5.98077   -5.68905
   2545.15     45000   -5.04219   -6.33856   -6.40197   -6.41330   -5.76819
   2568.48     50000   -5.11636   -6.37315   -6.22646   -6.20632   -5.81183
   2591.81     55000   -5.18739   -6.24133   -6.09487   -6.07268   -5.82356
   2615.16     60000   -5.17817   -6.34710   -6.29287   -6.27985   -5.88269
   2638.51     65000   -5.23734   -6.59549   -6.61201   -6.61692   -5.95682
   2661.86     70000   -5.31430   -6.44665   -6.28206   -6.25920   -5.97466
   2685.20     75000   -5.33236   -6.41891   -6.30227   -6.28234   -6.00322
   2708.55     80000   -5.35554   -6.63089   -6.67274   -6.67793   -6.08069
   2731.89     85000   -5.42911   -6.71168   -6.57774   -6.55911   -6.13031
   2755.24     90000   -5.51391   -6.56351   -6.41262   -6.39016   -6.14081
   2778.59     95000   -5.49518   -6.64707   -6.57927   -6.56449   -6.19496
   2801.94    100000   -5.54965   -6.90572   -6.95845   -6.97156   -6.27190
   2825.28      5000   -5.62488   -6.78078   -6.61596   -6.59327   -6.29382
   2848.63     10000   -5.65166   -6.73101   -6.60728   -6.58675   -6.31789
   2871.96     15000   -5.67017   -6.92334   -6.94273   -6.94254   -6.39291
   2895.30     20000   -5.74238   -7.04870   -6.93278   -6.91633   -6.44838
   2918.64     25000   -5.83020   -6.88772   -6.73288   -6.71021   -6.45851
   2941.98     30000   -5.81414   -6.94904   -6.86920   -6.85298   -6.50749
   2965.32     35000   -5.86226   -7.20965   -7.28746   -7.30664   -6.58636
   2988.66     40000   -5.93753   -7.11664   -6.95297   -6.93059   -6.61303
   3012.01     45000   -5.97383   -7.04513   -6.91493   -6.89388   -6.63308
   3035.35     50000   -5.98673   -7.21662   -7.21465   -7.21007   -6.70495
   3058.65     55000   -6.05641   -7.38285   -7.29123   -7.27791   -6.76594
   3081.96     60000   -6.13985   -7.21397   -7.05569   -7.03287   -6.77662
   3105.27     65000   -6.13288   -7.25303   -7.16247   -7.14507   -6.82035
   3128.58     70000   -6.17486   -7.50850   -7.59524   -7.61580   -6.90023
   3151.88     75000   -6.24821   -7.45397   -7.29327   -7.27136   -6.93220
   3175.20     80000   -6.29680   -7.36125   -7.22514   -7.20365   -6.94880
   3198.51     85000   -6.30135   -7.51121   -7.48978   -7.48172   -7.01690
   3221.82     90000   -6.36972   -7.71259   -7.65208   -7.64318   -7.08293
   3245.13     95000   -6.45120   -7.54224   -7.38112   -7.35821   -7.09510
   3268.44    100000   -6.45144   -7.55905   -7.45890   -7.44051   -7.13361
   3291.75      5000   -6.48746   -7.80377   -7.88407   -7.90126   -7.21357
   3315.06     10000   -6.56173   -7.79237   -7.63706   -7.61586   -7.25125
   3338.37     15000   -6.62025   -7.67939   -7.53788   -7.51601   -7.26504
   3361.68     20000   -6.61816   -7.80742   -7.76864   -7.75783   -7.32887
   3385.02     25000   -6.68254   -8.03653   -8.01306   -8.01024   -7.39931
   3408.36     30000   -6.76044   -7.87252   -7.70924   -7.68632   -7.41388
   3431.71     35000   -6.76995   -7.86710   -7.75832   -7.73910   -7.44730
   3455.05     40000   -6.80045   -8.09695   -8.16047   -8.17182   -7.52645
   3478.39     45000   -6.87461   -8.13126   -7.98451   -7.96436   -7.57006
   3501.73     50000   -6.94556   -7.99954   -7.85311   -7.83092   -7.58179
   3525.06     55000   -6.93641   -8.10545   -8.05130   -8.03830   -7.64095
   3548.39     60000   -6.99558   -8.35374   -8.37000   -8.37487   -7.71505
   3571.71     65000   -7.07255   -8.20477   -8.04018   -8.01733   -7.73288
   3595.04     70000   -7.09058   -8.17717   -8.06058   -8.04065   -7.76147
   3618.36     75000   -7.11378   -8.38927   -8.43126   -8.43648   -7.83895
   3641.69     80000   -7.18738   -8.46978   -8.33575   -8.31711   -7.88854
   3665.01     85000   -7.27208   -8.32171   -8.17084   -8.14839   -7.89903
   3688.34     90000   -7.25340   -8.40540   -8.33768   -8.32291   -7.95321
   3711.67     95000   -7.30790   -8.66401   -8.71654   -8.72960   -8.03015
   3735.00    100000   -7.38314   -8.53890   -8.37407   -8.35138   -8.05203
   3758.33      5000   -7.40986   -8.48927   -8.36557   -8.34504   -8.07614
   3781.65     10000   -7.42841   -8.68172   -8.70124   -8.70108   -8.15117
   3804.98     15000   -7.50063   -8.80682   -8.69077   -8.67430   -8.20660
   3828.31     20000   -7.58845   -8.64590   -8.49108   -8.46842   -8.21673
   3851.63     25000   -7.57236   -8.70736   -8.62759   -8.61138   -8.26574
   3874.96     30000   -7.62051   -8.96798   -9.04567   -9.06484   -8.34461
   3898.20     35000   -7.69581   -8.87475   -8.71107   -8.68868   -8.37124
   3921.10     40000   -7.73202   -8.80337   -8.67320   -8.65216   -8.39132
   3944.00     45000   -7.74498   -8.97499   -8.97314   -8.96859   -8.46321
   3966.55     50000   -7.81467   -9.14099   -9.04920   -9.03585   -8.52416
   3989.06     55000   -7.89813   -8.97213   -8.81388   -8.79106   -8.53484
   4011.59     60000   -7.89109   -9.01133   -8.92084   -8.90345   -8.57861
   4034.13     65000   -7.93312   -9.26686   -9.35359   -9.37416   -8.65848
MyID= 0: Time=  0.1,has convergenced
     1685082 iterations for the convertgence of psi
 MyID=           0 has finish
