 START-UP FOR CHUNK...
     23.53      5000   -0.55242   -2.00312   -1.87401   -1.78831   -1.28087
     46.96     10000   -0.65570   -2.17649   -1.73021   -1.80215   -1.45059
     70.38     15000   -0.60655   -2.26421   -1.62471   -1.67626   -1.43215
     93.80     20000   -0.51089   -2.05295   -1.52098   -1.51631   -1.34373
    117.23     25000   -0.44014   -1.65894   -1.46324   -1.44773   -1.24730
    140.65     30000   -0.40494   -1.68286   -1.60381   -1.58997   -1.20459
    164.07     35000   -0.45490   -1.95448   -1.83256   -1.97132   -1.32928
    187.50     40000   -0.65051   -1.90320   -1.81570   -1.79682   -1.43819
    210.92     45000   -0.85251   -1.93949   -1.80465   -1.82789   -1.53377
    234.34     50000   -0.93013   -2.22145   -2.12619   -2.09900   -1.65714
    257.76     55000   -1.01063   -2.39621   -2.38901   -2.39911   -1.77996
    281.18     60000   -1.10535   -2.31593   -2.09468   -2.11411   -1.80901
    304.61     65000   -1.14556   -2.17089   -2.04492   -2.01715   -1.78722
    328.03     70000   -1.11514   -2.30483   -2.24078   -2.18980   -1.81859
    351.45     75000   -1.16651   -2.57287   -2.62570   -2.52540   -1.91177
    374.87     80000   -1.29224   -2.40292   -2.33245   -2.28772   -1.97248
    398.30     85000   -1.39538   -2.39181   -2.28209   -2.27230   -2.00781
    421.72     90000   -1.40525   -2.62311   -2.54128   -2.52284   -2.08371
    445.14     95000   -1.47375   -2.81579   -2.91239   -2.84219   -2.18877
    468.56    100000   -1.58376   -2.67038   -2.52884   -2.53856   -2.23606
 ITERATION...
    491.98      5000   -1.61278   -2.63771   -2.50433   -2.49107   -2.24142
    515.40     10000   -1.61118   -2.83225   -2.76924   -2.70917   -2.29480
    538.83     15000   -1.67719   -3.07151   -3.11110   -3.03877   -2.39114
    562.25     20000   -1.79668   -2.86944   -2.75826   -2.73346   -2.44410
    585.67     25000   -1.83063   -2.86968   -2.75482   -2.73107   -2.47013
    609.09     30000   -1.86037   -3.11314   -3.05312   -3.01261   -2.54166
    632.51     35000   -1.93412   -3.26864   -3.30070   -3.23877   -2.63982
    655.93     40000   -2.04472   -3.08336   -2.96182   -2.95672   -2.68196
    679.35     45000   -2.04946   -3.10517   -2.97858   -2.96621   -2.69905
    702.77     50000   -2.07798   -3.35199   -3.30815   -3.24849   -2.76702
    726.20     55000   -2.15734   -3.48879   -3.47403   -3.43984   -2.86207
    749.62     60000   -2.27012   -3.30854   -3.18341   -3.17078   -2.90297
    773.04     65000   -2.27461   -3.34782   -3.23111   -3.20577   -2.92926
    796.46     70000   -2.31472   -3.62547   -3.60073   -3.53485   -3.00656
    819.88     75000   -2.40140   -3.69819   -3.65582   -3.61951   -3.09970
    843.30     80000   -2.50720   -3.52140   -3.39920   -3.38670   -3.13294
    866.72     85000   -2.49838   -3.58174   -3.46460   -3.44602   -3.15861
    890.14     90000   -2.54051   -3.87092   -3.86826   -3.79540   -3.23763
    913.57     95000   -2.63353   -3.89450   -3.83826   -3.81641   -3.32739
    936.99    100000   -2.73763   -3.74766   -3.62070   -3.61062   -3.35780
    960.41      5000   -2.72640   -3.82893   -3.71640   -3.69144   -3.38944
    983.83     10000   -2.77261   -4.13782   -4.16640   -4.07555   -3.47423
   1007.25     15000   -2.87322   -4.10760   -4.02354   -4.00438   -3.56020
   1030.68     20000   -2.97112   -3.96917   -3.84311   -3.82897   -3.58558
   1054.10     25000   -2.95243   -4.06835   -3.96019   -3.93469   -3.62010
   1077.52     30000   -3.00214   -4.38606   -4.44309   -4.34214   -3.70766
   1100.94     35000   -3.10853   -4.30548   -4.21863   -4.20163   -3.78890
   1124.36     40000   -3.20234   -4.19525   -4.06881   -4.05686   -3.81183
   1147.78     45000   -3.18122   -4.31731   -4.21369   -4.18628   -3.85166
   1171.20     50000   -3.23351   -4.63852   -4.72763   -4.61318   -3.94297
   1194.62     55000   -3.34642   -4.51553   -4.41111   -4.39885   -4.01911
   1218.04     60000   -3.43541   -4.42279   -4.29513   -4.28072   -4.03929
   1241.47     65000   -3.41022   -4.56339   -4.46579   -4.43410   -4.08352
   1264.89     70000   -3.46582   -4.88221   -4.98754   -4.86580   -4.17709
   1288.31     75000   -3.58165   -4.72147   -4.61461   -4.60099   -4.24743
   1311.73     80000   -3.65221   -4.65158   -4.52585   -4.51130   -4.26638
   1335.15     85000   -3.64166   -4.81479   -4.72431   -4.69102   -4.31594
   1358.57     90000   -3.70043   -5.11568   -5.21975   -5.10800   -4.41162
   1381.99     95000   -3.81736   -4.93100   -4.81541   -4.80488   -4.47604
   1405.42    100000   -3.86817   -4.88267   -4.75598   -4.74054   -4.49423
   1428.84      5000   -3.87054   -5.06622   -4.98372   -4.94508   -4.54881
   1452.26     10000   -3.93452   -5.34414   -5.42640   -5.32879   -4.64551
   1475.68     15000   -4.05089   -5.14309   -5.02471   -5.01313   -4.70363
   1499.11     20000   -4.08704   -5.11545   -4.99121   -4.97435   -4.72215
   1522.53     25000   -4.10199   -5.32119   -5.24967   -5.20729   -4.78208
   1545.95     30000   -4.16889   -5.56066   -5.60802   -5.53406   -4.87923
   1569.37     35000   -4.28521   -5.35547   -5.23301   -5.22246   -4.93121
   1592.79     40000   -4.30695   -5.34962   -5.22572   -5.20824   -4.95072
   1616.22     45000   -4.33123   -5.57661   -5.51705   -5.46837   -5.01576
   1639.64     50000   -4.40443   -5.77274   -5.78607   -5.72965   -5.11233
   1663.06     55000   -4.51919   -5.57173   -5.44726   -5.43629   -5.15819
   1686.48     60000   -4.52936   -5.58636   -5.46512   -5.44593   -5.17955
   1709.90     65000   -4.56144   -5.83497   -5.79197   -5.73639   -5.24974
   1733.33     70000   -4.64115   -5.97896   -5.95885   -5.91797   -5.34502
   1756.75     75000   -4.75240   -5.78832   -5.66177   -5.65070   -5.38518
   1780.17     80000   -4.75321   -5.82400   -5.70446   -5.68418   -5.40901
   1803.59     85000   -4.79121   -6.09296   -6.06866   -6.00423   -5.48403
   1827.01     90000   -4.87760   -6.18270   -6.13842   -6.10715   -5.57702
   1850.43     95000   -4.98526   -6.00813   -5.88070   -5.86931   -5.61185
   1873.86    100000   -4.97883   -6.06450   -5.94818   -5.92616   -5.63883
   1897.28      5000   -5.02175   -6.35255   -6.35281   -6.27755   -5.71849
   1920.70     10000   -5.11462   -6.38540   -6.31913   -6.29559   -5.80848
   1944.12     15000   -5.21824   -6.22897   -6.10044   -6.08854   -5.83864
   1967.54     20000   -5.20607   -6.30602   -6.19268   -6.16892   -5.86928
   1990.96     25000   -5.25136   -6.61007   -6.63785   -6.54946   -5.95313
   2014.38     30000   -5.35161   -6.58818   -6.50745   -6.48817   -6.03920
   2037.81     35000   -5.45033   -6.45235   -6.32386   -6.31144   -6.06533
   2061.23     40000   -5.43274   -6.55029   -6.44128   -6.41551   -6.10012
   2084.65     45000   -5.48260   -6.86598   -6.92525   -6.82286   -6.18779
   2108.07     50000   -5.58882   -6.79182   -6.69799   -6.68239   -6.26935
   2131.49     55000   -5.68246   -6.67714   -6.54829   -6.53522   -6.29226
   2154.91     60000   -5.66112   -6.79590   -6.69138   -6.66319   -6.33158
   2178.33     65000   -5.71304   -7.11675   -7.20474   -7.08899   -6.42246
   2201.76     70000   -5.82551   -6.99719   -6.89486   -6.88104   -6.49879
   2225.18     75000   -5.91503   -6.90417   -6.77600   -6.76218   -6.51929
   2248.60     80000   -5.89037   -7.04413   -6.94566   -6.91480   -6.56344
   2272.02     85000   -5.94578   -7.36127   -7.46743   -7.34661   -6.65699
   2295.44     90000   -6.06159   -7.20401   -7.09402   -7.08185   -6.72770
   2318.86     95000   -6.13296   -7.13270   -7.00488   -6.99028   -6.74667
   2342.28    100000   -6.12172   -7.29391   -7.20210   -7.16795   -6.79586
   2365.70      5000   -6.18008   -7.59727   -7.70252   -7.58698   -6.89132
   2389.12     10000   -6.29678   -7.41318   -7.29818   -7.28666   -6.95599
   2412.55     15000   -6.34891   -7.36339   -7.23679   -7.22123   -6.97428
   2435.97     20000   -6.35063   -7.54620   -7.46310   -7.42516   -7.02867
   2459.39     25000   -6.41447   -7.82427   -7.90699   -7.80980   -7.12536
   2482.81     30000   -6.53085   -7.62400   -7.50453   -7.49360   -7.18386
   2506.23     35000   -6.56751   -7.59562   -7.47005   -7.45352   -7.20234
   2529.65     40000   -6.58183   -7.80006   -7.72701   -7.68438   -7.26195
   2553.06     45000   -6.64854   -8.04272   -8.09253   -8.01600   -7.35902
   2576.47     50000   -6.76487   -7.83724   -7.71488   -7.70404   -7.41127
   2599.87     55000   -6.78749   -7.82998   -7.70620   -7.68851   -7.43075
   2623.27     60000   -6.81132   -8.05615   -7.99605   -7.94778   -7.49558
   2646.68     65000   -6.88423   -8.25414   -8.26749   -8.21097   -7.59222
   2670.08     70000   -6.99924   -8.05222   -7.92729   -7.91647   -7.63843
   2693.49     75000   -7.00966   -8.06592   -7.94394   -7.92502   -7.65967
   2716.89     80000   -7.04138   -8.31344   -8.26880   -8.21347   -7.72957
   2740.30     85000   -7.12071   -8.46077   -8.44285   -8.40073   -7.82488
   2763.70     90000   -7.23209   -8.26948   -8.14303   -8.13196   -7.86530
   2787.10     95000   -7.23357   -8.30400   -8.18452   -8.16419   -7.88901
   2810.51    100000   -7.27122   -8.57217   -8.54711   -8.48314   -7.96381
   2833.91      5000   -7.35728   -8.66443   -8.61986   -8.58863   -8.05697
   2857.31     10000   -7.46523   -8.48851   -8.36073   -8.34935   -8.09208
   2880.72     15000   -7.45897   -8.54376   -8.42696   -8.40507   -8.11888
   2904.12     20000   -7.50184   -8.83091   -8.82931   -8.75454   -8.19829
   2927.53     25000   -7.59421   -8.86708   -8.80232   -8.77811   -8.28841
   2950.93     30000   -7.69812   -8.70968   -8.58131   -8.56946   -8.31877
   2974.33     35000   -7.68634   -8.78567   -8.67234   -8.64867   -8.34923
   2997.74     40000   -7.73133   -9.08911   -9.11571   -9.02814   -8.43290
   3021.14     45000   -7.83135   -9.06969   -8.98872   -8.96957   -8.51922
   3044.54     50000   -7.93024   -8.93260   -8.80378   -8.79139   -8.54554
   3067.95     55000   -7.91285   -9.02937   -8.91992   -8.89422   -8.58011
   3091.35     60000   -7.96265   -9.34467   -9.40208   -9.30010   -8.66758
MyID= 0: Time=  0.1,has convergenced
     1683526 iterations for the convertgence of psi
 MyID=           0 has finish
