 START-UP FOR CHUNK...
     23.44      5000   -0.63848   -2.04241   -2.23194   -2.28565   -1.29097
     46.80     10000   -0.85555   -2.12219   -2.20555   -2.28616   -1.53412
     70.16     15000   -0.91390   -2.20903   -2.10224   -2.14106   -1.64093
     93.52     20000   -0.88395   -2.53828   -1.94386   -1.94128   -1.64708
    116.88     25000   -0.77902   -2.20274   -1.74299   -1.74050   -1.54301
    140.24     30000   -0.64506   -1.91020   -1.54995   -1.55603   -1.38162
    163.60     35000   -0.53396   -1.66246   -1.45100   -1.45068   -1.23114
    186.96     40000   -0.45866   -1.66115   -1.59106   -1.56109   -1.17179
    210.32     45000   -0.50812   -1.90367   -1.90517   -2.05116   -1.25007
    233.68     50000   -0.62493   -1.80923   -1.68361   -1.65630   -1.33240
    257.04     55000   -0.78981   -1.88893   -1.75340   -1.72638   -1.44787
    280.40     60000   -0.86892   -2.16634   -2.16014   -2.14722   -1.57967
    303.76     65000   -0.93956   -2.21402   -2.11635   -2.11244   -1.63366
    327.12     70000   -0.95232   -2.01851   -1.85392   -1.83871   -1.59323
    350.48     75000   -0.90008   -1.99362   -1.90607   -1.88075   -1.57641
    373.84     80000   -0.90538   -2.20331   -2.31175   -2.31938   -1.63253
    397.20     85000   -0.99369   -2.20649   -2.09320   -2.06886   -1.68751
    420.56     90000   -1.09756   -2.14257   -2.01332   -1.99181   -1.73377
    443.91     95000   -1.12811   -2.32488   -2.27803   -2.25690   -1.82618
    467.27    100000   -1.19896   -2.53605   -2.55475   -2.55671   -1.90725
 ITERATION...
    490.63      5000   -1.25447   -2.36609   -2.20736   -2.18827   -1.90888
    514.00     10000   -1.24507   -2.32916   -2.22181   -2.19783   -1.91264
    537.36     15000   -1.25596   -2.52975   -2.59154   -2.59080   -1.97762
    560.72     20000   -1.33585   -2.59547   -2.49484   -2.47573   -2.03734
    584.08     25000   -1.44204   -2.47991   -2.33997   -2.31739   -2.06406
    607.43     30000   -1.44054   -2.59913   -2.52651   -2.50580   -2.13214
    630.79     35000   -1.50056   -2.84406   -2.94737   -2.94945   -2.21736
    654.15     40000   -1.57118   -2.71680   -2.56514   -2.54702   -2.23815
    677.52     45000   -1.59010   -2.66483   -2.54223   -2.51941   -2.24874
    700.87     50000   -1.59904   -2.84632   -2.86589   -2.85272   -2.31526
    724.24     55000   -1.67458   -2.96936   -2.89834   -2.88501   -2.38061
    747.60     60000   -1.76640   -2.82407   -2.67910   -2.65621   -2.39965
    770.96     65000   -1.76834   -2.89774   -2.80694   -2.78509   -2.45109
    794.32     70000   -1.81564   -3.15290   -3.27961   -3.27860   -2.53642
    817.68     75000   -1.89131   -3.07220   -2.93276   -2.91406   -2.57051
    841.04     80000   -1.93310   -2.99529   -2.86391   -2.84185   -2.58191
    864.40     85000   -1.93613   -3.15037   -3.13166   -3.11468   -2.64542
    887.76     90000   -2.00598   -3.33139   -3.31160   -3.30461   -2.71753
    911.13     95000   -2.08966   -3.17334   -3.02604   -3.00397   -2.73615
    934.49    100000   -2.09949   -3.20501   -3.10139   -3.07899   -2.77502
    957.85      5000   -2.13574   -3.44980   -3.54858   -3.54231   -2.85823
    981.21     10000   -2.21537   -3.43617   -3.31151   -3.29340   -2.90403
   1004.57     15000   -2.27912   -3.32864   -3.19093   -3.16859   -2.91469
   1027.93     20000   -2.27171   -3.45156   -3.40280   -3.38347   -2.97220
   1051.29     25000   -2.33338   -3.67847   -3.72624   -3.72752   -3.05004
   1074.65     30000   -2.41396   -3.52895   -3.38122   -3.35981   -3.07293
   1098.01     35000   -2.43435   -3.52117   -3.40597   -3.38346   -3.10188
   1121.37     40000   -2.46110   -3.74018   -3.79247   -3.78028   -3.18093
   1144.73     45000   -2.53909   -3.80280   -3.70253   -3.68676   -3.23751
   1168.09     50000   -2.62390   -3.66774   -3.52436   -3.50211   -3.24823
   1191.46     55000   -2.60720   -3.75566   -3.68320   -3.66220   -3.29802
   1214.82     60000   -2.65951   -4.00607   -4.11365   -4.12208   -3.37944
   1238.18     65000   -2.73842   -3.88977   -3.74501   -3.72445   -3.40968
   1261.54     70000   -2.77381   -3.84458   -3.71923   -3.69658   -3.43089
   1284.90     75000   -2.78963   -4.03156   -4.03898   -4.02255   -3.50398
   1308.26     80000   -2.86482   -4.16630   -4.10650   -4.09441   -3.57010
   1331.62     85000   -2.94661   -4.01223   -3.86501   -3.84307   -3.58281
   1354.99     90000   -2.94257   -4.06448   -3.97308   -3.95129   -3.62413
   1378.35     95000   -2.98395   -4.31584   -4.43662   -4.44159   -3.70653
   1401.71    100000   -3.06401   -4.25442   -4.11825   -4.09899   -3.74603
   1425.07      5000   -3.11559   -4.17374   -4.04021   -4.01759   -3.76168
   1448.43     10000   -3.12070   -4.32596   -4.29699   -4.27793   -3.82738
   1471.79     15000   -3.18892   -4.52095   -4.52028   -4.51408   -3.90126
   1495.15     20000   -3.26841   -4.36211   -4.21342   -4.19187   -3.91828
   1518.51     25000   -3.27844   -4.37833   -4.27210   -4.24989   -3.95119
   1541.87     30000   -3.30958   -4.61397   -4.70094   -4.69617   -4.03194
   1565.23     35000   -3.38922   -4.62179   -4.50227   -4.48477   -4.08157
   1588.60     40000   -3.46248   -4.50844   -4.36854   -4.34608   -4.09404
   1611.96     45000   -3.45355   -4.62459   -4.56751   -4.54694   -4.15133
   1635.32     50000   -3.51355   -4.86036   -4.92970   -4.93152   -4.23067
   1658.68     55000   -3.59184   -4.71762   -4.57010   -4.54913   -4.25435
   1682.04     60000   -3.61487   -4.69760   -4.57960   -4.55715   -4.27955
   1705.40     65000   -3.63816   -4.90680   -4.94614   -4.93380   -4.35628
   1728.77     70000   -3.71573   -4.98932   -4.89826   -4.88343   -4.41590
   1752.13     75000   -3.80121   -4.84885   -4.70419   -4.68194   -4.42778
   1775.49     80000   -3.78812   -4.92845   -4.84957   -4.82809   -4.47612
   1798.85     85000   -3.83732   -5.18145   -5.30012   -5.30661   -4.55831
   1822.21     90000   -3.91554   -5.07847   -4.93580   -4.91568   -4.59058
   1845.57     95000   -3.95512   -5.02255   -4.89500   -4.87246   -4.60938
   1868.93    100000   -3.96762   -5.19944   -5.19615   -5.17935   -4.68011
   1892.29      5000   -4.04141   -5.35208   -5.30627   -5.29578   -4.74866
   1915.66     10000   -4.12355   -5.19500   -5.04727   -5.02535   -4.76267
   1939.02     15000   -4.12238   -5.23796   -5.14189   -5.11985   -4.80202
   1962.38     20000   -4.16172   -5.48679   -5.60182   -5.60299   -4.88437
   1985.74     25000   -4.24124   -5.44369   -5.31154   -5.29268   -4.92650
   2009.10     30000   -4.29846   -5.35319   -5.21793   -5.19542   -4.94073
   2032.46     35000   -4.30032   -5.49506   -5.45783   -5.43852   -5.00394
   2055.82     40000   -4.36619   -5.70356   -5.72151   -5.71778   -5.07959
   2079.19     45000   -4.44544   -5.54682   -5.39814   -5.37669   -5.09840
   2102.55     50000   -4.45848   -5.55319   -5.44336   -5.42100   -5.12925
   2125.91     55000   -4.48784   -5.78250   -5.85637   -5.84862   -5.20920
   2149.27     60000   -4.56627   -5.81134   -5.69853   -5.68160   -5.26161
   2172.63     65000   -4.64673   -5.68951   -5.54820   -5.52581   -5.27352
   2195.99     70000   -4.63377   -5.79527   -5.73172   -5.71095   -5.32823
   2219.35     75000   -4.69004   -6.03814   -6.12477   -6.12907   -5.40863
   2242.71     80000   -4.76897   -5.90410   -5.75740   -5.73662   -5.43460
   2266.08     85000   -4.79653   -5.87410   -5.75317   -5.73064   -5.45795
   2289.43     90000   -4.81713   -6.07478   -6.10134   -6.08728   -5.53323
   2312.80     95000   -4.89281   -6.17797   -6.09779   -6.08392   -5.59547
   2336.16    100000   -4.97688   -6.03150   -5.88580   -5.86365   -5.60761
   2359.52      5000   -4.96877   -6.10077   -6.01674   -5.99511   -5.65337
   2382.88     10000   -5.01428   -6.35446   -6.47755   -6.48386   -5.73586
   2406.24     15000   -5.09257   -6.26639   -6.12589   -6.10607   -5.77082
   2429.60     20000   -5.13716   -6.20068   -6.07075   -6.04819   -5.78818
   2452.96     25000   -5.14641   -6.36802   -6.35432   -6.33659   -5.85697
   2476.32     30000   -5.21854   -6.53814   -6.50858   -6.49964   -5.92770
   2499.68     35000   -5.29902   -6.37918   -6.23095   -6.20916   -5.94277
   2523.04     40000   -5.30250   -6.41187   -6.31167   -6.28955   -5.97965
   2546.39     45000   -5.33882   -6.65647   -6.76217   -6.76095   -6.06157
   2569.75     50000   -5.41870   -6.63257   -6.50470   -6.48631   -6.10658
   2593.11     55000   -5.48187   -6.53291   -6.39577   -6.37327   -6.11993
   2616.47     60000   -5.47905   -6.66480   -6.61949   -6.59966   -6.18086
   2639.83     65000   -5.54265   -6.88529   -6.92326   -6.92175   -6.25809
   2663.19     70000   -5.62237   -6.73251   -6.58406   -6.56278   -6.27867
   2686.55     75000   -5.63846   -6.72867   -6.61552   -6.59311   -6.30729
   2709.91     80000   -5.66550   -6.95067   -7.01105   -7.00129   -6.38614
   2733.28     85000   -5.74376   -7.00039   -6.89509   -6.87889   -6.44139
   2756.64     90000   -5.83009   -6.87082   -6.72810   -6.70576   -6.45310
   2780.00     95000   -5.81307   -6.96642   -6.89663   -6.87556   -6.50535
   2803.36    100000   -5.86702   -7.21464   -7.31659   -7.32241   -6.58660
   2826.72      5000   -5.94631   -7.09123   -6.94578   -6.92523   -6.61492
   2850.08     10000   -5.97806   -7.05115   -6.92753   -6.90499   -6.63642
   2873.44     15000   -5.99484   -7.24285   -7.25730   -7.24203   -6.71005
   2896.79     20000   -6.07043   -7.36586   -7.29782   -7.28512   -6.77483
   2920.16     25000   -6.15320   -7.21441   -7.06780   -7.04573   -6.78752
   2943.52     30000   -6.14830   -7.27348   -7.18454   -7.16275   -6.83077
   2966.87     35000   -6.19124   -7.52638   -7.64958   -7.65441   -6.91337
   2990.24     40000   -6.27027   -7.45474   -7.31701   -7.29753   -6.95106
   3013.60     45000   -6.31911   -7.37930   -7.24720   -7.22465   -6.96708
   3036.96     50000   -6.32550   -7.53689   -7.51355   -7.49512   -7.03379
   3060.32     55000   -6.39514   -7.72306   -7.71100   -7.70391   -7.10656
   3083.69     60000   -6.47513   -7.56368   -7.41513   -7.39346   -7.12292
   3107.04     65000   -6.48327   -7.58617   -7.48206   -7.45984   -7.15741
   3130.40     70000   -6.51600   -7.82554   -7.91985   -7.91600   -7.23871
   3153.77     75000   -6.59636   -7.82166   -7.69892   -7.68105   -7.28660
   3177.13     80000   -6.66514   -7.71312   -7.57426   -7.55180   -7.29924
   3200.50     85000   -6.65838   -7.83492   -7.78215   -7.76191   -7.35781
   3223.86     90000   -6.71969   -8.06556   -8.12330   -8.12415   -7.43642
   3247.23     95000   -6.79856   -7.91855   -7.77057   -7.74946   -7.45896
   3270.60    100000   -6.81908   -7.90456   -7.78826   -7.76579   -7.48546
   3293.96      5000   -6.84380   -8.11867   -8.16564   -8.15403   -7.56305
   3317.31     10000   -6.92189   -8.18931   -8.09272   -8.07733   -7.62107
   3340.65     15000   -7.00797   -8.05260   -7.90863   -7.88635   -7.63278
   3363.99     20000   -6.99280   -8.13802   -8.06242   -8.04111   -7.68253
   3387.32     25000   -7.04413   -8.38973   -8.50333   -8.51004   -7.76442
   3410.66     30000   -7.12236   -8.27871   -8.13484   -8.11455   -7.79523
   3434.00     35000   -7.15908   -8.22863   -8.10245   -8.07989   -7.81501
   3457.33     40000   -7.17319   -8.41107   -8.41406   -8.39772   -7.88686
   3480.66     45000   -7.24780   -8.55314   -8.49878   -8.48739   -7.95405
   3504.00     50000   -7.33016   -8.39778   -8.25042   -8.22844   -7.96751
   3527.34     55000   -7.32744   -8.44664   -8.35312   -8.33118   -8.00827
   3550.67     60000   -7.36809   -8.69732   -8.81638   -8.81913   -8.09076
   3574.01     65000   -7.44783   -8.64335   -8.50893   -8.48984   -8.13125
   3597.35     70000   -7.50157   -8.55836   -8.42420   -8.40167   -8.14610
   3620.69     75000   -7.50523   -8.70606   -8.67373   -8.65470   -8.21063
   3644.02     80000   -7.57238   -8.90683   -8.91354   -8.90848   -8.28527
   3667.36     85000   -7.65189   -8.74864   -8.59995   -8.57842   -8.30312
   3690.70     90000   -7.66346   -8.76092   -8.65314   -8.63083   -8.33528
   3714.03     95000   -7.69382   -8.99416   -9.07576   -9.06944   -8.41578
   3737.38    100000   -7.77286   -9.01082   -8.89405   -8.87676   -8.46654
   3760.74      5000   -7.84910   -8.89375   -8.75330   -8.73088   -8.47866
   3784.09     10000   -7.83835   -9.00544   -8.94571   -8.92511   -8.53481
   3807.45     15000   -7.89696   -9.24437   -9.32095   -9.32402   -8.61461
   3830.81     20000   -7.97539   -9.10503   -8.95777   -8.93687   -8.63927
MyID= 0: Time=  0.1,has convergenced
     1686349 iterations for the convertgence of psi
 MyID=           0 has finish
