 START-UP FOR CHUNK...
     23.44      5000   -0.64177   -2.04289   -2.24688   -2.31752   -1.29129
     46.80     10000   -0.86375   -2.12080   -2.23491   -2.31810   -1.53597
     70.17     15000   -0.92786   -2.20679   -2.13248   -2.17309   -1.64771
     93.53     20000   -0.90537   -2.55278   -1.97452   -1.97268   -1.66336
    116.90     25000   -0.80627   -2.23801   -1.77269   -1.76979   -1.56633
    140.26     30000   -0.66798   -1.95051   -1.57134   -1.57861   -1.40409
    163.62     35000   -0.55125   -1.69042   -1.45404   -1.45437   -1.24557
    186.99     40000   -0.46055   -1.63794   -1.55003   -1.52303   -1.16712
    210.35     45000   -0.49585   -1.86955   -1.88847   -2.03571   -1.23163
    233.71     50000   -0.60486   -1.81972   -1.69329   -1.66406   -1.31712
    257.07     55000   -0.77885   -1.86129   -1.72187   -1.69796   -1.42759
    280.43     60000   -0.85575   -2.12522   -2.08610   -2.06963   -1.56222
    303.80     65000   -0.92789   -2.22717   -2.15927   -2.16252   -1.62757
    327.16     70000   -0.94252   -2.03044   -1.85764   -1.84374   -1.59093
    350.52     75000   -0.89527   -1.97787   -1.87864   -1.85323   -1.56623
    373.88     80000   -0.89072   -2.16921   -2.24844   -2.25069   -1.61616
    397.24     85000   -0.97284   -2.21862   -2.11254   -2.08711   -1.67449
    420.61     90000   -1.09151   -2.12844   -1.99706   -1.97481   -1.71884
    443.98     95000   -1.11384   -2.29147   -2.22657   -2.20757   -1.80873
    467.34    100000   -1.18330   -2.52624   -2.58569   -2.59091   -1.89462
 ITERATION...
    490.70      5000   -1.23961   -2.37155   -2.21089   -2.19298   -1.90064
    514.07     10000   -1.23745   -2.31262   -2.19780   -2.17477   -1.89970
    537.44     15000   -1.24166   -2.49256   -2.53113   -2.52704   -1.96020
    560.80     20000   -1.31798   -2.60273   -2.51313   -2.49657   -2.02322
    584.17     25000   -1.42336   -2.46992   -2.32763   -2.30445   -2.04977
    607.53     30000   -1.42609   -2.56988   -2.48726   -2.46652   -2.11452
    630.90     35000   -1.48280   -2.82463   -2.94238   -2.94673   -2.20153
    654.26     40000   -1.55247   -2.71961   -2.56823   -2.55000   -2.22625
    677.62     45000   -1.57950   -2.64851   -2.52074   -2.49829   -2.23381
    700.98     50000   -1.58253   -2.81139   -2.81289   -2.79980   -2.29665
    724.34     55000   -1.65521   -2.96817   -2.91455   -2.90404   -2.36461
    747.70     60000   -1.74579   -2.81529   -2.66779   -2.64500   -2.38447
    771.07     65000   -1.75197   -2.87124   -2.77386   -2.75231   -2.43272
    794.43     70000   -1.79589   -3.12436   -3.24098   -3.24014   -2.51812
    817.80     75000   -1.87235   -3.07229   -2.93430   -2.91585   -2.55562
    841.15     80000   -1.92084   -2.97921   -2.84402   -2.82194   -2.56521
    864.52     85000   -1.91917   -3.11829   -3.08725   -3.07052   -2.62554
    887.89     90000   -1.98497   -3.32194   -3.32184   -3.31814   -2.69928
    911.24     95000   -2.06769   -3.16410   -3.01490   -2.99271   -2.71930
    934.61    100000   -2.08287   -3.18068   -3.07229   -3.05030   -2.75557
    957.97      5000   -2.11535   -3.41741   -3.49837   -3.49212   -2.83789
    981.34     10000   -2.19346   -3.43195   -3.31091   -3.29320   -2.88635
   1004.70     15000   -2.26508   -3.31217   -3.17153   -3.14930   -2.89618
   1028.07     20000   -2.25270   -3.42144   -3.36500   -3.34612   -2.95103
   1051.43     25000   -2.31140   -3.65999   -3.72322   -3.72853   -3.02955
   1074.80     30000   -2.39075   -3.51823   -3.36907   -3.34751   -3.05399
   1098.16     35000   -2.41563   -3.49778   -3.37937   -3.35706   -3.08109
   1121.53     40000   -2.43981   -3.70762   -3.74571   -3.73425   -3.15884
   1144.89     45000   -2.51687   -3.79356   -3.69859   -3.68324   -3.21719
   1168.26     50000   -2.60150   -3.65030   -3.50468   -3.48243   -3.22776
   1191.62     55000   -2.58624   -3.72708   -3.65000   -3.62960   -3.27551
   1214.98     60000   -2.63567   -3.98034   -4.09086   -4.10210   -3.35688
   1238.35     65000   -2.71373   -3.87661   -3.73074   -3.71008   -3.38843
   1261.72     70000   -2.75310   -3.82129   -3.69373   -3.67123   -3.40851
   1285.09     75000   -2.76648   -3.99984   -3.99891   -3.98348   -3.48035
   1308.46     80000   -2.84018   -4.15117   -4.09712   -4.08584   -3.54733
   1331.82     85000   -2.92190   -3.99327   -3.84413   -3.82208   -3.56021
   1355.18     90000   -2.91918   -4.03683   -3.94286   -3.92156   -3.60019
   1378.55     95000   -2.95895   -4.28639   -4.39997   -4.40666   -3.68214
   1401.91    100000   -3.03814   -4.23795   -4.10074   -4.08133   -3.72239
   1425.28      5000   -3.09274   -4.14985   -4.01469   -3.99216   -3.73749
   1448.64     10000   -3.09597   -4.29543   -4.26243   -4.24442   -3.80229
   1472.00     15000   -3.16283   -4.49962   -4.50271   -4.49778   -3.87627
   1495.36     20000   -3.24192   -4.34090   -4.19034   -4.16862   -3.89341
   1518.71     25000   -3.25324   -4.35091   -4.24338   -4.22154   -3.92566
   1542.07     30000   -3.28318   -4.58350   -4.66388   -4.66112   -4.00594
   1565.43     35000   -3.36197   -4.60120   -4.48010   -4.46241   -4.05558
   1588.79     40000   -3.43682   -4.48317   -4.34198   -4.31951   -4.06783
   1612.15     45000   -3.42665   -4.59497   -4.53661   -4.51695   -4.12476
   1635.51     50000   -3.48591   -4.83414   -4.90185   -4.90530   -4.20374
   1658.87     55000   -3.56378   -4.69336   -4.54375   -4.52252   -4.22711
   1682.23     60000   -3.58722   -4.66964   -4.55111   -4.52893   -4.25224
   1705.59     65000   -3.60990   -4.87671   -4.91401   -4.90378   -4.32879
   1728.96     70000   -3.68704   -4.96411   -4.86971   -4.85463   -4.38770
   1752.32     75000   -3.77283   -4.82142   -4.67557   -4.65323   -4.39935
   1775.69     80000   -3.75894   -4.89910   -4.82060   -4.79988   -4.44797
   1799.05     85000   -3.80850   -5.15276   -5.26579   -5.27469   -4.52969
   1822.41     90000   -3.88600   -5.05042   -4.90497   -4.88449   -4.56097
   1845.78     95000   -3.92505   -4.99326   -4.86564   -4.84327   -4.58008
   1869.14    100000   -3.93746   -5.17002   -5.16832   -5.15338   -4.65116
   1892.50      5000   -4.01102   -5.32259   -5.26948   -5.25858   -4.71846
   1915.87     10000   -4.09333   -5.16464   -5.01556   -4.99345   -4.73188
   1939.23     15000   -4.09130   -5.20813   -5.11341   -5.09196   -4.77214
   1962.60     20000   -4.13110   -5.45780   -5.57119   -5.57617   -4.85427
   1985.97     25000   -4.21007   -5.41129   -5.27479   -5.25542   -4.89460
   2009.33     30000   -4.26492   -5.32182   -5.18667   -5.16422   -4.90922
   2032.69     35000   -4.26751   -5.46593   -5.43239   -5.41460   -4.97350
   2056.04     40000   -4.33407   -5.67133   -5.67572   -5.67134   -5.04768
   2079.41     45000   -4.41334   -5.51277   -5.36224   -5.34049   -5.06518
   2102.77     50000   -4.42521   -5.52211   -5.41414   -5.39222   -5.09743
   2126.13     55000   -4.45508   -5.75429   -5.83340   -5.82976   -5.17773
   2149.49     60000   -4.53367   -5.77440   -5.65415   -5.63647   -5.22760
   2172.86     65000   -4.60914   -5.65529   -5.51404   -5.49160   -5.23963
   2196.20     70000   -4.59838   -5.76577   -5.70693   -5.68736   -5.29617
   2219.54     75000   -4.65736   -6.00563   -6.07471   -6.07881   -5.37525
   2242.88     80000   -4.73524   -5.86566   -5.71606   -5.69483   -5.39894
   2266.22     85000   -4.75923   -5.84103   -5.72214   -5.69992   -5.42397
   2289.56     90000   -4.78175   -6.04732   -6.08327   -6.07261   -5.50043
   2312.90     95000   -4.85875   -6.13709   -6.04388   -6.02886   -5.55959
   2336.25    100000   -4.94419   -5.99368   -5.84772   -5.82541   -5.57120
   2359.62      5000   -4.93077   -6.07016   -5.99119   -5.97049   -5.61949
   2382.98     10000   -4.97992   -6.32387   -6.43741   -6.44668   -5.70124
   2406.33     15000   -5.05746   -6.22299   -6.07765   -6.05719   -5.73282
   2429.70     20000   -5.09706   -6.16486   -6.03693   -6.01453   -5.75182
   2453.06     25000   -5.10924   -6.34068   -6.33781   -6.32266   -5.82274
   2476.42     30000   -5.18264   -6.49522   -6.44381   -6.43302   -5.89027
   2499.78     35000   -5.26492   -6.33700   -6.18786   -6.16576   -5.90375
   2523.13     40000   -5.26309   -6.37936   -6.28422   -6.26278   -5.94372
   2546.49     45000   -5.30263   -6.62862   -6.74126   -6.74620   -6.02581
   2569.85     50000   -5.38157   -6.58399   -6.44782   -6.42850   -6.06645
   2593.20     55000   -5.43707   -6.49359   -6.35820   -6.33573   -6.08099
   2616.56     60000   -5.43939   -6.63670   -6.60223   -6.58432   -6.14505
   2639.92     65000   -5.50569   -6.84351   -6.85002   -6.84583   -6.21941
   2663.28     70000   -5.58490   -6.68523   -6.53471   -6.51297   -6.23706
   2686.61     75000   -5.59709   -6.69349   -6.58516   -6.56324   -6.26906
   2709.94     80000   -5.62672   -6.92494   -7.00273   -6.99892   -6.34927
   2733.27     85000   -5.70518   -6.94717   -6.82754   -6.80994   -6.39943
   2756.62     90000   -5.78143   -6.82722   -6.68579   -6.66335   -6.41143
   2779.98     95000   -5.77025   -6.93666   -6.87709   -6.85746   -6.46773
   2803.34    100000   -5.82900   -7.17728   -7.24831   -7.25262   -6.54693
   2826.70      5000   -5.90678   -7.03824   -6.88874   -6.86753   -6.57083
   2850.05     10000   -5.93122   -7.01255   -6.89336   -6.87114   -6.59564
   2873.41     15000   -5.95349   -7.21793   -7.25259   -7.24179   -6.67195
   2896.77     20000   -6.03025   -7.30981   -7.21763   -7.20272   -6.73140
   2920.12     25000   -6.11557   -7.16577   -7.01969   -6.99737   -6.74303
   2943.48     30000   -6.10267   -7.24119   -7.16166   -7.14092   -6.79107
   2966.82     35000   -6.15143   -7.49504   -7.60931   -7.61855   -6.87286
   2990.16     40000   -6.22897   -7.39569   -7.25056   -7.23013   -6.90471
   3013.50     45000   -6.26909   -7.33652   -7.20835   -7.18595   -6.92354
   3036.84     50000   -6.28098   -7.51134   -7.50739   -7.49215   -6.99427
   3060.17     55000   -6.35423   -7.66773   -7.61786   -7.60725   -7.06203
   3083.51     60000   -6.43651   -7.50925   -7.36003   -7.33794   -7.07562
   3106.85     65000   -6.43490   -7.55056   -7.45495   -7.43349   -7.11533
   3130.19     70000   -6.47421   -7.79943   -7.91136   -7.91602   -7.19740
   3153.52     75000   -6.55311   -7.75678   -7.62101   -7.60173   -7.23833
   3176.86     80000   -6.60923   -7.66540   -7.52981   -7.50734   -7.25275
   3200.20     85000   -6.61125   -7.80747   -7.77213   -7.75416   -7.31659
   3223.54     90000   -6.67729   -8.01563   -8.02413   -8.02020   -7.39113
   3246.88     95000   -6.75645   -7.85764   -7.70711   -7.68538   -7.40894
   3270.23    100000   -6.76898   -7.86484   -7.75614   -7.73420   -7.44071
   3293.59      5000   -6.79838   -8.09558   -8.17205   -8.16797   -7.52082
   3316.94     10000   -6.87669   -8.11998   -8.00103   -7.98350   -7.57128
   3340.30     15000   -6.95373   -7.99919   -7.85759   -7.83515   -7.58323
   3363.66     20000   -6.94213   -8.10757   -8.04731   -8.02764   -7.63927
   3386.98     25000   -7.00062   -8.34890   -8.42178   -8.42634   -7.71859
   3410.30     30000   -7.07833   -8.21080   -8.06137   -8.04018   -7.74272
   3433.65     35000   -7.10323   -8.18405   -8.06456   -8.04233   -7.76733
   3457.01     40000   -7.12525   -8.38854   -8.42189   -8.41091   -7.84349
   3480.35     45000   -7.20177   -8.48255   -8.39145   -8.37664   -7.90321
   3503.69     50000   -7.28694   -8.33789   -8.19168   -8.16937   -7.91487
   3527.05     55000   -7.27457   -8.41224   -8.33216   -8.31139   -7.96264
   3550.41     60000   -7.32294   -8.66619   -8.78111   -8.79036   -8.04448
   3573.76     65000   -7.40048   -8.56837   -8.42345   -8.40305   -8.07660
   3597.11     70000   -7.44112   -8.50818   -8.37975   -8.35735   -8.09526
   3620.47     75000   -7.45272   -8.68200   -8.67696   -8.66161   -8.16579
   3643.84     80000   -7.52583   -8.84024   -8.79196   -8.78152   -8.23380
   3667.19     85000   -7.60807   -8.68152   -8.53223   -8.51015   -8.24748
   3690.55     90000   -7.60672   -8.72176   -8.62571   -8.60423   -8.28693
   3713.91     95000   -7.64579   -8.97024   -9.08142   -9.08583   -8.36897
   3737.26    100000   -7.72465   -8.92956   -8.79419   -8.77495   -8.41020
   3760.62      5000   -7.78139   -8.83721   -8.70141   -8.67894   -8.42452
   3783.87     10000   -7.78313   -8.97824   -8.94203   -8.92400   -8.48812
   3807.23     15000   -7.84890   -9.18774   -9.19826   -9.19457   -8.56284
   3830.46     20000   -7.92802   -9.03006   -8.87952   -8.85781   -8.58082
   3853.68     25000   -7.94088   -9.03620   -8.92713   -8.90518   -8.61235
   3876.86     30000   -7.97005   -9.26622   -9.34135   -9.33702   -8.69237
MyID= 0: Time=  0.1,has convergenced
     1686237 iterations for the convertgence of psi
 MyID=           0 has finish
