 START-UP FOR CHUNK...
     23.44      5000   -0.55366   -2.00416   -1.87821   -1.79351   -1.28097
     46.79     10000   -0.65835   -2.17632   -1.73496   -1.80691   -1.45221
     70.14     15000   -0.61091   -2.26554   -1.62939   -1.68024   -1.43505
     93.49     20000   -0.51437   -2.06011   -1.52366   -1.51924   -1.34648
    116.84     25000   -0.44229   -1.66263   -1.46315   -1.44742   -1.24905
    140.19     30000   -0.40595   -1.67558   -1.59600   -1.58312   -1.20335
    163.54     35000   -0.45189   -1.95280   -1.83459   -1.97128   -1.32555
    186.89     40000   -0.64531   -1.90323   -1.81703   -1.79858   -1.43486
    210.25     45000   -0.84691   -1.93517   -1.80043   -1.82351   -1.52940
    233.59     50000   -0.92707   -2.21258   -2.11796   -2.08868   -1.65255
    256.94     55000   -1.00787   -2.39499   -2.39449   -2.40358   -1.77578
    280.29     60000   -1.10193   -2.31550   -2.09486   -2.11290   -1.80559
    303.64     65000   -1.14138   -2.16649   -2.04106   -2.01243   -1.78318
    326.99     70000   -1.11102   -2.29665   -2.23303   -2.18258   -1.81348
    350.34     75000   -1.16156   -2.56350   -2.62457   -2.52338   -1.90582
    373.69     80000   -1.28625   -2.39682   -2.32844   -2.28432   -1.96646
    397.04     85000   -1.38937   -2.38666   -2.27611   -2.26702   -2.00175
    420.39     90000   -1.39981   -2.61648   -2.53570   -2.51630   -2.07773
    443.74     95000   -1.46820   -2.80837   -2.90698   -2.83961   -2.18241
    467.09    100000   -1.57676   -2.66383   -2.52217   -2.53160   -2.22884
 ITERATION...
    490.45      5000   -1.60435   -2.63076   -2.49850   -2.48392   -2.23397
    513.80     10000   -1.60364   -2.82624   -2.76553   -2.70444   -2.28767
    537.14     15000   -1.66962   -3.06007   -3.10055   -3.02978   -2.38352
    560.49     20000   -1.78802   -2.85824   -2.74864   -2.72348   -2.43528
    583.85     25000   -1.82077   -2.86250   -2.74810   -2.72464   -2.46165
    607.20     30000   -1.85141   -3.10937   -3.05289   -3.01170   -2.53414
    630.55     35000   -1.92638   -3.25281   -3.28073   -3.22384   -2.63153
    653.90     40000   -2.03493   -3.07144   -2.94959   -2.94479   -2.67166
    677.25     45000   -2.03812   -3.09775   -2.97243   -2.95900   -2.68921
    700.60     50000   -2.06844   -3.34914   -3.31278   -3.24989   -2.75858
    723.95     55000   -2.14909   -3.47041   -3.44861   -3.41836   -2.85256
    747.30     60000   -2.26054   -3.29406   -3.16980   -3.15629   -2.89122
    770.65     65000   -2.26230   -3.34049   -3.22569   -3.19959   -2.91866
    794.00     70000   -2.30397   -3.62507   -3.61053   -3.54163   -2.99772
    817.35     75000   -2.39318   -3.67349   -3.62525   -3.59255   -3.08905
    840.70     80000   -2.49607   -3.50580   -3.38385   -3.37138   -3.11965
    864.05     85000   -2.48549   -3.57537   -3.46031   -3.44079   -3.14695
    887.40     90000   -2.52762   -3.87054   -3.88465   -3.80542   -3.22803
    910.75     95000   -2.62496   -3.86788   -3.80371   -3.78529   -3.31534
    934.10    100000   -2.72503   -3.73134   -3.60479   -3.59388   -3.34314
    957.45      5000   -2.71139   -3.82357   -3.71440   -3.68776   -3.37717
    980.80     10000   -2.76042   -4.13846   -4.18765   -4.08962   -3.46413
   1004.15     15000   -2.86418   -4.07645   -3.98696   -3.96961   -3.54665
   1027.50     20000   -2.95793   -3.95195   -3.82669   -3.81197   -3.56951
   1050.85     25000   -2.93748   -4.06477   -3.96050   -3.93344   -3.60709
   1074.20     30000   -2.98775   -4.38386   -4.46612   -4.35619   -3.69680
   1097.55     35000   -3.09840   -4.27248   -4.17952   -4.16468   -3.77371
   1120.90     40000   -3.18867   -4.17829   -4.05242   -4.03967   -3.79454
   1144.25     45000   -3.16556   -4.31582   -4.21771   -4.18777   -3.83818
   1167.60     50000   -3.22032   -4.63215   -4.73937   -4.62193   -3.93142
   1190.95     55000   -3.33501   -4.48033   -4.37137   -4.35993   -4.00220
   1214.30     60000   -3.40788   -4.40577   -4.27938   -4.26387   -4.02081
   1237.65     65000   -3.39527   -4.56450   -4.47397   -4.43933   -4.06954
   1261.00     70000   -3.45327   -4.86812   -4.97729   -4.86176   -4.16462
   1284.35     75000   -3.56899   -4.68472   -4.57370   -4.56101   -4.22871
   1307.70     80000   -3.62135   -4.63539   -4.51089   -4.49529   -4.24690
   1331.05     85000   -3.62331   -4.81892   -4.73792   -4.70064   -4.30162
   1354.40     90000   -3.68696   -5.09146   -5.17613   -5.08366   -4.39815
   1377.75     95000   -3.80272   -4.89352   -4.77457   -4.76428   -4.45549
   1401.10    100000   -3.83787   -4.86742   -4.74263   -4.72570   -4.47382
   1424.45      5000   -3.85347   -5.07368   -5.00388   -4.95991   -4.53414
   1447.80     10000   -3.92066   -5.30907   -5.35688   -5.28437   -4.63081
   1471.15     15000   -4.03540   -5.10484   -4.98380   -4.97225   -4.68125
   1494.50     20000   -4.05613   -5.10163   -4.97968   -4.96125   -4.70100
   1517.85     25000   -4.08136   -5.33221   -5.27763   -5.22831   -4.76714
   1541.20     30000   -4.15593   -5.51472   -5.52251   -5.47180   -4.86314
   1564.55     35000   -4.26869   -5.31733   -5.19275   -5.18195   -4.90704
   1587.90     40000   -4.27719   -5.33767   -5.21677   -5.19733   -4.92892
   1611.25     45000   -4.31069   -5.59101   -5.55436   -5.49612   -5.00052
   1634.60     50000   -4.39186   -5.71809   -5.69325   -5.65613   -5.09462
   1657.95     55000   -4.50169   -5.53375   -5.40777   -5.39625   -5.13232
   1681.30     60000   -4.49984   -5.57663   -5.45919   -5.43775   -5.15727
   1704.65     65000   -4.53945   -5.85229   -5.83969   -5.77152   -5.23420
   1728.00     70000   -4.62855   -5.91719   -5.86451   -5.83759   -5.32551
   1751.34     75000   -4.73344   -5.75108   -5.62359   -5.61176   -5.35770
   1774.70     80000   -4.72501   -5.81704   -5.70230   -5.67934   -5.38637
   1798.05     85000   -4.76801   -6.11178   -6.12746   -6.04611   -5.46810
   1821.40     90000   -4.86515   -6.11633   -6.04459   -6.02370   -5.55550
   1844.75     95000   -4.96451   -5.97190   -5.84402   -5.83162   -5.58290
   1868.10    100000   -4.94997   -6.06068   -5.95049   -5.92524   -5.61596
   1891.45      5000   -4.99814   -6.37063   -6.42040   -6.32419   -5.70211
   1914.80     10000   -5.10177   -6.31591   -6.22781   -6.21131   -5.78480
   1938.14     15000   -5.19649   -6.19413   -6.06577   -6.05263   -5.80837
   1961.49     20000   -5.17682   -6.30589   -6.20030   -6.17267   -5.84628
   1984.84     25000   -5.22727   -6.62376   -6.70724   -6.59560   -5.93612
   2008.19     30000   -5.33767   -6.51718   -6.41867   -6.40447   -6.01322
   2031.54     35000   -5.42770   -6.41926   -6.29143   -6.27755   -6.03392
   2054.89     40000   -5.40442   -6.55430   -6.45515   -6.42466   -6.07710
   2078.24     45000   -5.45884   -6.87043   -6.97803   -6.85859   -6.17001
   2101.59     50000   -5.57340   -6.72036   -6.61257   -6.60024   -6.24099
   2124.93     55000   -5.64755   -6.64615   -6.51864   -6.50384   -6.25989
   2148.29     60000   -5.63453   -6.80455   -6.71261   -6.67861   -6.30860
   2171.63     65000   -5.69236   -7.10695   -7.21691   -7.10154   -6.40368
   2194.98     70000   -5.80810   -6.92610   -6.81255   -6.80091   -6.46801
   2218.34     75000   -5.86088   -6.87565   -6.74943   -6.73363   -6.48615
   2241.69     80000   -5.86231   -7.05782   -6.97551   -6.93744   -6.54058
   2265.04     85000   -5.92575   -7.33276   -7.41841   -7.32307   -6.63698
   2288.39     90000   -6.04141   -7.13400   -7.01526   -7.00426   -6.69453
   2311.74     95000   -6.07742   -7.10706   -6.98197   -6.96505   -6.71294
   2335.09    100000   -6.09261   -7.31299   -7.24206   -7.19876   -6.77313
   2358.44      5000   -6.15959   -7.54847   -7.59715   -7.52437   -6.86981
   2381.79     10000   -6.27444   -7.34471   -7.22281   -7.21180   -6.92050
   2405.14     15000   -6.29549   -7.34101   -7.21795   -7.19976   -6.94017
   2428.49     20000   -6.32042   -7.57077   -7.51481   -7.46519   -7.00608
   2451.84     25000   -6.39469   -7.75592   -7.76453   -7.71279   -7.10207
   2475.19     30000   -6.50756   -7.55757   -7.43286   -7.42184   -7.14617
   2498.54     35000   -6.51653   -7.57694   -7.45594   -7.43635   -7.16801
   2521.89     40000   -6.54984   -7.82990   -7.79224   -7.73445   -7.23946
   2545.24     45000   -6.63075   -7.95830   -7.93370   -7.89623   -7.33364
   2568.59     50000   -6.74064   -7.77317   -7.64689   -7.63550   -7.37155
   2591.94     55000   -6.73906   -7.81543   -7.69738   -7.67617   -7.39639
   2615.29     60000   -6.77847   -8.09044   -8.07639   -8.00843   -7.47312
   2638.64     65000   -6.86734   -8.15775   -8.10585   -8.07861   -7.56450
   2661.99     70000   -6.97232   -7.99089   -7.86329   -7.85149   -7.59686
   2685.34     75000   -6.96419   -8.05600   -7.94117   -7.91815   -7.62542
   2708.69     80000   -7.00710   -8.35044   -8.36498   -8.28411   -7.70701
   2732.03     85000   -7.10406   -8.35670   -8.28480   -8.26380   -7.79456
   2755.38     90000   -7.20354   -8.21119   -8.08310   -8.07070   -7.82212
   2778.73     95000   -7.18915   -8.29918   -8.18859   -8.16348   -7.85502
   2802.08    100000   -7.23713   -8.60877   -8.65705   -8.56122   -7.94101
   2825.43      5000   -7.34050   -8.55615   -8.46863   -8.45194   -8.02385
   2848.78     10000   -7.43549   -8.43359   -8.30521   -8.29214   -8.04753
   2872.13     15000   -7.41600   -8.54458   -8.43885   -8.41129   -8.08528
   2895.48     20000   -7.46630   -8.86243   -8.94478   -8.83374   -8.17503
   2918.83     25000   -7.57650   -8.75732   -8.65862   -8.64445   -8.25233
   2942.18     30000   -7.66668   -8.65844   -8.53040   -8.51653   -8.27312
   2965.53     35000   -7.64349   -8.79263   -8.69311   -8.66269   -8.31612
   2988.88     40000   -7.69778   -9.10911   -9.21622   -9.09651   -8.40893
   3012.23     45000   -7.81220   -8.96041   -8.85297   -8.84051   -8.48010
   3035.58     50000   -7.88722   -8.88538   -8.75787   -8.74311   -8.49904
   3058.92     55000   -7.87370   -9.04300   -8.95086   -8.91701   -8.54757
   3082.28     60000   -7.93127   -9.34603   -9.45604   -9.34065   -8.64260
MyID= 0: Time=  0.1,has convergenced
     1683715 iterations for the convertgence of psi
 MyID=           0 has finish
