 START-UP FOR CHUNK...
     23.48      5000   -0.54384   -1.99720   -1.84499   -1.75852   -1.27852
     46.86     10000   -0.63630   -2.18524   -1.69997   -1.77461   -1.43983
     70.24     15000   -0.58333   -2.24087   -1.59877   -1.65133   -1.41500
     93.62     20000   -0.49400   -2.01673   -1.50740   -1.49799   -1.32811
    117.00     25000   -0.42983   -1.63980   -1.46273   -1.44942   -1.23752
    140.41     30000   -0.40106   -1.72097   -1.64163   -1.62723   -1.21142
    163.83     35000   -0.46124   -1.95190   -1.82158   -1.95618   -1.34711
    187.26     40000   -0.67270   -1.90646   -1.80965   -1.79532   -1.45504
    210.69     45000   -0.88088   -1.96753   -1.82667   -1.85105   -1.55519
    234.10     50000   -0.94515   -2.27090   -2.16952   -2.14272   -1.67937
    257.49     55000   -1.02388   -2.41460   -2.36837   -2.37900   -1.80069
    280.89     60000   -1.12310   -2.32659   -2.10300   -2.12263   -1.82821
    304.29     65000   -1.16751   -2.19492   -2.06920   -2.04175   -1.81060
    327.68     70000   -1.13871   -2.34229   -2.27422   -2.22661   -1.84655
    351.08     75000   -1.19260   -2.61166   -2.63745   -2.53579   -1.94378
    374.46     80000   -1.32449   -2.43324   -2.36086   -2.31587   -2.00651
    397.84     85000   -1.43358   -2.42122   -2.31251   -2.30450   -2.04206
    421.22     90000   -1.43510   -2.65578   -2.56311   -2.54851   -2.11604
    444.61     95000   -1.50479   -2.86713   -2.95336   -2.86935   -2.22339
    468.03    100000   -1.62166   -2.71898   -2.57516   -2.58628   -2.27835
 ITERATION...
    491.46      5000   -1.66641   -2.67705   -2.54049   -2.52948   -2.28554
    514.85     10000   -1.65371   -2.85899   -2.78058   -2.72679   -2.33533
    538.25     15000   -1.71651   -3.14386   -3.18843   -3.08978   -2.43364
    561.63     20000   -1.84220   -2.93380   -2.82591   -2.79915   -2.49598
    585.02     25000   -1.89402   -2.90673   -2.79277   -2.77142   -2.52075
    608.40     30000   -1.90863   -3.12470   -3.04203   -3.01178   -2.58467
    631.79     35000   -1.97652   -3.36077   -3.42897   -3.33283   -2.68610
    655.18     40000   -2.09765   -3.16198   -3.04325   -3.03946   -2.74329
    678.56     45000   -2.12510   -3.14894   -3.01792   -3.01007   -2.75901
    701.94     50000   -2.13619   -3.35918   -3.27783   -3.23326   -2.81663
    725.32     55000   -2.20532   -3.61213   -3.64549   -3.56565   -2.91563
    748.70     60000   -2.32791   -3.40321   -3.28118   -3.26840   -2.97343
    772.09     65000   -2.35791   -3.38915   -3.26922   -3.24804   -2.99507
    795.47     70000   -2.37991   -3.61308   -3.54052   -3.49659   -3.05902
    818.86     75000   -2.45034   -3.84670   -3.86866   -3.78828   -3.15905
    842.24     80000   -2.57250   -3.62565   -3.50757   -3.49596   -3.21323
    865.63     85000   -2.59068   -3.62352   -3.49930   -3.48722   -3.23223
    889.03     90000   -2.61389   -3.85321   -3.77930   -3.73681   -3.29531
    912.42     95000   -2.68517   -4.07010   -4.08654   -4.01838   -3.39438
    935.81    100000   -2.80778   -3.86453   -3.74015   -3.73188   -3.44728
    959.21      5000   -2.82426   -3.86807   -3.74600   -3.72800   -3.46860
    982.60     10000   -2.85345   -4.10530   -4.04265   -3.99189   -3.53523
   1006.00     15000   -2.92686   -4.31244   -4.30001   -4.23982   -3.63465
   1029.39     20000   -3.04825   -4.09370   -3.96987   -3.95747   -3.68476
   1052.79     25000   -3.05783   -4.10279   -3.98159   -3.96522   -3.70568
   1076.17     30000   -3.08899   -4.34778   -4.28578   -4.23810   -3.77323
   1099.56     35000   -3.16507   -4.53061   -4.52297   -4.46452   -3.87185
   1122.95     40000   -3.28581   -4.32733   -4.20262   -4.19376   -3.92000
   1146.35     45000   -3.29236   -4.34661   -4.22528   -4.20853   -3.94224
   1169.77     50000   -3.32643   -4.59889   -4.54714   -4.49241   -4.01228
   1193.20     55000   -3.40548   -4.76648   -4.73268   -4.68682   -4.11086
   1216.62     60000   -3.52542   -4.56063   -4.43251   -4.42157   -4.15670
   1240.01     65000   -3.52676   -4.58430   -4.46390   -4.44537   -4.17940
   1263.41     70000   -3.56348   -4.84414   -4.79542   -4.73969   -4.25097
   1286.81     75000   -3.64440   -4.98997   -4.95744   -4.90955   -4.34866
   1310.21     80000   -3.76290   -4.79287   -4.66685   -4.65664   -4.39233
   1333.62     85000   -3.76202   -4.82658   -4.70697   -4.68940   -4.41615
   1357.04     90000   -3.80112   -5.09433   -5.05494   -4.99522   -4.48980
   1380.46     95000   -3.88466   -5.21817   -5.16836   -5.13123   -4.58710
   1403.88    100000   -4.00176   -5.02669   -4.89678   -4.88678   -4.62872
   1427.29      5000   -3.99706   -5.06646   -4.94673   -4.92734   -4.65340
   1450.68     10000   -4.03903   -5.34156   -5.30703   -5.24293   -4.72874
   1474.07     15000   -4.12459   -5.44577   -5.39254   -5.35449   -4.82502
   1497.45     20000   -4.24009   -5.25988   -5.13214   -5.12129   -4.86448
   1520.83     25000   -4.23239   -5.30821   -5.19040   -5.17122   -4.89034
   1544.21     30000   -4.27584   -5.59138   -5.56617   -5.49923   -4.96758
   1567.60     35000   -4.36458   -5.67070   -5.60645   -5.57535   -5.06314
   1590.98     40000   -4.47874   -5.49320   -5.36281   -5.35283   -5.10073
   1614.37     45000   -4.46762   -5.54905   -5.43074   -5.41060   -5.12769
   1637.75     50000   -4.51309   -5.83926   -5.82043   -5.74782   -5.20660
   1661.14     55000   -4.60427   -5.89904   -5.82996   -5.79960   -5.30098
   1684.53     60000   -4.71631   -5.72755   -5.59852   -5.58758   -5.33655
   1707.92     65000   -4.70356   -5.79111   -5.67515   -5.65439   -5.36480
   1731.31     70000   -4.75054   -6.08904   -6.08016   -6.00410   -5.44551
   1754.70     75000   -4.84470   -6.12392   -6.04665   -6.02048   -5.53888
   1778.09     80000   -4.95481   -5.96082   -5.83033   -5.81992   -5.57273
   1801.48     85000   -4.93949   -6.03237   -5.91622   -5.89497   -5.60227
   1824.88     90000   -4.98828   -6.33677   -6.33564   -6.25367   -5.68457
   1848.27     95000   -5.08470   -6.35162   -6.27024   -6.24538   -5.77655
   1871.66    100000   -5.19308   -6.19585   -6.06618   -6.05519   -5.80858
   1895.04      5000   -5.17603   -6.27501   -6.16118   -6.13899   -5.83954
   1918.44     10000   -5.22538   -6.58626   -6.59589   -6.50945   -5.92353
   1941.83     15000   -5.32473   -6.57735   -6.48908   -6.46705   -6.01426
   1965.22     20000   -5.43154   -6.42962   -6.29911   -6.28822   -6.04473
   1988.61     25000   -5.41264   -6.51670   -6.40320   -6.38049   -6.07713
   2012.00     30000   -5.46245   -6.83352   -6.85206   -6.75954   -6.16261
   2035.39     35000   -5.56475   -6.80462   -6.71333   -6.69240   -6.25175
   2058.78     40000   -5.66909   -6.66502   -6.53519   -6.52398   -6.28062
   2082.17     45000   -5.64937   -6.75988   -6.64862   -6.62499   -6.31457
   2105.56     50000   -5.69977   -7.08219   -7.11197   -7.01440   -6.40161
   2128.95     55000   -5.80536   -7.03105   -6.93392   -6.91518   -6.48927
   2152.34     60000   -5.90729   -6.89950   -6.76906   -6.75775   -6.51677
   2175.73     65000   -5.88532   -7.00216   -6.89167   -6.86730   -6.55229
   2199.15     70000   -5.93748   -7.32872   -7.36807   -7.26424   -6.64070
   2222.58     75000   -6.04491   -7.25843   -7.15900   -7.14101   -6.72657
   2246.00     80000   -6.14540   -7.13525   -7.00551   -6.99394   -6.75271
   2269.41     85000   -6.12168   -7.24583   -7.13761   -7.11235   -6.78988
   2292.80     90000   -6.17545   -7.57601   -7.62618   -7.51753   -6.87971
   2316.18     95000   -6.28509   -7.48537   -7.38117   -7.36493   -6.96390
   2339.58    100000   -6.38310   -7.37041   -7.24020   -7.22846   -6.98888
   2363.00      5000   -6.35828   -7.48878   -7.38167   -7.35548   -7.02773
   2386.41     10000   -6.41324   -7.82140   -7.88074   -7.76618   -7.11879
   2409.80     15000   -6.52534   -7.71318   -7.60710   -7.59137   -7.20103
   2433.19     20000   -6.62052   -7.60657   -7.47709   -7.46506   -7.22488
   2456.58     25000   -6.59527   -7.73294   -7.62824   -7.60110   -7.26548
   2479.97     30000   -6.65046   -8.06686   -8.13507   -8.01695   -7.35780
   2503.36     35000   -6.76521   -7.94060   -7.83075   -7.81636   -7.43817
   2526.75     40000   -6.85851   -7.84234   -7.71254   -7.70033   -7.46108
   2550.14     45000   -6.83186   -7.97657   -7.87329   -7.84508   -7.50345
   2573.51     50000   -6.88804   -8.31055   -8.38585   -8.26332   -7.59685
   2596.90     55000   -7.00490   -8.16894   -8.05749   -8.04348   -7.67512
   2620.26     60000   -7.09658   -8.07897   -7.94989   -7.93734   -7.69716
   2643.63     65000   -7.06871   -8.22126   -8.12057   -8.09131   -7.74137
   2666.99     70000   -7.12591   -8.55375   -8.63401   -8.51045   -7.83584
   2690.35     75000   -7.24517   -8.39693   -8.28249   -8.26947   -7.91209
   2713.71     80000   -7.32755   -8.31531   -8.18606   -8.17331   -7.93342
   2737.09     85000   -7.30584   -8.46556   -8.36663   -8.33616   -7.97947
   2760.48     90000   -7.36412   -8.79522   -8.87857   -8.75344   -8.07484
   2783.87     95000   -7.48487   -8.62580   -8.51003   -8.49731   -8.14887
   2807.26    100000   -7.55895   -8.55242   -8.42388   -8.41078   -8.16958
   2830.64      5000   -7.54333   -8.71081   -8.61471   -8.58303   -8.21753
   2854.02     10000   -7.60263   -9.03580   -9.11857   -8.99595   -8.31379
   2877.41     15000   -7.72450   -8.85441   -8.73626   -8.72426   -8.38567
   2900.80     20000   -7.79066   -8.78931   -8.66077   -8.64742   -8.40591
   2924.18     25000   -7.78110   -8.95575   -8.86180   -8.82877   -8.45575
   2947.54     30000   -7.84149   -9.27467   -9.35529   -9.23471   -8.55273
   2970.89     35000   -7.96414   -9.08383   -8.96458   -8.95281   -8.62230
MyID= 0: Time=  0.1,has convergenced
     1682796 iterations for the convertgence of psi
 MyID=           0 has finish
