 START-UP FOR CHUNK...
     23.46      5000   -0.68391   -2.04522   -2.37237   -3.18855   -1.29381
     46.82     10000   -0.97963   -2.11088   -2.74211   -3.36526   -1.54868
     70.17     15000   -1.14747   -2.19737   -2.69751   -3.53088   -1.69794
     93.53     20000   -1.27982   -2.75964   -2.68476   -3.40246   -1.82208
    116.89     25000   -1.36998   -3.49256   -3.10986   -3.24471   -1.92106
    140.24     30000   -1.41858   -2.74421   -2.79074   -3.01177   -1.99639
    163.59     35000   -1.42857   -2.53211   -2.73566   -2.76422   -2.05884
    186.94     40000   -1.39358   -2.61004   -2.46642   -2.50099   -2.08525
    210.30     45000   -1.28416   -2.64171   -2.19581   -2.22693   -1.99091
    233.65     50000   -1.09207   -2.35490   -1.91682   -1.94772   -1.76513
    257.01     55000   -0.84505   -2.06844   -1.64842   -1.67056   -1.49446
    280.36     60000   -0.53425   -1.76993   -1.43707   -1.42436   -1.23459
    303.72     65000   -0.29816   -1.50096   -1.34403   -1.33662   -1.05381
    327.07     70000   -0.22984   -1.66565   -1.46725   -1.49473   -1.04153
    350.42     75000   -0.36031   -1.69900   -1.48958   -1.43653   -1.13488
    373.78     80000   -0.62569   -1.75146   -1.59587   -1.53347   -1.29936
    397.13     85000   -0.71107   -2.02639   -1.94524   -1.89463   -1.45787
    420.48     90000   -0.78230   -2.11965   -1.86954   -1.86140   -1.48272
    443.84     95000   -0.77364   -1.88563   -1.64885   -1.64230   -1.39991
    467.19    100000   -0.69247   -1.80938   -1.70279   -1.71285   -1.37181
 ITERATION...
    490.55      5000   -0.70108   -2.11292   -1.98652   -2.02196   -1.43898
    513.90     10000   -0.80650   -2.01560   -1.84597   -1.80417   -1.50690
    537.25     15000   -0.92904   -2.02061   -1.89054   -1.86519   -1.59965
    560.60     20000   -0.98394   -2.26589   -2.26347   -2.25879   -1.71488
    583.96     25000   -1.05024   -2.35801   -2.17718   -2.16372   -1.74952
    607.31     30000   -1.09151   -2.16282   -1.99137   -1.97284   -1.72164
    630.66     35000   -1.03913   -2.18098   -2.11963   -2.11689   -1.74336
    654.01     40000   -1.07885   -2.47085   -2.42417   -2.44635   -1.81144
    677.37     45000   -1.17384   -2.33031   -2.16258   -2.13270   -1.84775
    700.72     50000   -1.22948   -2.31676   -2.19388   -2.17453   -1.90572
    724.07     55000   -1.27064   -2.54743   -2.55726   -2.56540   -1.99944
    747.43     60000   -1.33934   -2.64681   -2.47768   -2.45888   -2.03904
    770.78     65000   -1.40168   -2.46570   -2.30379   -2.28340   -2.03188
    794.13     70000   -1.36620   -2.51306   -2.45106   -2.44594   -2.07186
    817.48     75000   -1.41363   -2.79108   -2.77202   -2.79020   -2.14191
    840.84     80000   -1.49854   -2.65582   -2.48123   -2.45475   -2.16796
    864.19     85000   -1.53553   -2.61833   -2.49564   -2.47667   -2.20981
    887.54     90000   -1.56537   -2.83157   -2.84296   -2.85018   -2.29424
    910.90     95000   -1.63486   -2.95149   -2.78976   -2.77022   -2.33816
    934.25    100000   -1.71135   -2.77232   -2.61165   -2.58999   -2.33956
    957.60      5000   -1.68164   -2.82577   -2.75710   -2.74912   -2.38607
    980.95     10000   -1.73110   -3.10112   -3.10299   -3.12200   -2.45812
   1004.30     15000   -1.80912   -2.97839   -2.80013   -2.77452   -2.48071
   1027.66     20000   -1.84327   -2.92123   -2.79575   -2.77687   -2.51329
   1051.01     25000   -1.86443   -3.11763   -3.12283   -3.12964   -2.59257
   1074.36     30000   -1.93332   -3.26172   -3.10950   -3.09033   -2.64061
   1097.71     35000   -2.01794   -3.08051   -2.91857   -2.89646   -2.64590
   1121.06     40000   -1.99207   -3.12921   -3.05355   -3.04356   -2.69401
   1144.42     45000   -2.04045   -3.40300   -3.42303   -3.44489   -2.76800
   1167.77     50000   -2.11524   -3.29943   -3.11885   -3.09374   -2.79040
   1191.12     55000   -2.14990   -3.22516   -3.09630   -3.07699   -2.81714
   1214.47     60000   -2.16635   -3.40635   -3.40282   -3.40813   -2.89302
   1237.83     65000   -2.23432   -3.57516   -3.43347   -3.41524   -2.94482
   1261.18     70000   -2.32162   -3.39031   -3.22630   -3.20365   -2.95196
   1284.53     75000   -2.30089   -3.42966   -3.34717   -3.33576   -2.99933
   1307.89     80000   -2.34733   -3.69986   -3.73395   -3.75860   -3.07490
   1331.24     85000   -2.41971   -3.61954   -3.43776   -3.41304   -3.09873
   1354.59     90000   -2.45775   -3.53008   -3.39748   -3.37782   -3.12143
   1377.94     95000   -2.46961   -3.69659   -3.68403   -3.68729   -3.19465
   1401.30    100000   -2.53736   -3.88897   -3.75971   -3.74332   -3.24992
   1424.65      5000   -2.62312   -3.70150   -3.53506   -3.51195   -3.25810
   1448.01     10000   -2.60913   -3.72937   -3.64056   -3.62786   -3.30359
   1471.36     15000   -2.65168   -3.99426   -4.03698   -4.06341   -3.38033
   1494.71     20000   -2.72370   -3.93930   -3.75725   -3.73276   -3.40642
   1518.07     25000   -2.76680   -3.83588   -3.69946   -3.67940   -3.42608
   1541.42     30000   -2.77455   -3.98823   -3.96651   -3.96765   -3.49693
   1564.77     35000   -2.84106   -4.20158   -4.08730   -4.07336   -3.55542
   1588.13     40000   -2.92438   -4.01379   -3.84482   -3.82140   -3.56442
   1611.48     45000   -2.91610   -4.02918   -3.93449   -3.92070   -3.60744
   1634.83     50000   -2.95611   -4.28690   -4.33339   -4.36011   -3.68496
   1658.18     55000   -3.02603   -4.25896   -4.07745   -4.05324   -3.71379
   1681.53     60000   -3.07588   -4.14239   -4.00223   -3.98175   -3.73101
   1704.89     65000   -3.07923   -4.28095   -4.25025   -4.24926   -3.79953
   1728.24     70000   -3.14431   -4.51249   -4.41551   -4.40461   -3.86104
   1751.59     75000   -3.22660   -4.32700   -4.15560   -4.13190   -3.87090
   1774.95     80000   -3.22322   -4.32944   -4.22923   -4.21451   -3.91120
   1798.30     85000   -3.25949   -4.57845   -4.62443   -4.65003   -3.98912
   1821.65     90000   -3.32913   -4.57860   -4.39854   -4.37466   -4.02098
   1845.00     95000   -3.38578   -4.44956   -4.30579   -4.28490   -4.03615
   1868.36    100000   -3.38378   -4.57449   -4.53517   -4.53219   -4.10229
   1891.71      5000   -3.44781   -4.82120   -4.74357   -4.73640   -4.16661
   1915.06     10000   -3.52797   -4.64104   -4.46734   -4.44341   -4.17753
   1938.42     15000   -3.53030   -4.63030   -4.52488   -4.50931   -4.21498
   1961.77     20000   -3.56337   -4.86937   -4.91141   -4.93478   -4.29298
   1985.13     25000   -3.63309   -4.89824   -4.72064   -4.69717   -4.32803
   2008.48     30000   -3.69662   -4.75741   -4.61013   -4.58885   -4.34149
   2031.83     35000   -3.68937   -4.86880   -4.82126   -4.81643   -4.40515
   2055.19     40000   -3.75171   -5.12743   -5.07071   -5.06794   -4.47207
   2078.54     45000   -3.82903   -4.95585   -4.78002   -4.75591   -4.48428
   2101.89     50000   -3.83744   -4.93181   -4.82144   -4.80510   -4.51886
   2125.25     55000   -3.86652   -5.15998   -5.19555   -5.21597   -4.59661
   2148.60     60000   -3.93690   -5.21778   -5.04378   -5.02087   -4.63498
   2171.95     65000   -4.00724   -5.06593   -4.91527   -4.89361   -4.64700
   2195.30     70000   -3.99561   -5.16384   -5.10848   -5.10198   -4.70807
   2218.66     75000   -4.05480   -5.43110   -5.39596   -5.39823   -4.77735
   2242.01     80000   -4.13107   -5.27141   -5.09366   -5.06939   -4.79113
   2265.36     85000   -4.14449   -5.23401   -5.11891   -5.10186   -4.82287
   2288.72     90000   -4.17041   -5.45053   -5.47793   -5.49504   -4.90006
   2312.07     95000   -4.24043   -5.53705   -5.36800   -5.34581   -4.94182
   2335.42    100000   -4.31843   -5.37515   -5.22121   -5.19919   -4.95269
   2358.78      5000   -4.30211   -5.45961   -5.39683   -5.38880   -5.01106
   2382.13     10000   -4.35820   -5.73222   -5.71827   -5.72603   -5.08245
   2405.48     15000   -4.43406   -5.58765   -5.40824   -5.38386   -5.09806
   2428.84     20000   -4.45248   -5.53690   -5.41727   -5.39957   -5.12702
   2452.19     25000   -4.47392   -5.74121   -5.75942   -5.77312   -5.20338
   2475.54     30000   -4.54480   -5.85580   -5.69329   -5.67205   -5.24854
   2498.92     35000   -4.62921   -5.68506   -5.52795   -5.50559   -5.25853
   2522.31     40000   -4.60864   -5.75609   -5.68628   -5.67687   -5.31412
   2545.69     45000   -4.66225   -6.03096   -6.03652   -6.04986   -5.38734
   2569.07     50000   -4.73606   -5.90456   -5.72379   -5.69935   -5.40505
   2592.45     55000   -4.76138   -5.84048   -5.71650   -5.69819   -5.43133
   2615.83     60000   -4.77809   -6.03218   -6.04067   -6.05106   -5.50658
   2639.21     65000   -4.84730   -6.17375   -6.01961   -5.99958   -5.55513
   2662.59     70000   -4.93749   -5.99568   -5.83551   -5.81283   -5.56454
   2685.97     75000   -4.91455   -6.05328   -5.97682   -5.96614   -5.61725
   2709.35     80000   -4.96526   -6.32757   -6.34972   -6.36819   -5.69203
   2732.73     85000   -5.03812   -6.22209   -6.04033   -6.01587   -5.71208
   2756.11     90000   -5.06854   -6.14476   -6.01659   -5.99772   -5.73581
   2779.49     95000   -5.08285   -6.32355   -6.32217   -6.32944   -5.80968
   2802.87    100000   -5.15075   -6.49059   -6.34687   -6.32838   -5.86159
   2826.25      5000   -5.24072   -6.30700   -6.14390   -6.12092   -5.87069
   2849.63     10000   -5.22142   -6.35119   -6.26842   -6.25659   -5.92047
   2873.01     15000   -5.26921   -6.62234   -6.65717   -6.67975   -5.99651
   2896.39     20000   -5.34079   -6.54018   -6.35789   -6.33346   -6.01914
   2919.77     25000   -5.37666   -6.44973   -6.31752   -6.29812   -6.04045
   2943.15     30000   -5.38751   -6.61541   -6.60427   -6.60866   -6.11272
   2966.53     35000   -5.45514   -6.80597   -6.67491   -6.65836   -6.16788
   2989.92     40000   -5.54249   -6.61903   -6.45312   -6.42986   -6.17699
   3013.30     45000   -5.52902   -6.64981   -6.56105   -6.54817   -6.22378
   3036.68     50000   -5.57234   -6.91563   -6.95865   -6.98384   -6.30079
   3060.06     55000   -5.64408   -6.85877   -6.67648   -6.65215   -6.32621
   3083.44     60000   -5.68574   -6.75539   -6.61929   -6.59939   -6.34527
   3106.82     65000   -5.69311   -6.90783   -6.88718   -6.88896   -6.41570
   3130.20     70000   -5.75976   -7.11955   -7.00349   -6.98938   -6.47401
   3153.58     75000   -5.84374   -6.93177   -6.76318   -6.73967   -6.48342
   3176.96     80000   -5.83553   -6.94914   -6.85468   -6.84084   -6.52721
   3200.34     85000   -5.87606   -7.20778   -7.25448   -7.28055   -6.60488
   3223.71     90000   -5.94595   -7.17778   -6.99614   -6.97199   -6.63326
   3247.10     95000   -5.99485   -7.06174   -6.92189   -6.90152   -6.65026
   3270.47    100000   -5.99826   -7.20085   -7.17105   -7.17047   -6.71866
   3293.85      5000   -6.06330   -7.43102   -7.33225   -7.32114   -6.77995
   3317.23     10000   -6.14596   -7.24522   -7.07410   -7.05036   -6.78997
   3340.61     15000   -6.14253   -7.24918   -7.14929   -7.13457   -6.83077
   3363.99     20000   -6.17921   -7.49911   -7.54539   -7.57075   -6.90878
   3387.37     25000   -6.24878   -7.49709   -7.31688   -7.29301   -6.94029
   3410.75     30000   -6.30468   -7.36879   -7.22530   -7.20449   -6.95542
   3434.13     35000   -6.30291   -7.49452   -7.45598   -7.45327   -7.02159
   3457.51     40000   -6.36705   -7.74011   -7.66068   -7.65323   -7.08570
   3480.89     45000   -6.44756   -7.55937   -7.38590   -7.36195   -7.09664
   3504.27     50000   -6.44946   -7.54992   -7.44486   -7.42931   -7.13445
   3527.65     55000   -6.48287   -7.78993   -7.83242   -7.85580   -7.21251
   3551.03     60000   -6.55255   -7.81656   -7.63874   -7.61525   -7.24726
   3574.41     65000   -6.61552   -7.67653   -7.52953   -7.50830   -7.26075
   3597.79     70000   -6.60851   -7.78886   -7.74201   -7.73739   -7.32454
   3621.17     75000   -6.67096   -8.04664   -7.98810   -7.98499   -7.39125
   3644.55     80000   -6.74857   -7.87423   -7.69859   -7.67447   -7.40341
   3667.93     85000   -6.75664   -7.85136   -7.74135   -7.72505   -7.43828
   3691.31     90000   -6.78602   -8.08049   -8.11665   -8.13722   -7.51609
   3714.68     95000   -6.85641   -8.13603   -7.96170   -7.93875   -7.55418
   3738.06    100000   -6.92607   -7.98498   -7.83457   -7.81296   -7.56626
   3761.44      5000   -6.91480   -8.08388   -8.02916   -8.02281   -7.62750
   3784.82     10000   -6.97422   -8.35056   -8.31364   -8.31552   -7.69660
   3808.20     15000   -7.05055   -8.18978   -8.01218   -7.98792   -7.71027
   3831.58     20000   -7.06360   -8.15350   -8.03876   -8.02176   -7.74226
   3854.52     25000   -7.08980   -8.37100   -8.39910   -8.41643   -7.81952
   3877.44     30000   -7.15984   -8.45528   -8.28579   -8.26354   -7.86100
   3900.02     35000   -7.23725   -8.29412   -8.14043   -8.11844   -7.87193
   3922.58     40000   -7.22124   -8.37961   -8.31742   -8.30952   -7.93050
   3945.20     45000   -7.27757   -8.65190   -8.63627   -8.64361   -8.00173
   3967.43     50000   -7.35348   -8.50601   -8.32672   -8.30234   -8.01720
   3989.68     55000   -7.37152   -8.45634   -8.33705   -8.31940   -8.04639
   4012.15     60000   -7.39335   -8.66166   -8.68062   -8.69456   -8.12283
   4033.89     65000   -7.46421   -8.77406   -8.61097   -8.58965   -8.16772
   4055.61     70000   -7.54809   -8.60396   -8.44710   -8.42477   -8.17776
   4077.33     75000   -7.52790   -8.67604   -8.60679   -8.59748   -8.23356
   4098.40     80000   -7.58174   -8.95084   -8.95492   -8.96783   -8.30665
   4119.34     85000   -7.65562   -8.82288   -8.64220   -8.61776   -8.32419
   4140.29     90000   -7.68040   -8.75987   -8.63622   -8.61796   -8.35069
   4161.20     95000   -7.69743   -8.95259   -8.96186   -8.97249   -8.42603
   4182.16    100000   -7.76678   -9.09207   -8.93720   -8.91706   -8.47432
   4203.16      5000   -7.85697   -8.91452   -8.75459   -8.73194   -8.48375
   4224.10     10000   -7.83374   -8.97318   -8.89724   -8.88666   -8.53669
   4244.70     15000   -7.88468   -9.24760   -9.26856   -9.28666   -8.61136
   4265.48     20000   -7.95765   -9.14036   -8.95867   -8.93421   -8.63122
MyID= 0: Time=  0.1,has convergenced
     1684043 iterations for the convertgence of psi
 MyID=           0 has finish
