 START-UP FOR CHUNK...
     23.82      5000   -0.65330   -2.04343   -2.29591   -2.43894   -1.29318
     47.15     10000   -0.89199   -2.11559   -2.34943   -2.44056   -1.54211
     70.48     15000   -0.97774   -2.20526   -2.24383   -2.29755   -1.66856
     93.80     20000   -0.97961   -2.63232   -2.09064   -2.09531   -1.71761
    117.13     25000   -0.89900   -2.37324   -1.88956   -1.88537   -1.65262
    140.45     30000   -0.76489   -2.10273   -1.66557   -1.67572   -1.49545
    163.78     35000   -0.62163   -1.82953   -1.49355   -1.49719   -1.31374
    187.11     40000   -0.49921   -1.61746   -1.45824   -1.44374   -1.17675
    210.43     45000   -0.46917   -1.71380   -1.71068   -1.72502   -1.17058
    233.75     50000   -0.53370   -1.90823   -1.76987   -1.75174   -1.26135
    257.06     55000   -0.69982   -1.79353   -1.64604   -1.62063   -1.35569
    280.38     60000   -0.80527   -1.99256   -1.86966   -1.84243   -1.49371
    303.70     65000   -0.88113   -2.24211   -2.30448   -2.31966   -1.59808
    327.02     70000   -0.91698   -2.09953   -1.90694   -1.89382   -1.58828
    350.34     75000   -0.89445   -1.95500   -1.80974   -1.78688   -1.54064
    373.66     80000   -0.84973   -2.04057   -2.02370   -2.01220   -1.56019
    396.98     85000   -0.90358   -2.25248   -2.21473   -2.20289   -1.62616
    420.30     90000   -1.01889   -2.10265   -1.96227   -1.93879   -1.66888
    443.62     95000   -1.06844   -2.18383   -2.07285   -2.05600   -1.74630
    466.93    100000   -1.12555   -2.44633   -2.53905   -2.54359   -1.84577
 ITERATION...
    490.25      5000   -1.19086   -2.41490   -2.25740   -2.24403   -1.87509
    513.57     10000   -1.22223   -2.27763   -2.13424   -2.11250   -1.86103
    536.89     15000   -1.19486   -2.36944   -2.33406   -2.32025   -1.90003
    560.21     20000   -1.25039   -2.60985   -2.60524   -2.61091   -1.97174
    583.52     25000   -1.34432   -2.45479   -2.30510   -2.27963   -2.00265
    606.84     30000   -1.38019   -2.47574   -2.36218   -2.34161   -2.05323
    630.17     35000   -1.42023   -2.71590   -2.78085   -2.78099   -2.14297
    653.50     40000   -1.49339   -2.74721   -2.61285   -2.59659   -2.18702
    676.82     45000   -1.55610   -2.60737   -2.45984   -2.43852   -2.18633
    700.15     50000   -1.53153   -2.69122   -2.63685   -2.62140   -2.23154
    723.47     55000   -1.58520   -2.93942   -2.98516   -2.99975   -2.30689
    746.79     60000   -1.66883   -2.80436   -2.64879   -2.62579   -2.33438
    770.10     65000   -1.70174   -2.78544   -2.66483   -2.64302   -2.36930
    793.41     70000   -1.73018   -2.99953   -3.03480   -3.02786   -2.45153
    816.70     75000   -1.80423   -3.08879   -2.97613   -2.96041   -2.50536
    840.00     80000   -1.88376   -2.93725   -2.78609   -2.76393   -2.51066
    863.29     85000   -1.86258   -3.00514   -2.93188   -2.91445   -2.55551
    886.59     90000   -1.91095   -3.25915   -3.34493   -3.36415   -2.63385
    909.88     95000   -1.99066   -3.15214   -2.99726   -2.97525   -2.66349
    933.18    100000   -2.02883   -3.10132   -2.97331   -2.95161   -2.68852
    956.48      5000   -2.04746   -3.28733   -3.29324   -3.28288   -2.76425
    979.77     10000   -2.11950   -3.43021   -3.34797   -3.33495   -2.82599
   1003.07     15000   -2.19962   -3.26875   -3.11475   -3.09261   -2.83491
   1026.36     20000   -2.19057   -3.31431   -3.22633   -3.20735   -2.87610
   1049.66     25000   -2.23198   -3.56758   -3.66914   -3.68780   -2.95616
   1072.96     30000   -2.30836   -3.50154   -3.35055   -3.32928   -2.99097
   1096.25     35000   -2.35823   -3.42130   -3.28697   -3.26485   -3.00944
   1119.55     40000   -2.36605   -3.57930   -3.55898   -3.54608   -3.07891
   1142.84     45000   -2.43597   -3.76888   -3.72659   -3.71775   -3.14724
   1166.14     50000   -2.51490   -3.60375   -3.44759   -3.42540   -3.15962
   1189.44     55000   -2.51574   -3.62389   -3.52358   -3.50374   -3.19564
   1212.74     60000   -2.55100   -3.86625   -3.95764   -3.96960   -3.27584
   1236.03     65000   -2.62779   -3.85222   -3.70899   -3.68900   -3.31738
   1259.33     70000   -2.68954   -3.74515   -3.60486   -3.58251   -3.33155
   1282.63     75000   -2.68834   -3.87469   -3.83234   -3.81710   -3.39462
   1305.95     80000   -2.75203   -4.10051   -4.10665   -4.10494   -3.46827
   1329.28     85000   -2.82965   -3.94265   -3.78503   -3.76283   -3.48482
   1352.60     90000   -2.84309   -3.93603   -3.82505   -3.80441   -3.51521
   1375.92     95000   -2.86977   -4.16054   -4.22496   -4.22845   -3.59401
   1399.24    100000   -2.94637   -4.20309   -4.07338   -4.05500   -3.64290
   1422.56      5000   -3.02396   -4.07252   -3.92679   -3.90434   -3.65461
   1445.88     10000   -3.01127   -4.17371   -4.11249   -4.09550   -3.71108
   1469.21     15000   -3.06887   -4.42177   -4.47836   -4.48567   -3.78867
   1492.53     20000   -3.14542   -4.28491   -4.12723   -4.10531   -3.81041
   1515.86     25000   -3.16869   -4.25112   -4.13086   -4.10961   -3.83530
   1539.18     30000   -3.18990   -4.45329   -4.48606   -4.48233   -3.91130
   1562.51     35000   -3.26452   -4.55264   -4.44403   -4.42802   -3.96758
   1585.83     40000   -3.35183   -4.40309   -4.25278   -4.23025   -3.97846
   1609.16     45000   -3.33598   -4.47622   -4.39886   -4.38051   -4.02817
   1632.49     50000   -3.38593   -4.73277   -4.82635   -4.84076   -4.10825
   1655.81     55000   -3.46234   -4.63007   -4.47454   -4.45308   -4.13616
   1679.14     60000   -3.49814   -4.56927   -4.44095   -4.41927   -4.15611
   1702.46     65000   -3.51141   -4.74641   -4.74923   -4.74027   -4.22810
   1725.78     70000   -3.58343   -4.89856   -4.82078   -4.80835   -4.29133
   1749.10     75000   -3.66634   -4.73678   -4.58284   -4.56032   -4.30299
   1772.42     80000   -3.66139   -4.78197   -4.69090   -4.67149   -4.34591
   1795.75     85000   -3.70304   -5.03512   -5.13870   -5.15343   -4.42698
   1819.07     90000   -3.77837   -4.97775   -4.82730   -4.80655   -4.46187
   1842.39     95000   -3.82833   -4.89054   -4.75524   -4.73323   -4.47772
   1865.72    100000   -3.83293   -5.04118   -5.01788   -5.00526   -4.54473
   1889.04      5000   -3.90203   -5.23814   -5.20204   -5.19495   -4.61408
   1912.37     10000   -3.98129   -5.07362   -4.91712   -4.89470   -4.62808
   1935.70     15000   -3.98545   -5.09095   -4.98812   -4.96789   -4.66435
   1959.03     20000   -4.02036   -5.33143   -5.41937   -5.42812   -4.74494
   1982.35     25000   -4.09661   -5.32720   -5.18592   -5.16626   -4.78733
   2005.68     30000   -4.16019   -5.21500   -5.07363   -5.05138   -4.80015
   2029.00     35000   -4.15670   -5.33837   -5.29295   -5.27774   -4.86141
   2052.29     40000   -4.21900   -5.56872   -5.58286   -5.58336   -4.93578
   2075.58     45000   -4.29697   -5.41363   -5.25583   -5.23360   -4.95359
   2098.88     50000   -4.31229   -5.40317   -5.29017   -5.26929   -4.98357
   2122.17     55000   -4.33851   -5.62457   -5.68348   -5.68467   -5.06227
   2145.46     60000   -4.41434   -5.67721   -5.55082   -5.53280   -5.11231
   2168.76     65000   -4.49503   -5.54268   -5.39609   -5.37368   -5.12339
   2192.05     70000   -4.47989   -5.63843   -5.57439   -5.55730   -5.17835
   2215.35     75000   -4.53627   -5.88866   -5.95250   -5.96191   -5.25642
   2238.64     80000   -4.61266   -5.75668   -5.59923   -5.57733   -5.27935
   2261.93     85000   -4.63825   -5.71862   -5.59674   -5.57537   -5.30360
   2285.23     90000   -4.65851   -5.91689   -5.94406   -5.93890   -5.37914
   2308.52     95000   -4.73301   -6.02591   -5.92221   -5.90669   -5.43662
   2331.81    100000   -4.81975   -5.87359   -5.72262   -5.70013   -5.44736
   2355.11      5000   -4.80470   -5.94158   -5.86180   -5.84333   -5.49571
   2378.40     10000   -4.85356   -6.19823   -6.29535   -6.31083   -5.57604
   2401.69     15000   -4.92934   -6.10254   -5.94766   -5.92628   -5.60519
   2424.99     20000   -4.96796   -6.03727   -5.90764   -5.88586   -5.62448
   2448.28     25000   -4.97961   -6.21005   -6.20792   -6.19807   -5.69575
   2471.57     30000   -5.05155   -6.37078   -6.29971   -6.28800   -5.76010
   2494.86     35000   -5.13376   -6.20773   -6.05330   -6.03082   -5.77199
   2518.16     40000   -5.13041   -6.24793   -6.15476   -6.13523   -5.81364
   2541.45     45000   -5.17083   -6.49939   -6.60171   -6.61600   -5.89471
   2564.74     50000   -5.24621   -6.45074   -6.30153   -6.28094   -5.93092
   2588.03     55000   -5.29819   -6.35913   -6.22269   -6.20062   -5.94621
   2611.32     60000   -5.30143   -6.50513   -6.47765   -6.46445   -6.01231
   2634.61     65000   -5.36935   -6.70889   -6.68124   -6.67524   -6.08262
   2657.90     70000   -5.44833   -6.54508   -6.38828   -6.36589   -6.09715
   2681.19     75000   -5.45457   -6.55749   -6.45282   -6.43249   -6.13225
   2704.49     80000   -5.48811   -6.79500   -6.87846   -6.88603   -6.21260
   2727.78     85000   -5.56441   -6.80048   -6.66129   -6.64188   -6.25633
   2751.07     90000   -5.63086   -6.68418   -6.54183   -6.51954   -6.26878
   2774.36     95000   -5.62532   -6.80279   -6.75386   -6.73825   -6.32899
   2797.65    100000   -5.68692   -7.03764   -7.06097   -7.06295   -6.40411
   2820.94      5000   -5.76481   -6.88560   -6.72774   -6.70556   -6.42270
   2844.23     10000   -5.78111   -6.87028   -6.75566   -6.73470   -6.45162
   2867.52     15000   -5.80668   -7.08786   -7.14123   -7.14126   -6.52985
   2890.82     20000   -5.88188   -7.15045   -7.02736   -7.00971   -6.58122
   2914.11     25000   -5.96613   -7.01244   -6.86501   -6.84258   -6.59215
   2937.40     30000   -5.94898   -7.10338   -7.03638   -7.01901   -6.64598
   2960.69     35000   -6.00424   -7.35568   -7.42704   -7.43783   -6.72455
   2983.98     40000   -6.08026   -7.22915   -7.07197   -7.05014   -6.74849
   3007.27     45000   -6.10788   -7.18628   -7.06299   -7.04154   -6.77180
   3030.56     50000   -6.12696   -7.38023   -7.40206   -7.39599   -6.84667
   3053.85     55000   -6.20135   -7.49870   -7.39991   -7.38494   -6.90540
   3077.14     60000   -6.28649   -7.34393   -7.19228   -7.16978   -6.91624
   3100.43     65000   -6.27371   -7.40708   -7.32481   -7.30612   -6.96343
   3123.72     70000   -6.32125   -7.66360   -7.76377   -7.77958   -7.04399
   3147.02     75000   -6.39658   -7.57544   -7.42130   -7.40004   -7.07433
   3170.31     80000   -6.43786   -7.50549   -7.37461   -7.35278   -7.09283
   3193.60     85000   -6.44780   -7.67366   -7.66683   -7.65632   -7.16326
   3216.89     90000   -6.51935   -7.84261   -7.77834   -7.76748   -7.22872
   3240.18     95000   -6.60131   -7.67863   -7.52371   -7.50123   -7.24097
   3263.47    100000   -6.59909   -7.71399   -7.61868   -7.59900   -7.28147
   3286.76      5000   -6.63818   -7.96357   -8.06400   -8.07736   -7.36252
   3310.05     10000   -6.71425   -7.92397   -7.77616   -7.75574   -7.40001
   3333.34     15000   -6.76817   -7.82790   -7.69037   -7.66826   -7.41472
   3356.63     20000   -6.77001   -7.96916   -7.93767   -7.92399   -7.47983
   3379.92     25000   -6.83674   -8.17926   -8.16013   -8.15537   -7.55107
   3403.21     30000   -6.91551   -8.01655   -7.85945   -7.83709   -7.56621
   3426.50     35000   -6.92384   -8.02412   -7.91761   -7.89715   -7.60020
   3449.79     40000   -6.95565   -8.25851   -8.33717   -8.34337   -7.68027
   3473.08     45000   -7.03238   -8.27386   -8.13698   -8.11783   -7.72534
   3496.37     50000   -7.10141   -8.15351   -8.01021   -7.98789   -7.73743
   3519.65     55000   -7.09375   -8.26730   -8.21500   -8.19904   -7.79655
   3542.95     60000   -7.15424   -8.50619   -8.53854   -8.54208   -7.87238
   3566.24     65000   -7.23208   -8.35761   -8.19973   -8.17760   -7.89182
   3589.53     70000   -7.25008   -8.33747   -8.22125   -8.20019   -7.91971
   3612.82     75000   -7.27470   -8.55114   -8.59893   -8.59777   -7.99744
   3636.11     80000   -7.34958   -8.62369   -8.50418   -8.48692   -8.05012
   3659.40     85000   -7.43694   -8.48233   -8.33410   -8.31165   -8.06093
   3682.69     90000   -7.41820   -8.56842   -8.49858   -8.48096   -8.11361
   3705.98     95000   -7.47156   -8.82238   -8.90058   -8.91269   -8.19264
   3729.27    100000   -7.54799   -8.70166   -8.54482   -8.52308   -8.21763
   3752.56      5000   -7.57765   -8.65403   -8.52934   -8.50781   -8.24004
   3775.85     10000   -7.59555   -8.84360   -8.86016   -8.85321   -8.31421
   3799.14     15000   -7.66895   -8.97138   -8.87783   -8.86346   -8.37416
   3822.43     20000   -7.75337   -8.81438   -8.66208   -8.63958   -8.38514
   3845.72     25000   -7.74286   -8.87268   -8.78799   -8.76911   -8.43116
   3869.01     30000   -7.78862   -9.12871   -9.23099   -9.24692   -8.51191
   3892.33     35000   -7.86396   -9.04839   -8.89508   -8.87395   -8.54345
   3915.65     40000   -7.90757   -8.97380   -8.84169   -8.81980   -8.56122
   3938.66     45000   -7.91614   -9.13733   -9.12591   -9.11477   -8.63078
   3961.49     50000   -7.98701   -9.31424   -9.25712   -9.24715   -8.69732
MyID= 0: Time=  0.1,has convergenced
     1685565 iterations for the convertgence of psi
 MyID=           0 has finish
