 START-UP FOR CHUNK...
     23.50      5000   -0.61193   -2.03577   -2.10934   -2.08046   -1.28846
     47.02     10000   -0.79251   -2.13592   -2.01202   -2.08248   -1.51527
     70.54     15000   -0.80468   -2.23739   -1.90365   -1.93918   -1.57818
     94.05     20000   -0.73558   -2.41632   -1.74818   -1.74650   -1.52498
    117.57     25000   -0.61504   -1.96542   -1.57342   -1.56905   -1.39739
    141.09     30000   -0.51403   -1.67230   -1.46060   -1.46147   -1.26157
    164.60     35000   -0.43654   -1.64770   -1.55195   -1.53156   -1.18847
    188.12     40000   -0.47664   -1.86447   -1.88948   -2.05744   -1.26534
    211.64     45000   -0.61400   -1.86899   -1.76834   -1.74855   -1.35598
    235.15     50000   -0.80109   -1.86456   -1.74180   -1.72835   -1.44994
    258.67     55000   -0.88195   -2.10140   -2.06312   -2.02129   -1.58037
    282.19     60000   -0.96087   -2.30767   -2.32566   -2.36855   -1.67697
    305.70     65000   -1.00551   -2.12544   -1.95543   -1.94463   -1.66682
    329.22     70000   -0.98951   -2.02825   -1.91855   -1.88857   -1.63597
    352.73     75000   -0.96980   -2.18712   -2.20349   -2.15687   -1.67453
    376.25     80000   -1.03490   -2.32592   -2.34382   -2.31295   -1.74631
    399.76     85000   -1.14241   -2.20124   -2.07827   -2.05607   -1.78301
    423.27     90000   -1.18212   -2.29251   -2.18699   -2.16711   -1.84721
    446.79     95000   -1.23550   -2.54533   -2.69650   -2.65661   -1.94611
    470.30    100000   -1.31481   -2.51161   -2.39622   -2.39164   -1.99461
 ITERATION...
    493.82      5000   -1.36579   -2.39677   -2.25759   -2.23838   -1.98773
    517.33     10000   -1.33711   -2.49679   -2.44011   -2.40546   -2.02396
    540.85     15000   -1.38657   -2.73387   -2.86010   -2.84837   -2.10461
    564.36     20000   -1.47989   -2.60192   -2.47728   -2.45504   -2.14522
    587.87     25000   -1.52462   -2.59882   -2.47524   -2.45060   -2.17892
    611.39     30000   -1.55453   -2.81985   -2.82680   -2.79452   -2.26132
    634.90     35000   -1.63445   -2.91012   -2.87735   -2.86391   -2.33391
    658.42     40000   -1.70711   -2.76190   -2.62320   -2.60537   -2.34330
    681.93     45000   -1.69798   -2.81626   -2.71893   -2.69379   -2.37263
    705.45     50000   -1.73379   -3.06533   -3.20092   -3.16961   -2.45341
    728.96     55000   -1.82286   -3.00834   -2.90212   -2.88672   -2.50677
    752.48     60000   -1.89316   -2.93419   -2.80285   -2.78029   -2.52602
    775.99     65000   -1.89709   -3.09028   -3.03490   -3.00443   -2.58972
    799.51     70000   -1.96166   -3.30484   -3.38478   -3.36848   -2.67405
    823.02     75000   -2.04307   -3.14310   -3.01081   -2.99205   -2.69954
    846.54     80000   -2.05901   -3.13977   -3.02409   -3.00004   -2.71995
    870.06     85000   -2.08182   -3.36015   -3.39675   -3.36592   -2.79429
    893.57     90000   -2.16531   -3.42381   -3.36583   -3.35233   -2.86309
    917.09     95000   -2.25149   -3.29239   -3.15700   -3.13664   -2.87993
    940.60    100000   -2.24666   -3.38024   -3.29062   -3.26405   -2.92520
    964.12      5000   -2.29307   -3.63953   -3.79353   -3.76271   -3.01174
    987.63     10000   -2.37942   -3.54307   -3.42427   -3.40819   -3.05591
   1011.15     15000   -2.42846   -3.47874   -3.35061   -3.32768   -3.06961
   1034.67     20000   -2.43305   -3.64368   -3.60872   -3.57877   -3.13198
   1058.18     25000   -2.50255   -3.82950   -3.86867   -3.85761   -3.21278
   1081.70     30000   -2.58667   -3.67101   -3.53619   -3.51687   -3.23730
   1105.21     35000   -2.60162   -3.69339   -3.58127   -3.55656   -3.26658
   1128.73     40000   -2.63303   -3.93107   -4.00050   -3.96575   -3.34715
   1152.24     45000   -2.71688   -3.95334   -3.87317   -3.85953   -3.41004
   1175.75     50000   -2.80071   -3.83419   -3.69853   -3.67761   -3.42292
   1199.27     55000   -2.78761   -3.93750   -3.85837   -3.83084   -3.47027
   1222.78     60000   -2.83775   -4.18823   -4.33761   -4.31679   -3.55590
   1246.30     65000   -2.92481   -4.06631   -3.94151   -3.92443   -3.59543
   1269.81     70000   -2.96443   -4.02503   -3.89875   -3.87546   -3.61336
   1293.33     75000   -2.97910   -4.21133   -4.19420   -4.16268   -3.68197
   1316.84     80000   -3.05306   -4.36110   -4.36448   -4.35244   -3.75960
   1340.36     85000   -3.13586   -4.20573   -4.06952   -4.05010   -3.77933
   1363.87     90000   -3.14175   -4.24680   -4.14081   -4.11556   -3.81162
   1387.38     95000   -3.17657   -4.49473   -4.59674   -4.56304   -3.89402
   1410.89    100000   -3.26320   -4.47476   -4.37913   -4.36463   -3.95162
   1434.41      5000   -3.34230   -4.37366   -4.23953   -4.21797   -3.96501
   1457.92     10000   -3.33064   -4.49866   -4.43000   -4.40159   -4.01827
   1481.43     15000   -3.38730   -4.73638   -4.86369   -4.84574   -4.10347
   1504.94     20000   -3.47193   -4.59447   -4.46573   -4.44804   -4.13716
   1528.46     25000   -3.50234   -4.57263   -4.45056   -4.42696   -4.15731
   1551.97     30000   -3.52145   -4.77656   -4.78286   -4.75080   -4.22971
   1575.48     35000   -3.60063   -4.88712   -4.85723   -4.84521   -4.30341
   1598.99     40000   -3.68367   -4.73969   -4.60321   -4.58323   -4.32052
   1622.50     45000   -3.68383   -4.80142   -4.70240   -4.67642   -4.35787
   1646.01     50000   -3.72376   -5.05699   -5.18927   -5.15594   -4.44231
   1669.53     55000   -3.81025   -4.99916   -4.89204   -4.87655   -4.49399
   1693.04     60000   -3.87588   -4.91585   -4.78411   -4.76207   -4.50765
   1716.55     65000   -3.87296   -5.06031   -5.00561   -4.97656   -4.56571
   1740.07     70000   -3.93579   -5.27716   -5.36596   -5.35269   -4.64939
   1763.58     75000   -4.02068   -5.12346   -4.99121   -4.97292   -4.67819
   1787.09     80000   -4.04159   -5.12173   -5.00398   -4.97982   -4.70190
   1810.61     85000   -4.06663   -5.34242   -5.37568   -5.34226   -4.77818
   1834.12     90000   -4.14945   -5.41231   -5.35635   -5.34341   -4.84724
   1857.63     95000   -4.23267   -5.27658   -5.14039   -5.11989   -4.86212
   1881.15    100000   -4.22635   -5.35810   -5.26742   -5.24080   -4.90428
   1904.66      5000   -4.27064   -5.61520   -5.76701   -5.73801   -4.98980
   1928.17     10000   -4.35824   -5.52385   -5.40741   -5.39119   -5.03568
   1951.69     15000   -4.41064   -5.45963   -5.33027   -5.30771   -5.05073
   1975.20     20000   -4.41567   -5.62363   -5.58477   -5.55468   -5.11369
   1998.71     25000   -4.48460   -5.81290   -5.86056   -5.84857   -5.19504
   2022.22     30000   -4.56762   -5.65479   -5.52028   -5.50143   -5.21934
   2045.74     35000   -4.58293   -5.67300   -5.56032   -5.53563   -5.24689
   2069.25     40000   -4.61231   -5.90824   -5.97223   -5.93816   -5.32641
   2092.76     45000   -4.69640   -5.93588   -5.85883   -5.84513   -5.39035
   2116.28     50000   -4.78076   -5.81489   -5.67941   -5.65841   -5.40399
   2139.79     55000   -4.76934   -5.91648   -5.83516   -5.80779   -5.45120
   2163.30     60000   -4.81877   -6.16881   -6.32146   -6.29763   -5.53704
   2186.81     65000   -4.90563   -6.05006   -5.92688   -5.90995   -5.57716
   2210.33     70000   -4.94640   -6.00534   -5.87903   -5.85599   -5.59423
   2233.84     75000   -4.95936   -6.18834   -6.16843   -6.13740   -5.66179
   2257.35     80000   -5.03268   -6.34384   -6.35218   -6.34062   -5.74001
   2280.87     85000   -5.11624   -6.18756   -6.05165   -6.03226   -5.76052
   2304.38     90000   -5.12316   -6.22585   -6.11898   -6.09370   -5.79240
   2327.89     95000   -5.15758   -6.47283   -6.56963   -6.53523   -5.87458
   2351.40    100000   -5.24414   -6.45933   -6.36617   -6.35160   -5.93299
   2374.92      5000   -5.32509   -6.35505   -6.22097   -6.19948   -5.94618
   2398.43     10000   -5.31184   -6.47660   -6.40642   -6.37830   -5.99846
   2421.94     15000   -5.36737   -6.71683   -6.84846   -6.83054   -6.08379
   2445.45     20000   -5.45218   -6.57757   -6.44933   -6.43176   -6.11842
   2468.96     25000   -5.48423   -6.55267   -6.42994   -6.40639   -6.13821
   2492.48     30000   -5.50254   -6.75387   -6.75635   -6.72421   -6.21005
   2515.99     35000   -5.58098   -6.87127   -6.84623   -6.83420   -6.28440
   2539.50     40000   -5.66380   -6.72218   -6.58573   -6.56580   -6.30185
   2563.01     45000   -5.66501   -6.78052   -6.68047   -6.65459   -6.33836
   2586.52     50000   -5.70398   -7.03522   -7.16311   -7.12993   -6.42252
   2610.04     55000   -5.79050   -6.98309   -6.87744   -6.86209   -6.47517
   2633.55     60000   -5.85848   -6.89689   -6.76468   -6.74270   -6.48875
   2657.06     65000   -5.85398   -7.03826   -6.98118   -6.95221   -6.54607
   2680.57     70000   -5.91622   -7.25895   -7.35456   -7.34057   -6.63004
   2704.08     75000   -6.00081   -7.10675   -6.97493   -6.95675   -6.65957
   2727.59     80000   -6.02307   -7.10179   -6.98330   -6.95924   -6.68266
   2751.10     85000   -6.04720   -7.31991   -7.34870   -7.31553   -6.75836
   2774.62     90000   -6.12988   -7.39630   -7.34391   -7.33116   -6.82820
   2798.13     95000   -6.21316   -7.25850   -7.12215   -7.10172   -6.84339
   2821.64    100000   -6.20765   -7.33690   -7.24475   -7.21821   -6.88478
   2845.15      5000   -6.25093   -7.59416   -7.74403   -7.71403   -6.97018
   2868.66     10000   -6.33884   -7.50777   -7.39266   -7.37655   -7.01697
   2892.17     15000   -6.39283   -7.44051   -7.31072   -7.28825   -7.03174
   2915.68     20000   -6.39684   -7.60144   -7.55989   -7.53000   -7.09394
   2939.20     25000   -6.46458   -7.79544   -7.84943   -7.83741   -7.17572
   2962.71     30000   -6.54790   -7.63757   -7.50331   -7.48455   -7.20069
   2986.19     35000   -6.56435   -7.65264   -7.53907   -7.51446   -7.22761
   3009.67     40000   -6.59279   -7.88576   -7.94465   -7.91060   -7.30665
   3033.15     45000   -6.67690   -7.92007   -7.84605   -7.83246   -7.37143
   3056.64     50000   -6.76084   -7.79659   -7.66098   -7.64005   -7.38520
   3080.13     55000   -6.75029   -7.89502   -7.81212   -7.78489   -7.43161
   3103.65     60000   -6.79905   -8.14855   -8.30248   -8.27785   -7.51746
   3127.16     65000   -6.88583   -8.03365   -7.91140   -7.89458   -7.55847
   3150.67     70000   -6.92846   -7.98585   -7.85900   -7.83604   -7.57518
   3174.18     75000   -6.94015   -8.16589   -8.14275   -8.11186   -7.64204
   3197.68     80000   -7.01281   -8.32708   -8.34134   -8.32976   -7.72080
   3221.19     85000   -7.09681   -8.17013   -8.03440   -8.01509   -7.74186
   3244.70     90000   -7.10449   -8.20525   -8.09741   -8.07223   -7.77303
   3268.21     95000   -7.13833   -8.45061   -8.54221   -8.50783   -7.85483
   3291.70    100000   -7.22452   -8.44345   -8.35255   -8.33813   -7.91414
   3315.18      5000   -7.30790   -8.33643   -8.20209   -8.18067   -7.92734
   3338.66     10000   -7.29326   -8.45484   -8.38277   -8.35477   -7.97883
   3362.16     15000   -7.34771   -8.69748   -8.83373   -8.81492   -8.06430
   3385.65     20000   -7.43258   -8.56098   -8.43344   -8.41597   -8.09976
   3409.16     25000   -7.46618   -8.53293   -8.40961   -8.38614   -8.11908
   3432.67     30000   -7.48356   -8.73133   -8.73003   -8.69808   -8.19028
   3456.17     35000   -7.56128   -8.85497   -8.83477   -8.82285   -8.26529
   3479.68     40000   -7.64398   -8.70444   -8.56802   -8.54818   -8.28316
   3503.18     45000   -7.64630   -8.75961   -8.65841   -8.63263   -8.31893
   3526.69     50000   -7.68434   -9.01341   -9.13678   -9.10326   -8.40282
   3550.19     55000   -7.77086   -8.96715   -8.86326   -8.84803   -8.45639
   3573.70     60000   -7.84098   -8.87802   -8.74549   -8.72359   -8.46985
   3597.20     65000   -7.83501   -9.01628   -8.95698   -8.92815   -8.52638
   3620.71     70000   -7.89631   -9.24053   -9.34242   -9.32797   -8.61062
   3644.21     75000   -7.98082   -9.08988   -8.95854   -8.94045   -8.64093
MyID= 0: Time=  0.1,has convergenced
     1686711 iterations for the convertgence of psi
 MyID=           0 has finish
