 START-UP FOR CHUNK...
     23.49      5000   -0.59803   -2.02930   -2.04766   -1.99299   -1.28803
     46.93     10000   -0.75577   -2.14264   -1.93038   -1.99706   -1.50273
     70.36     15000   -0.75048   -2.26186   -1.81787   -1.85770   -1.54098
     93.79     20000   -0.66798   -2.32922   -1.66823   -1.67048   -1.46826
    117.23     25000   -0.55171   -1.86123   -1.52063   -1.51106   -1.34277
    140.66     30000   -0.47350   -1.61067   -1.45850   -1.46044   -1.22646
    164.09     35000   -0.43097   -1.75678   -1.68608   -1.65093   -1.20980
    187.52     40000   -0.51241   -1.91697   -1.89265   -2.07492   -1.32184
    210.95     45000   -0.67244   -1.84938   -1.73388   -1.72248   -1.40055
    234.38     50000   -0.83765   -1.95319   -1.83390   -1.80662   -1.51074
    257.82     55000   -0.92581   -2.23192   -2.27249   -2.22438   -1.64134
    281.25     60000   -1.00392   -2.29648   -2.19992   -2.20950   -1.71404
    304.68     65000   -1.03900   -2.09779   -1.94586   -1.93333   -1.68789
    328.12     70000   -1.00851   -2.08230   -1.98922   -1.96010   -1.67443
    351.55     75000   -1.01627   -2.30376   -2.39361   -2.32761   -1.73394
    374.98     80000   -1.10427   -2.32654   -2.27967   -2.25145   -1.80191
    398.41     85000   -1.21465   -2.24084   -2.11642   -2.09713   -1.83610
    421.85     90000   -1.23665   -2.38660   -2.30005   -2.27138   -1.90761
    445.28     95000   -1.29683   -2.64129   -2.82890   -2.77622   -2.00642
    468.71    100000   -1.37719   -2.51947   -2.39062   -2.38186   -2.04467
 ITERATION...
    492.15      5000   -1.40691   -2.44343   -2.31496   -2.29359   -2.04096
    515.58     10000   -1.39682   -2.59617   -2.55852   -2.51788   -2.08854
    539.01     15000   -1.45971   -2.78782   -2.86859   -2.84528   -2.17173
    562.44     20000   -1.55751   -2.63895   -2.51565   -2.49603   -2.20830
    585.87     25000   -1.58555   -2.67164   -2.55263   -2.52825   -2.24396
    609.31     30000   -1.62212   -2.91806   -2.95926   -2.91077   -2.32885
    632.74     35000   -1.70806   -2.95387   -2.89889   -2.88723   -2.40091
    656.17     40000   -1.78295   -2.81830   -2.68359   -2.66628   -2.41092
    679.60     45000   -1.76878   -2.89819   -2.80342   -2.77466   -2.44359
    703.03     50000   -1.80964   -3.15881   -3.31289   -3.25620   -2.52727
    726.46     55000   -1.90398   -3.06796   -2.96635   -2.95142   -2.58261
    749.89     60000   -1.97068   -3.00639   -2.87724   -2.85557   -2.60148
    773.32     65000   -1.97473   -3.17416   -3.11470   -3.08019   -2.66370
    796.75     70000   -2.03993   -3.38495   -3.47821   -3.44948   -2.75125
    820.19     75000   -2.12614   -3.21812   -3.09197   -3.07598   -2.78196
    843.61     80000   -2.14352   -3.21816   -3.09983   -3.07596   -2.80073
    867.05     85000   -2.16642   -3.44297   -3.45956   -3.41639   -2.87330
    890.48     90000   -2.25040   -3.51893   -3.48438   -3.47036   -2.94942
    913.91     95000   -2.33720   -3.37862   -3.24725   -3.22869   -2.96945
    937.34    100000   -2.33641   -3.45713   -3.35647   -3.32892   -3.00816
    960.77      5000   -2.37873   -3.72504   -3.86185   -3.80362   -3.09471
    984.20     10000   -2.47068   -3.65033   -3.55045   -3.53671   -3.15133
   1007.64     15000   -2.53860   -3.56722   -3.43765   -3.41670   -3.16402
   1031.07     20000   -2.53154   -3.71310   -3.64819   -3.61538   -3.21768
   1054.50     25000   -2.59086   -3.94348   -4.06249   -4.03135   -3.30487
   1077.93     30000   -2.68142   -3.78575   -3.66192   -3.64582   -3.34169
   1101.36     35000   -2.70911   -3.77667   -3.65517   -3.63163   -3.36249
   1124.80     40000   -2.73221   -3.99309   -3.99328   -3.95134   -3.43505
   1148.23     45000   -2.81212   -4.09859   -4.07969   -4.06533   -3.51361
   1171.66     50000   -2.89703   -3.94748   -3.81515   -3.79713   -3.53346
   1195.09     55000   -2.89727   -4.00861   -3.90445   -3.87744   -3.56664
   1218.52     60000   -2.93607   -4.27064   -4.38603   -4.33155   -3.65060
   1241.95     65000   -3.02712   -4.22288   -4.13036   -4.11686   -3.71165
   1265.38     70000   -3.10685   -4.12959   -3.99799   -3.97744   -3.72594
   1288.82     75000   -3.09435   -4.26409   -4.19002   -4.15813   -3.77773
   1312.25     80000   -3.15034   -4.50770   -4.65143   -4.61163   -3.86570
   1335.68     85000   -3.24176   -4.35865   -4.23694   -4.22154   -3.90544
   1359.11     90000   -3.27395   -4.33526   -4.21129   -4.18826   -3.92340
   1382.54     95000   -3.29156   -4.53874   -4.52351   -4.48376   -3.99235
   1405.97    100000   -3.36896   -4.67049   -4.67243   -4.65738   -4.07331
   1429.40      5000   -3.45538   -4.51389   -4.38187   -4.36421   -4.09601
   1452.84     10000   -3.46017   -4.56316   -4.45411   -4.42778   -4.12697
   1476.26     15000   -3.49642   -4.82029   -4.91243   -4.85883   -4.20958
   1499.70     20000   -3.58650   -4.79811   -4.71519   -4.70187   -4.27409
   1523.13     25000   -3.67080   -4.69275   -4.56049   -4.54050   -4.28830
   1546.56     30000   -3.65597   -4.81390   -4.73265   -4.70192   -4.33636
   1569.99     35000   -3.70806   -5.06746   -5.22558   -5.18001   -4.42434
   1593.42     40000   -3.80001   -4.92959   -4.81143   -4.79645   -4.46800
   1616.85     45000   -3.84010   -4.89376   -4.76771   -4.74518   -4.48476
   1640.28     50000   -3.85332   -5.08569   -5.05614   -5.01803   -4.55091
   1663.71     55000   -3.92702   -5.24300   -5.26951   -5.25210   -4.63391
   1687.14     60000   -4.01355   -5.08159   -4.95089   -4.93365   -4.65903
   1710.57     65000   -4.02271   -5.11764   -5.00532   -4.97972   -4.68704
   1734.01     70000   -4.05574   -5.36774   -5.43657   -5.38613   -4.76762
   1757.44     75000   -4.14542   -5.37258   -5.30024   -5.28714   -4.83570
   1780.87     80000   -4.22911   -5.25587   -5.12321   -5.10366   -4.85072
   1804.30     85000   -4.21788   -5.36414   -5.27646   -5.24666   -4.89556
   1827.73     90000   -4.26619   -5.62514   -5.78934   -5.73724   -4.98331
   1851.16     95000   -4.35949   -5.50205   -5.38834   -5.37369   -5.03075
   1874.59    100000   -4.40662   -5.45310   -5.32564   -5.30361   -5.04624
   1898.02      5000   -4.41531   -5.63252   -5.59102   -5.55468   -5.10920
   1921.45     10000   -4.48477   -5.81354   -5.86578   -5.84588   -5.19393
   1944.88     15000   -4.57267   -5.64973   -5.52034   -5.50351   -5.22197
   1968.31     20000   -4.58527   -5.67271   -5.55727   -5.53228   -5.24744
   1991.75     25000   -4.61544   -5.91433   -5.96113   -5.91318   -5.32585
   2015.18     30000   -4.70365   -5.94773   -5.88813   -5.87494   -5.39722
   2038.61     35000   -4.78843   -5.82013   -5.68735   -5.66823   -5.41328
   2062.04     40000   -4.77884   -5.91522   -5.82202   -5.79313   -5.45482
   2085.47     45000   -4.82517   -6.18013   -6.33945   -6.28410   -5.54196
   2108.91     50000   -4.91728   -6.07496   -5.96614   -5.95188   -5.59329
   2132.34     55000   -4.97372   -6.01312   -5.88422   -5.86266   -5.60794
   2155.77     60000   -4.97639   -6.17982   -6.12754   -6.09263   -5.66769
   2179.20     65000   -5.04245   -6.38239   -6.46257   -6.43854   -5.75378
   2202.63     70000   -5.13125   -6.21892   -6.09128   -6.07485   -5.78493
   2226.06     75000   -5.14887   -6.22874   -6.11055   -6.08615   -5.80801
   2249.49     80000   -5.17583   -6.46061   -6.48721   -6.44190   -5.88399
   2272.92     85000   -5.26126   -6.52259   -6.47754   -6.46420   -5.95846
   2296.35     90000   -5.34590   -6.38505   -6.25224   -6.23354   -5.97596
   2319.78     95000   -5.34087   -6.46702   -6.36871   -6.34062   -6.01430
   2343.21    100000   -5.38378   -6.73289   -6.87876   -6.82189   -6.10050
   2366.65      5000   -5.47612   -6.64861   -6.54578   -6.53184   -6.15571
   2390.08     10000   -5.54144   -6.57401   -6.44394   -6.42284   -6.16981
   2413.51     15000   -5.53849   -6.72783   -6.66604   -6.63248   -6.22627
   2436.94     20000   -5.60034   -6.94899   -7.05660   -7.02743   -6.31336
   2460.37     25000   -5.68956   -6.78875   -6.66320   -6.64719   -6.34788
   2483.80     30000   -5.71354   -6.78546   -6.66473   -6.64090   -6.36880
   2507.23     35000   -5.73728   -7.00668   -7.01490   -6.97191   -6.44216
   2530.66     40000   -5.81965   -7.09716   -7.06926   -7.05538   -6.51945
   2554.09     45000   -5.90419   -6.95079   -6.81826   -6.79998   -6.53873
   2577.52     50000   -5.90332   -7.01963   -6.91678   -6.88947   -6.57395
   2600.95     55000   -5.94341   -7.28372   -7.41004   -7.35386   -6.65892
   2624.38     60000   -6.03551   -7.22272   -7.12687   -7.11326   -6.71794
   2647.81     65000   -6.10960   -7.13558   -7.00452   -6.98387   -6.73186
   2671.24     70000   -6.10019   -7.27643   -7.20615   -7.17379   -6.78499
   2694.67     75000   -6.15795   -7.51315   -7.64585   -7.61015   -6.87272
   2718.10     80000   -6.24891   -7.35937   -7.23645   -7.22084   -6.91077
   2741.53     85000   -6.27828   -7.34297   -7.22001   -7.19672   -6.92980
   2764.96     90000   -6.29839   -7.55281   -7.54465   -7.50382   -7.00036
   2788.39     95000   -6.37703   -7.67101   -7.66278   -7.64803   -7.08018
   2811.82    100000   -6.46353   -7.51725   -7.38523   -7.36737   -7.10158
   2835.24      5000   -6.46598   -7.57296   -7.46602   -7.43943   -7.13382
   2858.67     10000   -6.50381   -7.83291   -7.93661   -7.88224   -7.21723
   2882.10     15000   -6.59379   -7.79729   -7.70978   -7.69641   -7.27999
   2905.53     20000   -6.67809   -7.69794   -7.56611   -7.54591   -7.29406
   2928.96     25000   -6.66210   -7.82572   -7.74793   -7.71667   -7.34386
   2952.39     30000   -6.71608   -8.07468   -8.22665   -8.18398   -7.43186
   2975.82     35000   -6.80761   -7.93069   -7.81093   -7.79572   -7.47361
   2999.25     40000   -6.84386   -7.90120   -7.77626   -7.75348   -7.49100
   3022.68     45000   -6.85933   -8.09913   -8.07638   -8.03748   -7.55862
   3046.11     50000   -6.93536   -8.24389   -8.25812   -8.24187   -7.64065
   3069.54     55000   -7.02128   -8.08449   -7.95330   -7.93585   -7.66449
   3092.97     60000   -7.02830   -8.12707   -8.01647   -7.99054   -7.69388
   3116.40     65000   -7.06282   -8.38086   -8.46116   -8.40928   -7.77548
   3139.83     70000   -7.15311   -8.37215   -8.29445   -8.28126   -7.84182
   3163.26     75000   -7.23675   -8.26102   -8.12863   -8.10887   -7.85643
   3186.69     80000   -7.22378   -8.37572   -8.29121   -8.26095   -7.90289
   3210.11     85000   -7.27395   -8.63354   -8.79616   -8.74698   -7.99080
   3233.54     90000   -7.36662   -8.50272   -8.38679   -8.37196   -8.03635
   3256.97     95000   -7.41044   -8.46020   -8.33351   -8.31122   -8.05241
   3280.40    100000   -7.42131   -8.64581   -8.61015   -8.57298   -8.11694
   3303.83      5000   -7.49266   -8.81540   -8.85464   -8.83612   -8.20086
   3327.26     10000   -7.57990   -8.65248   -8.52242   -8.50538   -8.22743
   3350.69     15000   -7.59080   -8.68193   -8.56802   -8.54274   -8.25415
   3374.12     20000   -7.62253   -8.92790   -8.98548   -8.93626   -8.33367
   3397.55     25000   -7.71174   -8.94719   -8.88106   -8.86793   -8.40343
   3420.98     30000   -7.79556   -8.82486   -8.69213   -8.67280   -8.41892
   3444.41     35000   -7.78516   -8.92644   -8.83594   -8.80661   -8.46208
   3467.84     40000   -7.83248   -9.18981   -9.35275   -9.29879   -8.54956
   3491.27     45000   -7.92516   -9.07541   -8.96405   -8.94960   -8.59897
   3514.69     50000   -7.97699   -9.01993   -8.89172   -8.86992   -8.61400
   3538.12     55000   -7.98266   -9.19294   -9.14584   -9.11023   -8.67536
MyID= 0: Time=  0.1,has convergenced
     1686209 iterations for the convertgence of psi
 MyID=           0 has finish
