 START-UP FOR CHUNK...
     23.48      5000   -0.58772   -2.02391   -2.00474   -1.93686   -1.28740
     46.87     10000   -0.73025   -2.14808   -1.87722   -1.94282   -1.49212
     70.25     15000   -0.71258   -2.27775   -1.76331   -1.80677   -1.51373
     93.63     20000   -0.62304   -2.25547   -1.62056   -1.62455   -1.43210
    117.01     25000   -0.51581   -1.79696   -1.49574   -1.48201   -1.31176
    140.40     30000   -0.44927   -1.59682   -1.47504   -1.47604   -1.21063
    163.78     35000   -0.43439   -1.84742   -1.78295   -1.76130   -1.23750
    187.17     40000   -0.54874   -1.92726   -1.87316   -1.94395   -1.35681
    210.55     45000   -0.71791   -1.85818   -1.73474   -1.73536   -1.43379
    233.93     50000   -0.85986   -2.02202   -1.91001   -1.87280   -1.55080
    257.32     55000   -0.95145   -2.30916   -2.41381   -2.35021   -1.68049
    280.70     60000   -1.03174   -2.30067   -2.14461   -2.14634   -1.73741
    304.08     65000   -1.06271   -2.09930   -1.95962   -1.93983   -1.70688
    327.47     70000   -1.02941   -2.13214   -2.05080   -2.01802   -1.70645
    350.85     75000   -1.05287   -2.37693   -2.50525   -2.42789   -1.77715
    374.24     80000   -1.15301   -2.32645   -2.26561   -2.23623   -1.84142
    397.62     85000   -1.26190   -2.27581   -2.15174   -2.13724   -1.87561
    421.00     90000   -1.27695   -2.45153   -2.37670   -2.34571   -1.95050
    444.39     95000   -1.34102   -2.68544   -2.84331   -2.79635   -2.04947
    467.77    100000   -1.42472   -2.54155   -2.40487   -2.39925   -2.08447
 ITERATION...
    491.16      5000   -1.44572   -2.48625   -2.36115   -2.33799   -2.08350
    514.54     10000   -1.44460   -2.66578   -2.63576   -2.58549   -2.13643
    537.92     15000   -1.51241   -2.83574   -2.88881   -2.85807   -2.22164
    561.31     20000   -1.61286   -2.67760   -2.55759   -2.53689   -2.25779
    584.69     25000   -1.63476   -2.72298   -2.60514   -2.58109   -2.29303
    608.07     30000   -1.67371   -2.98040   -3.02360   -2.96780   -2.37806
    631.46     35000   -1.76288   -2.99797   -2.94564   -2.93346   -2.45337
    654.84     40000   -1.83956   -2.86741   -2.73411   -2.71978   -2.46575
    678.22     45000   -1.82566   -2.95253   -2.85322   -2.82427   -2.49752
    701.61     50000   -1.86735   -3.22191   -3.36886   -3.29032   -2.58202
    724.99     55000   -1.96514   -3.13199   -3.03610   -3.02295   -2.64312
    748.38     60000   -2.03930   -3.06264   -2.93400   -2.91287   -2.66153
    771.76     65000   -2.03654   -3.22433   -3.15114   -3.11498   -2.71908
    795.15     70000   -2.09740   -3.46031   -3.58659   -3.53440   -2.80986
    818.53     75000   -2.19069   -3.28905   -3.17037   -3.15575   -2.84937
    841.91     80000   -2.21655   -3.27445   -3.15212   -3.13022   -2.86511
    865.30     85000   -2.23421   -3.48804   -3.46738   -3.42311   -2.93226
    888.68     90000   -2.31222   -3.61265   -3.62110   -3.60117   -3.01630
    912.06     95000   -2.40336   -3.45476   -3.32733   -3.31172   -3.04319
    935.45    100000   -2.40895   -3.50767   -3.39586   -3.36992   -3.07364
    958.83      5000   -2.44599   -3.77363   -3.84438   -3.77949   -3.15631
    982.22     10000   -2.53955   -3.75957   -3.68639   -3.67324   -3.22728
   1005.60     15000   -2.62330   -3.64204   -3.51242   -3.49383   -3.24258
   1028.99     20000   -2.60858   -3.75327   -3.66219   -3.63138   -3.28465
   1052.37     25000   -2.65725   -4.02553   -4.18622   -4.11332   -3.37310
   1075.75     30000   -2.75473   -3.89819   -3.79169   -3.77798   -3.42704
   1099.14     35000   -2.81066   -3.84407   -3.71696   -3.69650   -3.44274
   1122.52     40000   -2.81480   -4.01963   -3.96211   -3.92451   -3.50221
   1145.91     45000   -2.88033   -4.22824   -4.31461   -4.27863   -3.59110
   1169.29     50000   -2.97334   -4.05719   -3.93311   -3.91860   -3.62646
   1192.67     55000   -2.99238   -4.06361   -3.94416   -3.92043   -3.64722
   1216.06     60000   -3.01833   -4.29611   -4.30119   -4.25081   -3.72054
   1239.44     65000   -3.10197   -4.38009   -4.35253   -4.33640   -3.80125
   1262.83     70000   -3.19093   -4.23025   -4.10035   -4.08337   -3.82327
   1286.21     75000   -3.18828   -4.30023   -4.19398   -4.16658   -3.85662
   1309.60     80000   -3.22906   -4.57239   -4.68014   -4.60986   -3.94142
   1332.98     85000   -3.32442   -4.51842   -4.43142   -4.41847   -4.00720
   1356.37     90000   -3.40824   -4.42164   -4.29137   -4.27248   -4.02207
   1379.75     95000   -3.39158   -4.55359   -4.47089   -4.43821   -4.07006
   1403.13    100000   -3.44425   -4.81317   -4.97077   -4.90652   -4.15969
   1426.52      5000   -3.54189   -4.66457   -4.54943   -4.53585   -4.20740
   1449.90     10000   -3.58337   -4.62944   -4.50341   -4.48176   -4.22380
   1473.29     15000   -3.59524   -4.82357   -4.78198   -4.74061   -4.28778
   1496.67     20000   -3.66696   -4.99641   -5.04094   -5.01445   -4.37479
   1520.05     25000   -3.75904   -4.82687   -4.69988   -4.68448   -4.40529
   1543.44     30000   -3.76924   -4.85420   -4.73757   -4.71287   -4.42977
   1566.82     35000   -3.80058   -5.10270   -5.13631   -5.08029   -4.50742
   1590.21     40000   -3.89001   -5.14006   -5.08852   -5.07440   -4.58394
   1613.59     45000   -3.97593   -5.00602   -4.87499   -4.85761   -4.60273
   1636.98     50000   -3.96921   -5.09604   -4.99549   -4.96658   -4.64048
   1660.36     55000   -4.01344   -5.37141   -5.51249   -5.43696   -4.72754
   1683.75     60000   -4.10963   -5.27963   -5.18105   -5.16813   -4.78765
   1707.13     65000   -4.18044   -5.20250   -5.07295   -5.05317   -4.80221
   1730.51     70000   -4.17253   -5.35501   -5.28257   -5.24756   -4.85547
   1753.90     75000   -4.23156   -5.59433   -5.72470   -5.67403   -4.94517
   1777.28     80000   -4.32710   -5.43047   -5.31043   -5.29631   -4.98696
   1800.66     85000   -4.35728   -5.41565   -5.29193   -5.26944   -5.00525
   1824.05     90000   -4.37668   -5.62883   -5.60655   -5.56140   -5.07394
   1847.43     95000   -4.45426   -5.76045   -5.76765   -5.74752   -5.15836
   1870.82    100000   -4.54382   -5.59821   -5.46927   -5.45330   -5.18436
   1894.20      5000   -4.54810   -5.64587   -5.53345   -5.50754   -5.21273
   1917.59     10000   -4.58363   -5.90781   -5.97484   -5.91207   -5.29404
   1940.97     15000   -4.67704   -5.89997   -5.82922   -5.81599   -5.36575
   1964.35     20000   -4.76265   -5.78299   -5.65200   -5.63386   -5.38227
   1987.74     25000   -4.74926   -5.89320   -5.80004   -5.76947   -5.42488
   2011.12     30000   -4.79792   -6.16537   -6.32685   -6.25204   -5.51359
   2034.50     35000   -4.89503   -6.04202   -5.93469   -5.92151   -5.56780
   2057.89     40000   -4.95159   -5.98486   -5.85673   -5.83615   -5.58275
   2081.27     45000   -4.95429   -6.15741   -6.09797   -6.06031   -5.64113
   2104.65     50000   -5.01871   -6.36867   -6.45922   -6.42208   -5.73003
   2128.04     55000   -5.11250   -6.19818   -6.07431   -6.05964   -5.76623
   2151.42     60000   -5.13287   -6.20350   -6.08279   -6.05929   -5.78716
   2174.81     65000   -5.15853   -6.43456   -6.43610   -6.38624   -5.86034
   2198.19     70000   -5.24176   -6.52209   -6.49806   -6.48163   -5.94139
   2221.58     75000   -5.33033   -6.37141   -6.24124   -6.22459   -5.96353
   2244.96     80000   -5.32812   -6.43922   -6.33194   -6.30471   -5.99616
   2268.34     85000   -5.36828   -6.71046   -6.81404   -6.74440   -6.08054
   2291.73     90000   -5.46379   -6.66017   -6.57444   -6.56155   -6.14695
   2315.11     95000   -5.54763   -6.56175   -6.43121   -6.41232   -6.16208
   2338.50    100000   -5.53142   -6.69211   -6.60782   -6.57531   -6.20972
   2361.88      5000   -5.58388   -6.95324   -7.11272   -7.04642   -6.29935
   2385.26     10000   -5.68126   -6.80613   -6.69192   -6.67835   -6.34758
   2408.65     15000   -5.72408   -6.76903   -6.64276   -6.62131   -6.36370
   2432.03     20000   -5.73497   -6.96123   -6.91760   -6.87675   -6.42709
   2455.42     25000   -5.80605   -7.13753   -7.18617   -7.15908   -6.51433
   2478.80     30000   -5.89831   -6.96768   -6.84095   -6.82568   -6.54538
   2502.18     35000   -5.90955   -6.99314   -6.87599   -6.85141   -6.56956
   2525.55     40000   -5.94053   -7.24033   -7.27042   -7.21491   -6.64685
   2548.91     45000   -6.02952   -7.28228   -7.23321   -7.21884   -6.72382
   2572.30     50000   -6.11536   -7.14645   -7.01561   -6.99827   -6.74284
   2595.70     55000   -6.10915   -7.23440   -7.13321   -7.10450   -6.78006
   2619.10     60000   -6.15310   -7.50971   -7.64754   -7.57263   -6.86689
   2642.47     65000   -6.24897   -7.42132   -7.32389   -7.31099   -6.92762
   2665.83     70000   -6.32149   -7.34226   -7.21262   -7.19295   -6.94221
   2689.21     75000   -6.31255   -7.49276   -7.41906   -7.38431   -6.99496
   2712.61     80000   -6.37091   -7.73459   -7.86881   -7.81643   -7.08471
   2736.02     85000   -6.46654   -7.57190   -7.45242   -7.43836   -7.12707
   2759.42     90000   -6.49792   -7.55496   -7.43105   -7.40866   -7.14511
   2782.80     95000   -6.51664   -7.76621   -7.74179   -7.69711   -7.21330
   2806.17    100000   -6.59352   -7.90220   -7.91290   -7.89233   -7.29804
   2829.54      5000   -6.68332   -7.73896   -7.61021   -7.59430   -7.32449
   2852.94     10000   -6.68814   -7.78456   -7.67166   -7.64588   -7.35244
   2876.34     15000   -6.72326   -8.04528   -8.10863   -8.04654   -7.43341
   2899.75     20000   -6.81625   -8.04208   -7.97324   -7.95992   -7.50564
   2923.16     25000   -6.90230   -7.92326   -7.79230   -7.77424   -7.52235
   2946.56     30000   -6.88920   -8.03137   -7.93743   -7.90705   -7.56443
   2969.96     35000   -6.93737   -8.30419   -8.46444   -8.38935   -7.65301
   2993.37     40000   -7.03456   -8.18376   -8.07723   -8.06409   -7.70783
   3016.79     45000   -7.09250   -8.12453   -7.99623   -7.97574   -7.72271
   3040.20     50000   -7.09405   -8.29501   -8.23410   -8.19673   -7.78058
   3063.62     55000   -7.15790   -8.50955   -8.60463   -8.56612   -7.86959
   3087.03     60000   -7.25207   -8.33942   -8.21594   -8.20133   -7.90635
   3110.44     65000   -7.27325   -8.34264   -8.22162   -8.19824   -7.92697
   3133.82     70000   -7.29826   -8.57191   -8.57081   -8.52150   -7.99970
   3157.19     75000   -7.38113   -8.66408   -8.64296   -8.62627   -8.08114
   3180.57     80000   -7.46958   -8.51204   -8.38197   -8.36539   -8.10365
   3203.95     85000   -7.46811   -8.57777   -8.46991   -8.44282   -8.13582
   3227.33     90000   -7.50785   -8.84825   -8.94804   -8.87903   -8.21991
   3250.73     95000   -7.60319   -8.80223   -8.71793   -8.70502   -8.28689
   3274.15    100000   -7.68704   -8.70184   -8.57125   -8.55244   -8.30212
   3297.56      5000   -7.67113   -8.83011   -8.74484   -8.71255   -8.34923
   3320.98     10000   -7.72332   -9.09275   -9.25358   -9.18612   -8.43881
   3344.39     15000   -7.82054   -8.94772   -8.83414   -8.82061   -8.48766
   3367.81     20000   -7.86482   -8.90853   -8.78205   -8.76069   -8.50362
   3391.21     25000   -7.87483   -9.09872   -9.05330   -9.01280   -8.56650
   3414.61     30000   -7.94528   -9.27893   -9.33187   -9.30388   -8.65394
MyID= 0: Time=  0.1,has convergenced
     1685684 iterations for the convertgence of psi
 MyID=           0 has finish
