 START-UP FOR CHUNK...
     23.50      5000   -0.59220   -2.02706   -2.02350   -1.96380   -1.28697
     46.90     10000   -0.74225   -2.14752   -1.90105   -1.96868   -1.49686
     70.30     15000   -0.73021   -2.26679   -1.78968   -1.82997   -1.52675
     93.71     20000   -0.64247   -2.29275   -1.64351   -1.64532   -1.44923
    117.11     25000   -0.53378   -1.82777   -1.50631   -1.49473   -1.32624
    140.51     30000   -0.46009   -1.59881   -1.46330   -1.46594   -1.21725
    163.91     35000   -0.43109   -1.79758   -1.73396   -1.70052   -1.22164
    187.31     40000   -0.53074   -1.92189   -1.88358   -2.01028   -1.33869
    210.71     45000   -0.69185   -1.85348   -1.73269   -1.72685   -1.41567
    234.11     50000   -0.84687   -1.98577   -1.87025   -1.83592   -1.52940
    257.51     55000   -0.93702   -2.26961   -2.34496   -2.28636   -1.65957
    280.91     60000   -1.01682   -2.29769   -2.17273   -2.17500   -1.72491
    304.31     65000   -1.04965   -2.09691   -1.95183   -1.93540   -1.69657
    327.71     70000   -1.01847   -2.10504   -2.01711   -1.98750   -1.68950
    351.11     75000   -1.03343   -2.33639   -2.44919   -2.37719   -1.75457
    374.51     80000   -1.12740   -2.32531   -2.27261   -2.24511   -1.82093
    397.91     85000   -1.23696   -2.25852   -2.13331   -2.11685   -1.85502
    421.31     90000   -1.25581   -2.41835   -2.33698   -2.30577   -1.92806
    444.72     95000   -1.31784   -2.66591   -2.84316   -2.79005   -2.02694
    468.12    100000   -1.39981   -2.53053   -2.39846   -2.39024   -2.06379
 ITERATION...
    491.52      5000   -1.42609   -2.46409   -2.33789   -2.31490   -2.06162
    514.92     10000   -1.42006   -2.63088   -2.59486   -2.55028   -2.11186
    538.32     15000   -1.48522   -2.81042   -2.88185   -2.85185   -2.19597
    561.72     20000   -1.58429   -2.65682   -2.53701   -2.51713   -2.23241
    585.12     25000   -1.60969   -2.69675   -2.57827   -2.55479   -2.26791
    608.52     30000   -1.64711   -2.94868   -2.99003   -2.93785   -2.35283
    631.92     35000   -1.73456   -2.97560   -2.92241   -2.91129   -2.42649
    655.32     40000   -1.81042   -2.84221   -2.70907   -2.69310   -2.43780
    678.73     45000   -1.79700   -2.92485   -2.82853   -2.79902   -2.47021
    702.13     50000   -1.83779   -3.19206   -3.34008   -3.27250   -2.55435
    725.53     55000   -1.93427   -3.09941   -3.00193   -2.98700   -2.61241
    748.93     60000   -2.00444   -3.03349   -2.90607   -2.88438   -2.63109
    772.33     65000   -2.00594   -3.19895   -3.13292   -3.09808   -2.69118
    795.73     70000   -2.06849   -3.42187   -3.53157   -3.49246   -2.78041
    819.13     75000   -2.15813   -3.25251   -3.13082   -3.11567   -2.81528
    842.53     80000   -2.17935   -3.24576   -3.12620   -3.10333   -2.83265
    865.93     85000   -2.20027   -3.46553   -3.46421   -3.41985   -2.90288
    889.33     90000   -2.28139   -3.56585   -3.55013   -3.53459   -2.98298
    912.74     95000   -2.37086   -3.41619   -3.28715   -3.26970   -3.00600
    936.14    100000   -2.37291   -3.48225   -3.37682   -3.34958   -3.04081
    959.54      5000   -2.41324   -3.75136   -3.85802   -3.79508   -3.12596
    982.94     10000   -2.50529   -3.70345   -3.61562   -3.60213   -3.18953
   1006.34     15000   -2.58822   -3.60398   -3.47469   -3.45470   -3.20303
   1029.74     20000   -2.57090   -3.73365   -3.65550   -3.62351   -3.25136
   1053.14     25000   -2.62408   -3.98711   -4.13998   -4.08877   -3.33988
   1076.55     30000   -2.71886   -3.84021   -3.72396   -3.70922   -3.38456
   1099.95     35000   -2.75819   -3.81017   -3.68574   -3.66350   -3.40239
   1123.35     40000   -2.77327   -4.00809   -3.97796   -3.93746   -3.46924
   1146.75     45000   -2.84723   -4.16458   -4.19092   -4.17106   -3.55366
   1170.15     50000   -2.93530   -4.00041   -3.87157   -3.85504   -3.57997
   1193.55     55000   -2.94320   -4.03616   -3.92382   -3.89806   -3.60688
   1216.96     60000   -2.97607   -4.28846   -4.34845   -4.29372   -3.68681
   1240.36     65000   -3.06725   -4.29865   -4.23210   -4.21866   -3.75788
   1263.76     70000   -3.15243   -4.17795   -4.04670   -4.02778   -3.77440
   1287.16     75000   -3.14128   -4.28275   -4.19082   -4.16091   -3.81742
   1310.56     80000   -3.18938   -4.55030   -4.71259   -4.64782   -3.90557
   1333.96     85000   -3.28361   -4.43402   -4.32586   -4.31206   -3.95751
   1357.37     90000   -3.33881   -4.37664   -4.24885   -4.22762   -3.97237
   1380.77     95000   -3.34201   -4.54810   -4.49456   -4.45787   -4.03201
   1404.17    100000   -3.40819   -4.75064   -4.83127   -4.80271   -4.11927
   1427.57      5000   -3.49904   -4.58415   -4.45859   -4.44284   -4.15233
   1450.97     10000   -3.51755   -4.59463   -4.47590   -4.45162   -4.17502
   1474.37     15000   -3.54483   -4.82835   -4.84593   -4.79734   -4.25039
   1497.77     20000   -3.63028   -4.89640   -4.85939   -4.84484   -4.32754
   1521.17     25000   -3.71541   -4.75475   -4.62383   -4.60594   -4.34674
   1544.57     30000   -3.71226   -4.83273   -4.73100   -4.70304   -4.38297
   1567.97     35000   -3.75413   -5.10207   -5.23341   -5.16873   -4.46882
   1591.38     40000   -3.84795   -5.02793   -4.93244   -4.91912   -4.52870
   1614.78     45000   -3.92171   -4.94505   -4.81528   -4.79503   -4.54313
   1638.18     50000   -3.91249   -5.09081   -5.01899   -4.98535   -4.59627
   1661.58     55000   -3.97056   -5.32956   -5.46370   -5.41963   -4.68499
   1684.98     60000   -4.06401   -5.17167   -5.05153   -5.03656   -4.72506
   1708.38     65000   -4.09420   -5.15541   -5.03261   -5.00965   -4.74372
   1731.79     70000   -4.11343   -5.36628   -5.35034   -5.30749   -4.81330
   1755.19     75000   -4.19227   -5.49180   -5.49342   -5.47622   -4.89551
   1778.59     80000   -4.27936   -5.33403   -5.20445   -5.18744   -4.91926
   1801.99     85000   -4.28354   -5.38553   -5.27606   -5.24971   -4.94963
   1825.39     90000   -4.31998   -5.64641   -5.73112   -5.67207   -5.03213
   1848.79     95000   -4.41246   -5.62474   -5.54691   -5.53367   -5.09940
   1872.19    100000   -4.49622   -5.51678   -5.38609   -5.36679   -5.11454
   1895.60      5000   -4.48289   -5.63587   -5.55033   -5.51925   -5.16086
   1919.00     10000   -4.53320   -5.89717   -6.05989   -6.00091   -5.24954
   1942.40     15000   -4.62843   -5.76205   -5.64915   -5.63491   -5.29734
   1965.80     20000   -4.67371   -5.71925   -5.59311   -5.57126   -5.31332
   1989.20     25000   -4.68348   -5.90516   -5.86300   -5.82441   -5.37667
   2012.60     30000   -4.75417   -6.08319   -6.13467   -6.11104   -5.46256
   2036.00     35000   -4.84420   -5.91687   -5.78984   -5.77366   -5.49199
   2059.40     40000   -4.85583   -5.94165   -5.82607   -5.80117   -5.51704
   2082.80     45000   -4.88626   -6.18624   -6.22558   -6.17376   -5.59510
   2106.20     50000   -4.97483   -6.22233   -6.16859   -6.15492   -5.66908
   2129.61     55000   -5.06023   -6.09157   -5.96056   -5.94217   -5.68652
   2153.01     60000   -5.05242   -6.18401   -6.08739   -6.05839   -5.72625
   2176.41     65000   -5.09735   -6.45402   -6.60532   -6.53947   -5.81346
   2199.81     70000   -5.19202   -6.35546   -6.25296   -6.23932   -5.86912
   2223.21     75000   -5.25548   -6.28635   -6.15778   -6.13698   -5.88368
   2246.61     80000   -5.25392   -6.44624   -6.38374   -6.34860   -5.94041
   2270.01     85000   -5.31599   -6.66699   -6.77381   -6.73864   -6.02854
   2293.41     90000   -5.40762   -6.50273   -6.37964   -6.36427   -6.06470
   2316.81     95000   -5.43151   -6.50085   -6.38029   -6.35667   -6.08535
   2340.22    100000   -5.45555   -6.72434   -6.72561   -6.67988   -6.15810
   2363.62      5000   -5.53709   -6.81940   -6.79893   -6.78349   -6.23775
   2387.02     10000   -5.62418   -6.66957   -6.53924   -6.52175   -6.25891
   2410.42     15000   -5.62400   -6.73534   -6.62996   -6.60275   -6.29239
   2433.82     20000   -5.66372   -7.00199   -7.11261   -7.05009   -6.37686
   2457.22     25000   -5.75613   -6.95114   -6.86314   -6.84988   -6.44020
   2480.62     30000   -5.83913   -6.85644   -6.72624   -6.70643   -6.45476
   2504.04     35000   -5.82403   -6.98987   -6.91142   -6.87905   -6.50472
   2527.47     40000   -5.87823   -7.24077   -7.39264   -7.34122   -6.59360
   2550.90     45000   -5.97215   -7.09171   -6.97461   -6.95999   -6.63720
   2574.33     50000   -6.00948   -7.06320   -6.93878   -6.91634   -6.65449
   2597.76     55000   -6.02460   -7.26271   -7.23393   -7.19315   -6.72126
   2621.19     60000   -6.09916   -7.41349   -7.43686   -7.41725   -6.80534
   2644.61     65000   -6.18751   -7.25063   -7.12207   -7.10543   -6.83157
   2668.04     70000   -6.19538   -7.28976   -7.17734   -7.15167   -6.85937
   2691.47     75000   -6.22905   -7.54387   -7.60696   -7.55132   -6.93994
   2714.90     80000   -6.32058   -7.54847   -7.48078   -7.46743   -7.01042
   2738.33     85000   -6.40490   -7.42965   -7.29869   -7.27982   -7.02644
   2761.76     90000   -6.39321   -7.53644   -7.44548   -7.41541   -7.06970
   2785.18     95000   -6.44169   -7.80341   -7.96593   -7.90226   -7.15787
   2808.61    100000   -6.53600   -7.68359   -7.57504   -7.56110   -7.20929
   2832.04      5000   -6.58993   -7.62859   -7.50122   -7.47987   -7.22444
   2855.47     10000   -6.59425   -7.80257   -7.75041   -7.71350   -7.28477
   2878.90     15000   -6.66111   -8.00173   -8.07864   -8.05043   -7.37187
   2902.33     20000   -6.75177   -7.83485   -7.70942   -7.69361   -7.40431
   2925.76     25000   -6.76915   -7.84733   -7.72931   -7.70501   -7.42721
   2949.18     30000   -6.79680   -8.08266   -8.10340   -8.05453   -7.50291
   2972.61     35000   -6.88284   -8.14609   -8.10644   -8.09216   -7.57965
   2996.04     40000   -6.96796   -8.00593   -7.87511   -7.85714   -7.59863
   3019.47     45000   -6.96434   -8.08607   -7.98516   -7.95702   -7.63542
   3042.90     50000   -7.00654   -8.35586   -8.49052   -8.42535   -7.72152
   3066.33     55000   -7.10069   -8.27811   -8.18168   -8.16825   -7.78077
   3089.76     60000   -7.17269   -8.19706   -8.06763   -8.04729   -7.79514
   3113.19     65000   -7.16453   -8.34478   -8.27443   -8.24064   -7.84876
   3136.61     70000   -7.22317   -8.58116   -8.71157   -8.66912   -7.93742
   3160.03     75000   -7.31666   -8.42217   -8.30156   -8.28655   -7.97695
   3183.46     80000   -7.34568   -8.40799   -8.28553   -8.26246   -7.99590
   3206.89     85000   -7.36564   -8.62068   -8.60716   -8.56386   -8.06596
   3230.32     90000   -7.44491   -8.74210   -8.74047   -8.72351   -8.14782
   3253.75     95000   -7.53205   -8.58533   -8.45567   -8.43857   -8.17116
   3277.18    100000   -7.53547   -8.63882   -8.52999   -8.50351   -8.20195
   3300.60      5000   -7.57238   -8.90064   -8.98917   -8.92967   -8.28475
   3324.03     10000   -7.66509   -8.87467   -8.79521   -8.78198   -8.35147
   3347.46     15000   -7.74882   -8.76860   -8.63794   -8.61856   -8.36652
   3370.89     20000   -7.73509   -8.88974   -8.80515   -8.77389   -8.41337
   3394.32     25000   -7.78581   -9.14980   -9.31187   -9.25366   -8.50209
   3417.74     30000   -7.88121   -9.01251   -8.89897   -8.88468   -8.54928
   3441.17     35000   -7.92505   -8.97174   -8.84585   -8.82392   -8.56542
   3464.60     40000   -7.93570   -9.15961   -9.11930   -9.08042   -8.62927
MyID= 0: Time=  0.1,has convergenced
     1686163 iterations for the convertgence of psi
 MyID=           0 has finish
