 START-UP FOR CHUNK...
     23.46      5000   -0.63427   -2.04068   -2.21126   -2.23924   -1.29158
     46.84     10000   -0.84367   -2.12262   -2.16673   -2.23990   -1.53207
     70.22     15000   -0.89356   -2.21770   -2.05706   -2.09615   -1.63068
     93.60     20000   -0.85173   -2.53677   -1.89835   -1.89727   -1.62247
    116.97     25000   -0.74324   -2.15262   -1.70048   -1.69871   -1.50880
    140.35     30000   -0.61177   -1.85420   -1.52212   -1.52564   -1.35003
    163.72     35000   -0.50686   -1.63380   -1.45516   -1.45311   -1.21316
    187.09     40000   -0.45958   -1.71158   -1.66855   -1.64005   -1.18573
    210.47     45000   -0.53412   -1.93453   -1.89400   -1.97229   -1.27894
    233.85     50000   -0.66259   -1.80571   -1.67748   -1.65574   -1.35841
    257.23     55000   -0.81043   -1.94029   -1.81196   -1.77884   -1.48096
    280.59     60000   -0.89194   -2.23456   -2.28981   -2.28039   -1.60697
    303.96     65000   -0.95779   -2.19581   -2.05790   -2.04669   -1.64284
    327.33     70000   -0.96627   -2.00857   -1.85569   -1.83654   -1.59893
    350.71     75000   -0.91267   -2.02874   -1.95835   -1.93209   -1.59489
    374.08     80000   -0.93188   -2.25351   -2.38880   -2.39975   -1.65863
    397.46     85000   -1.02713   -2.19010   -2.07046   -2.04773   -1.70816
    420.83     90000   -1.11116   -2.16979   -2.04311   -2.02385   -1.75838
    444.21     95000   -1.14975   -2.37998   -2.36781   -2.34397   -1.85401
    467.58    100000   -1.22455   -2.53836   -2.49749   -2.49751   -1.92677
 ITERATION...
    490.95      5000   -1.27845   -2.36206   -2.20635   -2.18668   -1.92284
    514.32     10000   -1.26049   -2.35968   -2.26432   -2.23810   -1.93417
    537.70     15000   -1.28131   -2.58912   -2.68764   -2.69129   -2.00488
    561.07     20000   -1.36749   -2.58605   -2.47187   -2.44998   -2.05918
    584.44     25000   -1.45314   -2.49883   -2.36254   -2.34000   -2.08691
    607.82     30000   -1.46213   -2.64702   -2.59165   -2.57093   -2.15967
    631.18     35000   -1.52871   -2.86453   -2.92860   -2.92617   -2.24151
    654.56     40000   -1.59860   -2.71565   -2.56450   -2.54683   -2.25708
    677.93     45000   -1.60725   -2.69262   -2.57733   -2.55431   -2.27233
    701.31     50000   -1.62535   -2.89847   -2.95064   -2.93670   -2.34357
    724.68     55000   -1.70513   -2.96931   -2.87759   -2.86281   -2.40486
    748.05     60000   -1.79931   -2.84083   -2.69834   -2.67535   -2.42320
    771.43     65000   -1.79126   -2.93953   -2.85892   -2.83559   -2.47894
    794.80     70000   -1.84479   -3.19096   -3.31789   -3.31463   -2.56376
    818.18     75000   -1.92083   -3.07566   -2.93454   -2.91557   -2.59344
    841.55     80000   -1.95313   -3.02197   -2.89487   -2.87261   -2.60742
    864.93     85000   -1.96307   -3.19846   -3.19872   -3.18062   -2.67483
    888.27     90000   -2.03787   -3.34188   -3.29978   -3.28984   -2.74464
    911.62     95000   -2.12318   -3.18996   -3.04436   -3.02285   -2.76171
    934.97    100000   -2.12520   -3.24209   -3.14397   -3.12082   -2.80370
    958.32      5000   -2.16647   -3.49413   -3.61669   -3.60799   -2.88785
    981.67     10000   -2.24623   -3.44522   -3.31706   -3.29917   -2.93061
   1005.02     15000   -2.30184   -3.35474   -3.21981   -3.19729   -2.94228
   1028.37     20000   -2.30054   -3.49521   -3.45594   -3.43495   -3.00268
   1051.71     25000   -2.36579   -3.70300   -3.73265   -3.72933   -3.07983
   1075.06     30000   -2.44781   -3.54740   -3.40143   -3.38038   -3.10120
   1098.41     35000   -2.46263   -3.55535   -3.44295   -3.42006   -3.13190
   1121.76     40000   -2.49229   -3.78438   -3.85449   -3.83945   -3.21221
   1145.11     45000   -2.57183   -3.81893   -3.71509   -3.69940   -3.26741
   1168.46     50000   -2.65551   -3.69452   -3.55310   -3.53106   -3.27826
   1191.81     55000   -2.63813   -3.79491   -3.72648   -3.70413   -3.32966
   1215.15     60000   -2.69272   -4.04035   -4.14660   -4.15056   -3.41141
   1238.50     65000   -2.77310   -3.91246   -3.76940   -3.74933   -3.44099
   1261.85     70000   -2.80447   -3.87766   -3.75364   -3.73067   -3.46274
   1285.20     75000   -2.82267   -4.07270   -4.08730   -4.06803   -3.53660
   1308.55     80000   -2.89938   -4.19143   -4.13030   -4.11794   -3.60290
   1331.90     85000   -2.98127   -4.04156   -3.89594   -3.87433   -3.61566
   1355.25     90000   -2.97601   -4.10115   -4.01035   -3.98760   -3.65722
   1378.60     95000   -3.01839   -4.35326   -4.48333   -4.48327   -3.74018
   1401.95    100000   -3.09962   -4.28313   -4.14964   -4.13112   -3.78042
   1425.30      5000   -3.14998   -4.20769   -4.07442   -4.05174   -3.79586
   1448.66     10000   -3.15631   -4.36363   -4.33470   -4.31320   -3.86127
   1472.01     15000   -3.22494   -4.55393   -4.55986   -4.55330   -3.93637
   1495.36     20000   -3.30469   -4.39581   -4.24884   -4.22780   -3.95423
   1518.71     25000   -3.31462   -4.41428   -4.30659   -4.28367   -3.98614
   1542.06     30000   -3.34603   -4.65014   -4.73850   -4.72787   -4.06689
   1565.41     35000   -3.42608   -4.65771   -4.54419   -4.52766   -4.11882
   1588.76     40000   -3.50231   -4.54499   -4.40489   -4.38260   -4.13102
   1612.11     45000   -3.49232   -4.66002   -4.59882   -4.57639   -4.18665
   1635.46     50000   -3.55010   -4.89691   -4.98417   -4.98466   -4.26750
   1658.81     55000   -3.62981   -4.75722   -4.61255   -4.59238   -4.29349
   1682.16     60000   -3.65560   -4.73448   -4.61394   -4.59107   -4.31682
   1705.51     65000   -3.67691   -4.93996   -4.97112   -4.95371   -4.39236
   1728.87     70000   -3.75409   -5.03238   -4.95486   -4.94147   -4.45553
   1752.22     75000   -3.83790   -4.88964   -4.74497   -4.72312   -4.46793
   1775.57     80000   -3.82977   -4.96317   -4.87811   -4.85527   -4.51321
   1798.92     85000   -3.87564   -5.21639   -5.34861   -5.34938   -4.59634
   1822.27     90000   -3.95521   -5.12537   -4.98835   -4.96934   -4.63279
   1845.62     95000   -3.99951   -5.06201   -4.93155   -4.90888   -4.64947
   1868.97    100000   -4.00884   -5.23005   -5.21365   -5.19306   -4.71738
   1892.32      5000   -4.08059   -5.39965   -5.38138   -5.37307   -4.79006
   1915.67     10000   -4.16117   -5.24173   -5.09488   -5.07362   -4.80621
   1939.03     15000   -4.16701   -5.27361   -5.17056   -5.14758   -4.84135
   1962.37     20000   -4.20131   -5.51684   -5.62226   -5.61382   -4.92326
   1985.73     25000   -4.28295   -5.49876   -5.37790   -5.36061   -4.97141
   2009.08     30000   -4.34950   -5.39695   -5.25892   -5.23654   -4.98408
   2032.43     35000   -4.34429   -5.52465   -5.47272   -5.45068   -5.04270
   2055.78     40000   -4.40648   -5.74998   -5.81193   -5.81080   -5.12212
   2079.13     45000   -4.48582   -5.60115   -5.45530   -5.43480   -5.14537
   2102.49     50000   -4.50593   -5.59149   -5.47458   -5.45165   -5.17134
   2125.87     55000   -4.53125   -5.80765   -5.85612   -5.84001   -5.24887
   2149.24     60000   -4.61028   -5.87390   -5.78315   -5.76855   -5.30862
   2172.62     65000   -4.69568   -5.73928   -5.59588   -5.57389   -5.32049
   2195.99     70000   -4.68173   -5.82567   -5.74749   -5.72479   -5.36895
   2219.37     75000   -4.73155   -6.07691   -6.20253   -6.20502   -5.45173
   2242.75     80000   -4.81098   -5.96749   -5.82728   -5.80785   -5.48477
   2266.12     85000   -4.84927   -5.91678   -5.78912   -5.76635   -5.50333
   2289.49     90000   -4.86273   -6.09703   -6.09408   -6.07412   -5.57388
   2312.87     95000   -4.93761   -6.24436   -6.20498   -6.19474   -5.64383
   2336.24    100000   -5.01879   -6.08902   -5.94259   -5.92113   -5.65839
   2359.61      5000   -5.01867   -6.13384   -6.03597   -6.01304   -5.69660
   2382.99     10000   -5.05736   -6.38244   -6.50214   -6.49710   -5.77924
   2406.36     15000   -5.13836   -6.33959   -6.21240   -6.19450   -5.82370
   2429.73     20000   -5.19764   -6.24944   -6.11351   -6.09101   -5.83732
   2453.10     25000   -5.19744   -6.38995   -6.34795   -6.32620   -5.89900
   2476.47     30000   -5.26252   -6.60091   -6.63695   -6.63338   -5.97665
   2499.83     35000   -5.34293   -6.44614   -6.29957   -6.27881   -5.99734
   2523.20     40000   -5.35731   -6.44940   -6.33648   -6.31352   -6.02601
   2546.56     45000   -5.38547   -6.67528   -6.74188   -6.72780   -6.10521
   2569.93     50000   -5.46520   -6.71475   -6.61260   -6.59703   -6.16143
   2593.30     55000   -5.55100   -6.58948   -6.44750   -6.42537   -6.17319
   2616.66     60000   -5.53396   -6.68885   -6.61804   -6.59547   -6.22488
   2640.03     65000   -5.58835   -6.93534   -7.04697   -7.04934   -6.30700
   2663.39     70000   -5.66782   -6.81036   -6.66776   -6.64796   -6.33673
   2686.76     75000   -5.69975   -6.77237   -6.64779   -6.62496   -6.35737
   2710.13     80000   -5.71677   -6.96443   -6.97625   -6.95723   -6.43034
   2733.50     85000   -5.79317   -7.08759   -7.02940   -7.01758   -6.49732
   2756.86     90000   -5.87558   -6.93691   -6.79114   -6.76949   -6.51067
   2780.23     95000   -5.87128   -6.99475   -6.90245   -6.87955   -6.55204
   2803.60    100000   -5.91330   -7.24681   -7.37613   -7.37420   -6.63511
   2826.97      5000   -5.99426   -7.18083   -7.04856   -7.03011   -6.67588
   2850.33     10000   -6.04584   -7.10272   -6.96913   -6.94654   -6.69074
   2873.70     15000   -6.05123   -7.25588   -7.22485   -7.20353   -6.75535
   2897.07     20000   -6.11921   -7.44956   -7.45994   -7.45409   -6.83091
   2920.43     25000   -6.19904   -7.29174   -7.14484   -7.12384   -6.84934
   2943.80     30000   -6.20972   -7.30800   -7.19936   -7.17639   -6.88087
   2967.16     35000   -6.24074   -7.54255   -7.62740   -7.61568   -6.96148
   2990.53     40000   -6.32065   -7.55545   -7.44381   -7.42740   -7.01407
   3013.90     45000   -6.39855   -7.44044   -7.30012   -7.27787   -7.02605
   3037.26     50000   -6.38722   -7.55274   -7.49003   -7.46766   -7.08094
   3060.63     55000   -6.44428   -7.79146   -7.88280   -7.88400   -7.16203
   3083.99     60000   -6.52429   -7.65380   -7.50941   -7.48927   -7.18866
   3107.36     65000   -6.55129   -7.62865   -7.50740   -7.48452   -7.21161
   3130.73     70000   -6.57155   -7.83205   -7.85988   -7.84202   -7.28679
   3154.09     75000   -6.64870   -7.92979   -7.85537   -7.84217   -7.35059
   3177.46     80000   -6.73211   -7.78555   -7.64071   -7.61890   -7.36306
   3200.83     85000   -6.72481   -7.85639   -7.77018   -7.74735   -7.40765
   3224.20     90000   -6.76979   -8.10963   -8.24198   -8.24268   -7.49079
   3247.56     95000   -6.84977   -8.02247   -7.88609   -7.86716   -7.52797
   3270.93    100000   -6.89513   -7.95669   -7.82567   -7.80299   -7.54436
   3294.30      5000   -6.90385   -8.12233   -8.10338   -8.08259   -7.61176
   3317.66     10000   -6.97497   -8.29622   -8.28258   -8.27459   -7.68494
   3341.03     15000   -7.05540   -8.13807   -7.99119   -7.96997   -7.70142
   3364.40     20000   -7.06207   -8.16733   -8.06334   -8.04038   -7.73592
   3387.77     25000   -7.09582   -8.40924   -8.51145   -8.50258   -7.81764
   3411.13     30000   -7.17714   -8.39614   -8.27660   -8.25946   -7.86654
   3434.50     35000   -7.24558   -8.29211   -8.15366   -8.13129   -7.87908
   3457.87     40000   -7.23943   -8.41730   -8.36348   -8.34135   -7.93710
   3481.23     45000   -7.30103   -8.64518   -8.71229   -8.71151   -8.01683
   3504.60     50000   -7.38015   -8.49790   -8.35225   -8.33181   -8.04060
   3527.97     55000   -7.40140   -8.48566   -8.36802   -8.34510   -8.06605
   3551.33     60000   -7.42613   -8.69978   -8.74476   -8.72838   -8.14321
   3574.70     65000   -7.50460   -8.77123   -8.68292   -8.66854   -8.20365
   3598.07     70000   -7.58968   -8.63491   -8.49123   -8.46927   -8.21559
   3621.44     75000   -7.57703   -8.71875   -8.63917   -8.61644   -8.26341
   3644.81     80000   -7.62593   -8.97060   -9.09817   -9.10043   -8.34629
   3668.18     85000   -7.70537   -8.86462   -8.72498   -8.70562   -8.37999
   3691.55     90000   -7.74491   -8.81140   -8.68316   -8.66041   -8.39816
   3714.92     95000   -7.75750   -8.98927   -8.98357   -8.96347   -8.46821
   3738.29    100000   -7.83178   -9.14114   -9.10572   -9.09584   -8.53872
   3761.66      5000   -7.91281   -8.98512   -8.83857   -8.81715   -8.55357
   3785.03     10000   -7.91389   -9.02738   -8.92845   -8.90550   -8.59116
   3808.40     15000   -7.95169   -9.27506   -9.39224   -9.38653   -8.67368
MyID= 0: Time=  0.1,has convergenced
     1686208 iterations for the convertgence of psi
 MyID=           0 has finish
