 START-UP FOR CHUNK...
     23.45      5000   -0.60304   -2.03141   -2.06914   -2.02119   -1.28855
     46.82     10000   -0.76823   -2.13948   -1.95766   -2.02453   -1.50753
     70.19     15000   -0.77043   -2.25499   -1.84534   -1.88415   -1.55388
     93.55     20000   -0.68792   -2.36227   -1.69317   -1.69484   -1.48666
    116.92     25000   -0.57193   -1.89448   -1.53598   -1.52834   -1.35958
    140.28     30000   -0.48794   -1.62651   -1.45648   -1.45779   -1.23653
    163.65     35000   -0.43177   -1.71721   -1.63910   -1.60679   -1.20026
    187.02     40000   -0.49981   -1.90612   -1.89872   -2.12652   -1.30437
    210.39     45000   -0.65358   -1.84990   -1.73950   -1.72355   -1.38601
    233.75     50000   -0.82839   -1.92220   -1.80071   -1.77955   -1.49172
    257.12     55000   -0.91299   -2.19079   -2.20098   -2.15911   -1.62254
    280.49     60000   -0.99099   -2.29809   -2.23336   -2.25268   -1.70289
    303.85     65000   -1.02743   -2.10266   -1.94409   -1.93398   -1.68036
    327.22     70000   -1.00059   -2.06212   -1.96396   -1.93473   -1.66084
    350.58     75000   -1.00044   -2.26859   -2.33402   -2.27370   -1.71426
    373.95     80000   -1.08211   -2.32855   -2.29365   -2.26416   -1.78379
    397.32     85000   -1.19127   -2.22553   -2.10188   -2.08057   -1.81836
    420.68     90000   -1.21842   -2.35559   -2.26315   -2.23734   -1.88790
    444.04     95000   -1.27656   -2.61372   -2.80229   -2.75256   -1.98676
    467.41    100000   -1.35602   -2.51262   -2.38761   -2.37925   -2.02744
 ITERATION...
    490.77      5000   -1.39100   -2.42560   -2.29428   -2.27420   -2.02239
    514.13     10000   -1.37591   -2.56281   -2.52092   -2.48322   -2.06679
    537.50     15000   -1.43541   -2.76914   -2.86325   -2.84500   -2.14920
    560.87     20000   -1.53190   -2.62437   -2.49916   -2.47925   -2.18654
    584.23     25000   -1.56407   -2.64743   -2.52750   -2.50258   -2.22191
    607.59     30000   -1.59919   -2.88740   -2.92174   -2.87795   -2.30634
    630.95     35000   -1.68341   -2.93701   -2.88464   -2.87219   -2.37780
    654.31     40000   -1.75749   -2.79759   -2.66164   -2.64356   -2.38713
    677.67     45000   -1.74392   -2.87175   -2.77725   -2.74960   -2.41932
    701.04     50000   -1.78402   -3.12768   -3.28093   -3.23399   -2.50225
    724.40     55000   -1.87651   -3.04355   -2.93942   -2.92442   -2.55607
    747.77     60000   -1.94213   -2.98164   -2.85143   -2.82969   -2.57515
    771.13     65000   -1.94750   -3.14817   -3.09264   -3.05907   -2.63853
    794.50     70000   -2.01372   -3.35471   -3.43803   -3.41554   -2.72468
    817.86     75000   -2.09783   -3.18992   -3.06078   -3.04391   -2.75271
    841.22     80000   -2.11284   -3.19218   -3.07506   -3.05067   -2.77246
    864.59     85000   -2.13647   -3.41820   -3.44663   -3.40643   -2.84629
    887.96     90000   -2.22133   -3.48170   -3.43540   -3.42170   -2.91925
    911.33     95000   -2.30819   -3.34712   -3.21416   -3.19479   -2.93759
    934.69    100000   -2.30431   -3.43259   -3.33627   -3.30883   -2.97922
    958.05      5000   -2.34909   -3.69720   -3.84873   -3.79877   -3.06619
    981.42     10000   -2.43856   -3.60851   -3.50048   -3.48613   -3.11751
   1004.79     15000   -2.49760   -3.53577   -3.40649   -3.38477   -3.13027
   1028.15     20000   -2.49621   -3.69184   -3.63882   -3.60612   -3.18779
   1051.51     25000   -2.56051   -3.90261   -3.98808   -3.96825   -3.27297
   1074.87     30000   -2.64865   -3.74222   -3.61348   -3.59616   -3.30429
   1098.23     35000   -2.66882   -3.74769   -3.62938   -3.60503   -3.32814
   1121.59     40000   -2.69534   -3.97538   -4.00298   -3.96157   -3.40450
   1144.95     45000   -2.77972   -4.04334   -3.99620   -3.98309   -3.47736
   1168.29     50000   -2.86322   -3.90498   -3.77080   -3.75159   -3.49347
   1191.63     55000   -2.85728   -3.98447   -3.88873   -3.86107   -3.53211
   1214.97     60000   -2.90032   -4.24671   -4.39569   -4.34908   -3.61785
   1238.33     65000   -2.99073   -4.16257   -4.05483   -4.04031   -3.67039
   1261.69     70000   -3.05272   -4.09073   -3.96017   -3.93841   -3.68488
   1285.06     75000   -3.05248   -4.24719   -4.19190   -4.15904   -3.74357
   1308.42     80000   -3.11670   -4.45916   -4.54986   -4.52803   -3.82911
   1331.78     85000   -3.20376   -4.29970   -4.17053   -4.15359   -3.85994
   1355.14     90000   -3.22346   -4.30240   -4.18356   -4.15931   -3.88238
   1378.51     95000   -3.24871   -4.52758   -4.55334   -4.51252   -3.95772
   1401.87    100000   -3.33287   -4.59784   -4.55212   -4.53941   -4.03103
   1425.23      5000   -3.41723   -4.45963   -4.32503   -4.30579   -4.04797
   1448.59     10000   -3.41247   -4.53902   -4.44168   -4.41399   -4.08702
   1471.96     15000   -3.45551   -4.80145   -4.94948   -4.90061   -4.17295
   1495.31     20000   -3.54564   -4.71912   -4.61260   -4.59810   -4.22564
   1518.67     25000   -3.60817   -4.64574   -4.51511   -4.49352   -4.23957
   1542.03     30000   -3.60672   -4.80048   -4.74414   -4.71162   -4.29751
   1565.39     35000   -3.67039   -5.01354   -5.10635   -5.08503   -4.38312
   1588.75     40000   -3.75780   -4.85447   -4.72559   -4.70872   -4.41453
   1612.11     45000   -3.77845   -4.85644   -4.73705   -4.71283   -4.43705
   1635.48     50000   -3.80361   -5.08104   -5.10424   -5.06319   -4.51233
   1658.85     55000   -3.88740   -5.15419   -5.11095   -5.09794   -4.58590
   1682.21     60000   -3.97147   -5.01482   -4.88057   -4.86138   -4.60281
   1705.58     65000   -3.96707   -5.09265   -4.99502   -4.96750   -4.64131
   1728.94     70000   -4.00961   -5.35496   -5.50083   -5.45281   -4.72707
   1752.30     75000   -4.09986   -5.27453   -5.16871   -5.15428   -4.78026
   1775.66     80000   -4.16350   -5.20001   -5.06927   -5.04773   -4.79426
   1799.02     85000   -4.16152   -5.35358   -5.29609   -5.26361   -4.85195
   1822.39     90000   -4.22474   -5.56881   -5.66532   -5.64295   -4.93769
   1845.76     95000   -4.31209   -5.41015   -5.28173   -5.26489   -4.96938
   1869.13    100000   -4.33338   -5.41055   -5.29111   -5.26697   -4.99156
   1892.49      5000   -4.35809   -5.63396   -5.65535   -5.61473   -5.06652
   1915.85     10000   -4.44160   -5.71003   -5.66830   -5.65541   -5.14044
   1939.22     15000   -4.52569   -5.56969   -5.43544   -5.41628   -5.15757
   1962.58     20000   -4.52182   -5.64615   -5.54798   -5.52050   -5.19578
   1985.95     25000   -4.56401   -5.90843   -6.05272   -6.00416   -5.28144
   2009.30     30000   -4.65424   -5.83065   -5.72567   -5.71125   -5.33502
   2032.67     35000   -4.71883   -5.75468   -5.62392   -5.60242   -5.34893
   2056.03     40000   -4.71618   -5.90678   -5.84843   -5.81613   -5.40624
   2079.40     45000   -4.77893   -6.12382   -6.22293   -6.20045   -5.49209
   2102.76     50000   -4.86635   -5.96563   -5.83735   -5.82057   -5.52417
   2126.12     55000   -4.88833   -5.96462   -5.84485   -5.82075   -5.54613
   2149.49     60000   -4.91269   -6.18687   -6.20623   -6.16570   -5.62082
   2172.86     65000   -4.99588   -6.26614   -6.22643   -6.21344   -5.69505
   2196.22     70000   -5.07991   -6.12486   -5.99066   -5.97155   -5.71234
   2219.58     75000   -5.07655   -6.19987   -6.10122   -6.07383   -5.75019
   2242.94     80000   -5.11835   -6.46197   -6.60438   -6.55597   -5.83574
   2266.30     85000   -5.20861   -6.38657   -6.28222   -6.26786   -5.88975
   2289.67     90000   -5.27409   -6.30926   -6.17832   -6.15687   -5.90362
   2313.04     95000   -5.27089   -6.45997   -6.40057   -6.36834   -5.96058
   2336.40    100000   -5.33317   -6.67890   -6.78117   -6.75803   -6.04653
   2359.77      5000   -5.42062   -6.52126   -6.39325   -6.37650   -6.07897
   2383.14     10000   -5.44330   -6.51882   -6.39878   -6.37474   -6.10069
   2406.50     15000   -5.46728   -6.73990   -6.75731   -6.71702   -6.17510
   2429.86     20000   -5.55017   -6.82213   -6.78419   -6.77123   -6.24965
   2453.23     25000   -5.63415   -6.67993   -6.54572   -6.52665   -6.26712
   2476.60     30000   -5.63130   -6.75352   -6.65432   -6.62699   -6.30463
   2499.98     35000   -5.67271   -7.01548   -7.15599   -7.10739   -6.39006
   2523.36     40000   -5.76299   -6.94259   -6.83900   -6.82468   -6.44448
   2546.73     45000   -5.82937   -6.86392   -6.73287   -6.71146   -6.45831
   2570.11     50000   -5.82560   -7.01322   -6.95285   -6.92075   -6.51490
   2593.49     55000   -5.88742   -7.23394   -7.33901   -7.31548   -6.60096
   2616.86     60000   -5.97491   -7.07682   -6.94903   -6.93233   -6.63377
   2640.23     65000   -5.99828   -7.07296   -6.95263   -6.92863   -6.65526
   2663.61     70000   -6.02189   -7.29287   -7.30831   -7.26819   -6.72938
   2686.99     75000   -6.10446   -7.37817   -7.34217   -7.32917   -6.80424
   2710.36     80000   -6.18840   -7.23506   -7.10088   -7.08185   -6.82189
   2733.73     85000   -6.18607   -7.30722   -7.20752   -7.18027   -6.85906
   2757.11     90000   -6.22709   -7.56899   -7.70751   -7.65892   -6.94437
   2780.49     95000   -6.31738   -7.49858   -7.39570   -7.38142   -6.99922
   2803.87    100000   -6.38466   -7.41855   -7.28736   -7.26600   -7.01300
   2827.26      5000   -6.38033   -7.56645   -7.50508   -7.47308   -7.06924
   2850.64     10000   -6.44168   -7.78894   -7.89696   -7.87288   -7.15539
   2874.02     15000   -6.52921   -7.63243   -7.50490   -7.48824   -7.18856
   2897.38     20000   -6.55327   -7.62714   -7.50654   -7.48260   -7.20982
   2920.75     25000   -6.57651   -7.84587   -7.85938   -7.81947   -7.28366
   2944.11     30000   -6.65877   -7.93417   -7.90008   -7.88707   -7.35883
   2967.48     35000   -6.74267   -7.79018   -7.65601   -7.63702   -7.37667
   2990.84     40000   -6.74084   -7.86091   -7.76069   -7.73351   -7.41350
   3014.21     45000   -6.78148   -8.12247   -8.25894   -8.21030   -7.49869
   3037.58     50000   -6.87178   -8.05459   -7.95247   -7.93823   -7.55395
   3060.94     55000   -6.93997   -7.97321   -7.84189   -7.82058   -7.56769
   3084.30     60000   -6.93507   -8.11970   -8.05736   -8.02548   -7.62357
   3107.67     65000   -6.99596   -8.34392   -8.45477   -8.43020   -7.70982
   3131.04     70000   -7.08352   -8.18802   -8.06074   -8.04413   -7.74336
   3154.40     75000   -7.10828   -8.18132   -8.06044   -8.03655   -7.76439
   3177.76     80000   -7.13114   -8.39885   -8.41045   -8.37072   -7.83794
   3201.13     85000   -7.21309   -8.49018   -8.45806   -8.44502   -7.91341
   3224.49     90000   -7.29694   -8.34531   -8.21117   -8.19223   -7.93145
   3247.86     95000   -7.29563   -8.41462   -8.31389   -8.28678   -7.96794
   3271.22    100000   -7.33588   -8.67593   -8.81031   -8.76167   -8.05300
   3294.59      5000   -7.42620   -8.61059   -8.50923   -8.49504   -8.10867
   3317.95     10000   -7.49529   -8.52786   -8.39642   -8.37515   -8.12238
   3341.32     15000   -7.48983   -8.67295   -8.60965   -8.57787   -8.17790
   3364.68     20000   -7.55024   -8.89886   -9.01255   -8.98744   -8.26424
   3388.05     25000   -7.63785   -8.74364   -8.61661   -8.60005   -8.29815
   3411.41     30000   -7.66329   -8.73551   -8.61436   -8.59052   -8.31896
   3434.78     35000   -7.68579   -8.95185   -8.96155   -8.92201   -8.39222
   3458.13     40000   -7.76743   -9.04617   -9.01603   -9.00298   -8.46800
   3481.49     45000   -7.85123   -8.90045   -8.76633   -8.74743   -8.48623
   3504.85     50000   -7.85043   -8.96834   -8.86710   -8.84006   -8.52238
   3528.21     55000   -7.89029   -9.22936   -9.36161   -9.31296   -8.60731
   3551.56     60000   -7.98063   -9.16660   -9.06603   -9.05188   -8.66340
MyID= 0: Time=  0.1,has convergenced
     1686325 iterations for the convertgence of psi
 MyID=           0 has finish
