 START-UP FOR CHUNK...
     23.43      5000   -0.59365   -2.02733   -2.02925   -1.96951   -1.28754
     46.76     10000   -0.74511   -2.14556   -1.90759   -1.97427   -1.49834
     70.10     15000   -0.73421   -2.26746   -1.79507   -1.83586   -1.52975
     93.43     20000   -0.64717   -2.29985   -1.64804   -1.65062   -1.45300
    116.76     25000   -0.53818   -1.83404   -1.50916   -1.49790   -1.32939
    140.09     30000   -0.46253   -1.60138   -1.46281   -1.46500   -1.21904
    163.42     35000   -0.43259   -1.79221   -1.72649   -1.69248   -1.21974
    186.75     40000   -0.52896   -1.92268   -1.88544   -2.02015   -1.33613
    210.08     45000   -0.68921   -1.85188   -1.73238   -1.72557   -1.41336
    233.41     50000   -0.84555   -1.98048   -1.86385   -1.83136   -1.52667
    256.74     55000   -0.93558   -2.26474   -2.33348   -2.27758   -1.65697
    280.07     60000   -1.01503   -2.29737   -2.17591   -2.17984   -1.72332
    303.40     65000   -1.04793   -2.09660   -1.95015   -1.93470   -1.69501
    326.73     70000   -1.01656   -2.10116   -2.01250   -1.98280   -1.68680
    350.06     75000   -1.03049   -2.33236   -2.44121   -2.37052   -1.75103
    373.39     80000   -1.12355   -2.32538   -2.27211   -2.24432   -1.81759
    396.72     85000   -1.23326   -2.25487   -2.13000   -2.11282   -1.85168
    420.05     90000   -1.25256   -2.41290   -2.33112   -2.30059   -1.92461
    443.38     95000   -1.31434   -2.66154   -2.84052   -2.78827   -2.02344
    466.71    100000   -1.39586   -2.52766   -2.39568   -2.38747   -2.06020
 ITERATION...
    490.04      5000   -1.42207   -2.46007   -2.33347   -2.31096   -2.05767
    513.37     10000   -1.41562   -2.62465   -2.58969   -2.54573   -2.10758
    536.70     15000   -1.48072   -2.80571   -2.87639   -2.84878   -2.19150
    560.03     20000   -1.57958   -2.65325   -2.53194   -2.51214   -2.22778
    583.35     25000   -1.60492   -2.69236   -2.57384   -2.54996   -2.26341
    606.69     30000   -1.64243   -2.94345   -2.98694   -2.93510   -2.34845
    630.02     35000   -1.72969   -2.97047   -2.91580   -2.90453   -2.42158
    653.35     40000   -1.80531   -2.83744   -2.70361   -2.68735   -2.43246
    676.68     45000   -1.79131   -2.92032   -2.82438   -2.79504   -2.46504
    700.00     50000   -1.83234   -3.18531   -3.33711   -3.27148   -2.54917
    723.34     55000   -1.92842   -3.09224   -2.99321   -2.97855   -2.60650
    746.66     60000   -1.99737   -3.02840   -2.90008   -2.87846   -2.62517
    769.99     65000   -1.99969   -3.19507   -3.13063   -3.09554   -2.68582
    793.32     70000   -2.06325   -3.41397   -3.51944   -3.48294   -2.77471
    816.65     75000   -2.15176   -3.24507   -3.12203   -3.10672   -2.80851
    839.98     80000   -2.17188   -3.24060   -3.12097   -3.09782   -2.82616
    863.31     85000   -2.19375   -3.46215   -3.46502   -3.42058   -2.89698
    886.64     90000   -2.27530   -3.55514   -3.53478   -3.51969   -2.97623
    909.97     95000   -2.36396   -3.40805   -3.27827   -3.26067   -2.99847
    933.30    100000   -2.36549   -3.47758   -3.37279   -3.34551   -3.03409
    956.63      5000   -2.40672   -3.74687   -3.86153   -3.79862   -3.11964
    979.96     10000   -2.49820   -3.69155   -3.60074   -3.58736   -3.18170
   1003.29     15000   -2.57775   -3.59613   -3.46655   -3.44639   -3.19486
   1026.61     20000   -2.56266   -3.72987   -3.65420   -3.62191   -3.24433
   1049.94     25000   -2.61749   -3.97876   -4.12598   -4.07918   -3.33270
   1073.27     30000   -2.71118   -3.82810   -3.70998   -3.69497   -3.37563
   1096.60     35000   -2.74733   -3.80290   -3.67888   -3.65637   -3.39393
   1119.93     40000   -2.76416   -4.00536   -3.98110   -3.94017   -3.46202
   1143.26     45000   -2.84006   -4.15066   -4.16631   -4.14811   -3.54537
   1166.60     50000   -2.92711   -3.98867   -3.85885   -3.84207   -3.57014
   1189.93     55000   -2.93349   -4.03003   -3.91911   -3.89310   -3.59821
   1213.25     60000   -2.96768   -4.28536   -4.35729   -4.30190   -3.67911
   1236.58     65000   -3.05917   -4.28231   -4.20919   -4.19597   -3.74822
   1259.91     70000   -3.14351   -4.16716   -4.03552   -4.01627   -3.76400
   1283.24     75000   -3.13149   -4.27830   -4.18958   -4.15920   -3.80875
   1306.57     80000   -3.18072   -4.54271   -4.70774   -4.64683   -3.89712
   1329.90     85000   -3.27493   -4.41754   -4.30582   -4.29176   -3.94651
   1353.23     90000   -3.32442   -4.36717   -4.23979   -4.21821   -3.96168
   1376.56     95000   -3.33112   -4.54552   -4.49881   -4.46142   -4.02326
   1399.90    100000   -3.39981   -4.73478   -4.79789   -4.77363   -4.10956
   1423.23      5000   -3.49001   -4.56859   -4.44105   -4.42497   -4.14026
   1446.56     10000   -3.50430   -4.58702   -4.46971   -4.44501   -4.16436
   1469.89     15000   -3.53342   -4.82664   -4.85816   -4.80812   -4.24139
   1493.22     20000   -3.62063   -4.87572   -4.82707   -4.81327   -4.31626
   1516.55     25000   -3.70569   -4.74074   -4.60893   -4.59064   -4.33401
   1539.88     30000   -3.69953   -4.82748   -4.72900   -4.70045   -4.37246
   1563.21     35000   -3.74312   -5.09666   -5.24308   -5.17912   -4.45913
   1586.54     40000   -3.83749   -5.00652   -4.90497   -4.89148   -4.51579
   1609.87     45000   -3.90346   -4.93298   -4.80330   -4.78262   -4.53017
   1633.20     50000   -3.89992   -5.08824   -5.02317   -4.98862   -4.58592
   1656.53     55000   -3.96086   -5.31389   -5.42835   -5.39209   -4.67405
   1679.86     60000   -4.05254   -5.15159   -5.02829   -5.01294   -4.71082
   1703.19     65000   -4.07772   -5.14580   -5.02427   -5.00079   -4.73087
   1726.52     70000   -4.10065   -5.36576   -5.36381   -5.31929   -4.80290
   1749.85     75000   -4.18144   -5.46745   -5.45027   -5.43499   -4.88282
   1773.18     80000   -4.26861   -5.31607   -5.18502   -5.16754   -4.90420
   1796.51     85000   -4.26896   -5.37887   -5.27249   -5.24547   -4.93713
   1819.84     90000   -4.30809   -5.64391   -5.75156   -5.69053   -5.02123
   1843.16     95000   -4.40007   -5.59813   -5.51060   -5.49739   -5.08478
   1866.50    100000   -4.48406   -5.50143   -5.37053   -5.35073   -5.09920
   1889.83      5000   -4.46813   -5.63263   -5.55353   -5.52147   -5.14875
   1913.15     10000   -4.52193   -5.88410   -6.03741   -5.98716   -5.23746
   1936.48     15000   -4.61548   -5.73682   -5.61908   -5.60445   -5.28106
   1959.81     20000   -4.65314   -5.70695   -5.58192   -5.55948   -5.29816
   1983.14     25000   -4.66795   -5.90507   -5.87615   -5.83581   -5.36477
   2006.47     30000   -4.74234   -6.05701   -6.08071   -6.06157   -5.44865
   2029.80     35000   -4.83032   -5.89436   -5.76505   -5.74834   -5.47463
   2053.13     40000   -4.83828   -5.93293   -5.82029   -5.79464   -5.50239
   2076.46     45000   -4.87189   -6.18628   -6.25080   -6.19603   -5.58293
   2099.79     50000   -4.96318   -6.19078   -6.12176   -6.10858   -5.65298
   2123.12     55000   -5.04721   -6.07234   -5.94069   -5.92173   -5.66875
   2146.45     60000   -5.03545   -6.17940   -6.08883   -6.05878   -5.71221
   2169.79     65000   -5.08401   -6.44524   -6.60888   -6.54714   -5.80030
   2193.12     70000   -5.17799   -6.32472   -6.21480   -6.20079   -5.85098
   2216.45     75000   -5.23052   -6.27083   -6.14311   -6.12165   -5.86610
   2239.78     80000   -5.23563   -6.44582   -6.39549   -6.35863   -5.92686
   2263.10     85000   -5.30309   -6.64156   -6.71371   -6.68745   -6.01356
   2286.44     90000   -5.39330   -6.47513   -6.34852   -6.33257   -6.04513
   2309.77     95000   -5.40939   -6.48953   -6.37164   -6.34722   -6.06839
   2333.10    100000   -5.43749   -6.72609   -6.75162   -6.70273   -6.14458
   2356.43      5000   -5.52390   -6.78382   -6.73991   -6.72602   -6.22038
   2379.76     10000   -5.60896   -6.64591   -6.51431   -6.49616   -6.23870
   2403.09     15000   -5.60433   -6.72879   -6.62896   -6.60066   -6.27626
   2426.42     20000   -5.64697   -6.99804   -7.13902   -7.07499   -6.36261
   2449.75     25000   -5.74140   -6.91470   -6.81536   -6.80189   -6.42042
   2473.08     30000   -5.80983   -6.83716   -6.70741   -6.68686   -6.43467
   2496.41     35000   -5.80406   -6.98840   -6.92093   -6.88687   -6.48936
   2519.74     40000   -5.86388   -7.21909   -7.34122   -7.30291   -6.57766
   2543.07     45000   -5.95630   -7.05851   -6.93606   -6.92084   -6.61556
   2566.42     50000   -5.98307   -7.04875   -6.92664   -6.90333   -6.63508
   2589.79     55000   -6.00469   -7.26520   -7.25840   -7.21460   -6.70626
   2613.13     60000   -6.08473   -7.37567   -7.36476   -7.34898   -6.78691
   2636.48     65000   -6.17204   -7.22198   -7.09121   -7.07386   -6.80897
   2659.85     70000   -6.17339   -7.28070   -7.17329   -7.14650   -6.84098
   2683.21     75000   -6.21158   -7.54423   -7.64473   -7.58476   -6.92454
   2706.58     80000   -6.30368   -7.50648   -7.42164   -7.40846   -6.98923
   2729.94     85000   -6.38815   -7.40606   -7.27500   -7.25533   -7.00380
   2753.30     90000   -6.37242   -7.53325   -7.45208   -7.42037   -7.05234
   2776.63     95000   -6.42508   -7.78792   -7.94551   -7.89277   -7.14102
   2799.97    100000   -6.51910   -7.64436   -7.52778   -7.51326   -7.18578
   2823.32      5000   -6.55911   -7.61047   -7.48497   -7.46269   -7.20247
   2846.66     10000   -6.57252   -7.80479   -7.77201   -7.73231   -7.26812
   2870.00     15000   -6.64551   -7.96451   -7.99574   -7.97575   -7.35256
   2893.31     20000   -6.73391   -7.80066   -7.67170   -7.65512   -7.37941
   2916.65     25000   -6.74293   -7.83521   -7.72161   -7.69617   -7.40638
   2939.99     30000   -6.77563   -8.08607   -8.14369   -8.08990   -7.48625
   2963.32     35000   -6.86622   -8.09934   -8.03405   -8.02079   -7.55731
   2986.64     40000   -6.95095   -7.97747   -7.84579   -7.82696   -7.57342
   3009.98     45000   -6.93972   -8.08050   -7.98827   -7.95854   -7.61588
   3033.32     50000   -6.98741   -8.34763   -8.50948   -8.44679   -7.70375
   3056.64     55000   -7.08135   -8.23259   -8.12419   -8.11029   -7.75563
   3079.97     60000   -7.13672   -8.17473   -8.04662   -8.02531   -7.77052
   3103.32     65000   -7.14004   -8.34581   -8.29234   -8.25599   -7.83028
   3126.65     70000   -7.20624   -8.54808   -8.62879   -8.60082   -7.91734
   3149.98     75000   -7.29660   -8.38189   -8.25588   -8.24005   -7.94991
   3173.32     80000   -7.31463   -8.39227   -8.27362   -8.24939   -7.97249
   3196.65     85000   -7.34179   -8.62568   -8.64536   -8.59740   -8.04789
   3219.98     90000   -7.42738   -8.69228   -8.65323   -8.63915   -8.12456
   3243.31     95000   -7.51235   -8.55144   -8.41991   -8.40189   -8.14343
   3266.65    100000   -7.50889   -8.63030   -8.52909   -8.50106   -8.18004
   3289.98      5000   -7.55081   -8.89918   -9.03417   -8.97047   -8.26599
   3313.31     10000   -7.64475   -8.82293   -8.72571   -8.71230   -8.32497
   3336.64     15000   -7.71630   -8.74151   -8.61150   -8.59110   -8.33919
   3359.98     20000   -7.70836   -8.88876   -8.81880   -8.78517   -8.39286
   3383.31     25000   -7.76705   -9.12423   -9.25375   -9.21310   -8.48131
   3406.64     30000   -7.86019   -8.96568   -8.84406   -8.82896   -8.52032
   3429.97     35000   -7.88852   -8.95189   -8.82916   -8.80603   -8.53931
   3453.31     40000   -7.90879   -9.16477   -9.15323   -9.11018   -8.60959
   3476.64     45000   -7.98808   -9.28378   -9.27925   -9.26297   -8.69095
MyID= 0: Time=  0.1,has convergenced
     1686085 iterations for the convertgence of psi
 MyID=           0 has finish
