 START-UP FOR CHUNK...
     23.50      5000   -0.54564   -1.99857   -1.85095   -1.76490   -1.27894
     46.91     10000   -0.64041   -2.18385   -1.70625   -1.78045   -1.44212
     70.32     15000   -0.58800   -2.24581   -1.60426   -1.65643   -1.41864
     93.72     20000   -0.49800   -2.02449   -1.51010   -1.50161   -1.33135
    117.13     25000   -0.43363   -1.64359   -1.46245   -1.44866   -1.23949
    140.54     30000   -0.40139   -1.71179   -1.63280   -1.61850   -1.20955
    163.94     35000   -0.45829   -1.95196   -1.82377   -1.96046   -1.34309
    187.35     40000   -0.66760   -1.90542   -1.81068   -1.79533   -1.45113
    210.76     45000   -0.87418   -1.96123   -1.82160   -1.84581   -1.55028
    234.16     50000   -0.94159   -2.25981   -2.16005   -2.13277   -1.67425
    257.57     55000   -1.02076   -2.41076   -2.37258   -2.38352   -1.79592
    280.97     60000   -1.11892   -2.32414   -2.10103   -2.12040   -1.82375
    304.38     65000   -1.16242   -2.18931   -2.06379   -2.03599   -1.80522
    327.78     70000   -1.13331   -2.33374   -2.26670   -2.21829   -1.84019
    351.19     75000   -1.18658   -2.60239   -2.63505   -2.53315   -1.93649
    374.59     80000   -1.31715   -2.42575   -2.35452   -2.30962   -1.99874
    398.00     85000   -1.42477   -2.41452   -2.30558   -2.29744   -2.03422
    421.40     90000   -1.42809   -2.64867   -2.55828   -2.54265   -2.10863
    444.81     95000   -1.49739   -2.85536   -2.94417   -2.86349   -2.21548
    468.22    100000   -1.61318   -2.70790   -2.56460   -2.57552   -2.26872
 ITERATION...
    491.62      5000   -1.65409   -2.66794   -2.53235   -2.52058   -2.27545
    515.03     10000   -1.64460   -2.85305   -2.77784   -2.72240   -2.32608
    538.44     15000   -1.70761   -3.12818   -3.17279   -3.07922   -2.42402
    561.84     20000   -1.83242   -2.91828   -2.81052   -2.78406   -2.48418
    585.25     25000   -1.87918   -2.89766   -2.78383   -2.76213   -2.50908
    608.65     30000   -1.89739   -3.12205   -3.04354   -3.01134   -2.57475
    632.06     35000   -1.96718   -3.34018   -3.40160   -3.31369   -2.67570
    655.46     40000   -2.08551   -3.14325   -3.02403   -3.02029   -2.72942
    678.87     45000   -2.10729   -3.13822   -3.00834   -2.99945   -2.74514
    702.27     50000   -2.12346   -3.35739   -3.28300   -3.23509   -2.80517
    725.68     55000   -2.19338   -3.58625   -3.60859   -3.54101   -2.90373
    749.08     60000   -2.31539   -3.38014   -3.25793   -3.24512   -2.95749
    772.49     65000   -2.33759   -3.37824   -3.25936   -3.23730   -2.97970
    795.89     70000   -2.36603   -3.61531   -3.55084   -3.50303   -3.04682
    819.30     75000   -2.43842   -3.81437   -3.82056   -3.75285   -3.14604
    842.71     80000   -2.55769   -3.59981   -3.48097   -3.46954   -3.19512
    866.11     85000   -2.56756   -3.61209   -3.48939   -3.47604   -3.21493
    889.52     90000   -2.59688   -3.85688   -3.79468   -3.74667   -3.28186
    912.92     95000   -2.67310   -4.03208   -4.02847   -3.97587   -3.37988
    936.33    100000   -2.79254   -3.83521   -3.71031   -3.70180   -3.42705
    959.73      5000   -2.79951   -3.85641   -3.73640   -3.71692   -3.44980
    983.14     10000   -2.83433   -4.11270   -4.06435   -4.00681   -3.52097
   1006.55     15000   -2.91411   -4.26686   -4.23274   -4.18712   -3.61878
   1029.95     20000   -3.03129   -4.06165   -3.93733   -3.92487   -3.66231
   1053.36     25000   -3.03133   -4.09135   -3.97254   -3.95451   -3.68518
   1076.76     30000   -3.06902   -4.35765   -4.31387   -4.25751   -3.75791
   1100.17     35000   -3.15170   -4.47950   -4.44652   -4.40431   -3.85439
   1123.58     40000   -3.26734   -4.29278   -4.16737   -4.15820   -3.89540
   1146.98     45000   -3.26429   -4.33539   -4.21711   -4.19833   -3.92030
   1170.39     50000   -3.30544   -4.61172   -4.58267   -4.51723   -3.99614
   1193.79     55000   -3.39197   -4.70798   -4.64939   -4.61781   -4.09184
   1217.20     60000   -3.50576   -4.52358   -4.39528   -4.38391   -4.12988
   1240.60     65000   -3.49681   -4.57377   -4.45697   -4.43617   -4.15594
   1264.01     70000   -3.54052   -4.86013   -4.83871   -4.76974   -4.23386
   1287.42     75000   -3.63046   -4.92570   -4.86620   -4.83359   -4.32789
   1310.82     80000   -3.74166   -4.75394   -4.62737   -4.61670   -4.36336
   1334.23     85000   -3.73053   -4.81689   -4.70150   -4.68130   -4.39135
   1357.64     90000   -3.77660   -5.11252   -5.10642   -5.03080   -4.47187
   1381.04     95000   -3.87071   -5.14760   -5.07212   -5.04805   -4.56457
   1404.45    100000   -3.97905   -4.98582   -4.85595   -4.84519   -4.59756
   1427.86      5000   -3.96437   -5.05790   -4.94322   -4.92079   -4.62724
   1451.26     10000   -4.01245   -5.36268   -5.36723   -5.28390   -4.70988
   1474.67     15000   -4.10945   -5.36937   -5.28987   -5.26522   -4.80057
   1498.08     20000   -4.21595   -5.21750   -5.08958   -5.07801   -4.83119
   1521.48     25000   -4.19931   -5.30109   -5.18899   -5.16643   -4.86296
   1544.89     30000   -4.24767   -5.61390   -5.63441   -5.54513   -4.94788
   1568.29     35000   -4.34936   -5.58905   -5.50005   -5.48041   -5.03674
   1591.70     40000   -4.45261   -5.44950   -5.31943   -5.30839   -5.06530
   1615.11     45000   -4.43346   -5.54357   -5.43203   -5.40797   -5.09910
   1638.51     50000   -4.48355   -5.86336   -5.89697   -5.79826   -5.18598
   1661.92     55000   -4.58853   -5.81209   -5.71858   -5.69950   -5.27249
   1685.33     60000   -4.68928   -5.68270   -5.55397   -5.54195   -5.29905
   1708.73     65000   -4.66763   -5.78762   -5.67930   -5.65419   -5.33512
   1732.14     70000   -4.71998   -6.11317   -6.16239   -6.05754   -5.42401
   1755.55     75000   -4.82808   -6.03249   -5.93249   -5.91603   -5.50826
   1778.95     80000   -4.92597   -5.91519   -5.78543   -5.77366   -5.53317
   1802.36     85000   -4.90221   -6.03109   -5.92383   -5.89759   -5.57151
   1825.77     90000   -4.95614   -6.36016   -6.42284   -6.30911   -5.66211
   1849.17     95000   -5.06757   -6.25576   -6.15231   -6.13673   -5.74368
   1872.58    100000   -5.16182   -6.14950   -6.02069   -6.00823   -5.76704
   1895.98      5000   -5.13732   -6.27623   -6.17251   -6.14475   -5.80782
   1919.39     10000   -5.19189   -6.60721   -6.68209   -6.56387   -5.90013
   1942.79     15000   -5.30667   -6.47768   -6.36916   -6.35510   -5.97909
   1966.20     20000   -5.39870   -6.38295   -6.25373   -6.24112   -6.00123
   1989.61     25000   -5.37209   -6.52072   -6.41883   -6.38980   -6.04446
   2013.01     30000   -5.42826   -6.85062   -6.93500   -6.81115   -6.13818
   2036.42     35000   -5.54601   -6.70141   -6.59057   -6.57716   -6.21418
   2059.82     40000   -5.63024   -6.61811   -6.48977   -6.47669   -6.23524
   2083.23     45000   -5.60758   -6.76695   -6.66892   -6.63819   -6.28106
   2106.64     50000   -5.66522   -7.09327   -7.18155   -7.05846   -6.37614
   2130.04     55000   -5.78500   -6.92473   -6.80985   -6.79748   -6.44927
   2153.45     60000   -5.85772   -6.85270   -6.72425   -6.71080   -6.46954
   2176.86     65000   -5.84359   -7.01260   -6.91722   -6.88483   -6.51794
   2200.26     70000   -5.90282   -7.33228   -7.42122   -7.29858   -6.61408
   2223.67     75000   -6.02384   -7.14933   -7.03287   -7.02084   -6.68405
   2247.07     80000   -6.08593   -7.08868   -6.96120   -6.94731   -6.70373
   2270.48     85000   -6.08028   -7.25987   -7.16887   -7.13459   -6.75480
   2293.89     90000   -6.14102   -7.56948   -7.65103   -7.53624   -6.85194
   2317.29     95000   -6.26207   -7.37386   -7.25429   -7.24302   -6.91883
   2340.70    100000   -6.31413   -7.32440   -7.19699   -7.18265   -6.93819
   2364.10      5000   -6.31569   -7.50674   -7.41925   -7.38286   -6.99192
   2387.51     10000   -6.37890   -7.80360   -7.87587   -7.76773   -7.08973
   2410.91     15000   -6.50058   -7.59954   -7.47884   -7.46768   -7.15335
   2434.32     20000   -6.54320   -7.56126   -7.43494   -7.42009   -7.17258
   2457.72     25000   -6.55098   -7.75506   -7.67269   -7.63408   -7.22904
   2481.13     30000   -6.61732   -8.03533   -8.09156   -7.99565   -7.32742
   2504.53     35000   -6.73832   -7.82522   -7.70220   -7.69156   -7.38786
   2527.94     40000   -6.77285   -7.79804   -7.67200   -7.65666   -7.40722
   2551.37     45000   -6.78689   -8.00313   -7.92528   -7.88407   -7.46637
   2574.78     50000   -6.85504   -8.26469   -8.30573   -8.21935   -7.56502
   2598.19     55000   -6.97620   -8.05202   -7.92816   -7.91752   -7.62215
   2621.60     60000   -7.00331   -8.03584   -7.91098   -7.89505   -7.64183
   2645.02     65000   -7.02340   -8.25247   -8.18074   -8.13680   -7.70373
   2668.44     70000   -7.09287   -8.49179   -8.51386   -8.43978   -7.80250
   2691.85     75000   -7.21436   -8.27886   -8.15331   -8.14296   -7.85645
   2715.27     80000   -7.23373   -8.27366   -8.14930   -8.13283   -7.87668
   2738.68     85000   -7.25944   -8.50164   -8.43569   -8.38855   -7.94126
   2762.10     90000   -7.33127   -8.71724   -8.72321   -8.65813   -8.03985
   2785.51     95000   -7.45156   -8.50674   -8.38060   -8.37019   -8.09055
   2808.93    100000   -7.46474   -8.51243   -8.38935   -8.37223   -8.11155
   2832.34      5000   -7.49453   -8.75193   -8.69337   -8.64283   -8.17882
   2855.76     10000   -7.57035   -8.94097   -8.92932   -8.87421   -8.27708
   2879.18     15000   -7.68957   -8.73474   -8.60737   -8.59708   -8.32468
   2902.59     20000   -7.69631   -8.75128   -8.62896   -8.61120   -8.34663
   2926.01     25000   -7.72987   -9.00204   -8.95083   -8.89632   -8.41653
   2949.42     30000   -7.80883   -9.16376   -9.13792   -9.08989   -8.51414
   2972.84     35000   -7.92669   -8.96369   -8.83595   -8.82554   -8.55865
   2996.26     40000   -7.92862   -8.99104   -8.87012   -8.85164   -8.58175
   3019.67     45000   -7.96580   -9.25307   -9.21089   -9.15210   -8.65427
MyID= 0: Time=  0.1,has convergenced
     1682997 iterations for the convertgence of psi
 MyID=           0 has finish
