 START-UP FOR CHUNK...
     23.43      5000   -0.63271   -2.04134   -2.20526   -2.23364   -1.29046
     46.80     10000   -0.84129   -2.12473   -2.15736   -2.23422   -1.53065
     70.14     15000   -0.89049   -2.21395   -2.05242   -2.08921   -1.62834
     93.47     20000   -0.84758   -2.51447   -1.89379   -1.89067   -1.61873
    116.84     25000   -0.73857   -2.14439   -1.69595   -1.69391   -1.50493
    140.19     30000   -0.60805   -1.84488   -1.51886   -1.52282   -1.34688
    163.53     35000   -0.50412   -1.62868   -1.45460   -1.45276   -1.21134
    186.90     40000   -0.45838   -1.71124   -1.67225   -1.64336   -1.18621
    210.23     45000   -0.53440   -1.93450   -1.89319   -1.96987   -1.27992
    233.58     50000   -0.66367   -1.80453   -1.67878   -1.65647   -1.35898
    256.93     55000   -0.81030   -1.93861   -1.81506   -1.78087   -1.48137
    280.26     60000   -0.89174   -2.23221   -2.29192   -2.28517   -1.60696
    303.59     65000   -0.95760   -2.19333   -2.05695   -2.04454   -1.64246
    326.91     70000   -0.96673   -2.00681   -1.85653   -1.83731   -1.59909
    350.23     75000   -0.91343   -2.02823   -1.96078   -1.93477   -1.59607
    373.55     80000   -0.93357   -2.25170   -2.39126   -2.40138   -1.66016
    396.87     85000   -1.02877   -2.19151   -2.07180   -2.04970   -1.70944
    420.21     90000   -1.11236   -2.17143   -2.04588   -2.02624   -1.75970
    443.53     95000   -1.15093   -2.38102   -2.37215   -2.34686   -1.85530
    466.86    100000   -1.22588   -2.53924   -2.49752   -2.49726   -1.92788
 ITERATION...
    490.17      5000   -1.28006   -2.36350   -2.20854   -2.18826   -1.92423
    513.50     10000   -1.26253   -2.36253   -2.26756   -2.24115   -1.93627
    536.82     15000   -1.28376   -2.59165   -2.69161   -2.69455   -2.00729
    560.14     20000   -1.37013   -2.58661   -2.47429   -2.45226   -2.06141
    583.47     25000   -1.45543   -2.50161   -2.36570   -2.34357   -2.08928
    606.80     30000   -1.46443   -2.65063   -2.59587   -2.57506   -2.16221
    630.13     35000   -1.53125   -2.86617   -2.92958   -2.92653   -2.24395
    653.46     40000   -1.60141   -2.71737   -2.56734   -2.54971   -2.25960
    676.82     45000   -1.61018   -2.69612   -2.58156   -2.55829   -2.27545
    700.16     50000   -1.62867   -2.90407   -2.95589   -2.94148   -2.34706
    723.49     55000   -1.70873   -2.97138   -2.88062   -2.86498   -2.40816
    746.82     60000   -1.80283   -2.84355   -2.70268   -2.67953   -2.42664
    770.16     65000   -1.79475   -2.94391   -2.86404   -2.84104   -2.48273
    793.51     70000   -1.84862   -3.19499   -3.32046   -3.31638   -2.56752
    816.88     75000   -1.92486   -3.07776   -2.93828   -2.91921   -2.59712
    840.25     80000   -1.95717   -3.02565   -2.89998   -2.87783   -2.61160
    863.61     85000   -1.96751   -3.20375   -3.20522   -3.18719   -2.67945
    886.95     90000   -2.04254   -3.34577   -3.30268   -3.29241   -2.74910
    910.28     95000   -2.12815   -3.19374   -3.04959   -3.02786   -2.76624
    933.62    100000   -2.12997   -3.24711   -3.15051   -3.12723   -2.80869
    956.98      5000   -2.17164   -3.50019   -3.62247   -3.61428   -2.89295
    980.31     10000   -2.25149   -3.44898   -3.32162   -3.30333   -2.93549
   1003.61     15000   -2.30684   -3.35968   -3.22610   -3.20347   -2.94759
   1026.91     20000   -2.30611   -3.50155   -3.46376   -3.44298   -3.00852
   1050.21     25000   -2.37176   -3.70789   -3.73584   -3.73217   -3.08554
   1073.50     30000   -2.45397   -3.55241   -3.40739   -3.38628   -3.10686
   1096.80     35000   -2.46864   -3.56174   -3.45058   -3.42761   -3.13808
   1120.10     40000   -2.49863   -3.79173   -3.86356   -3.84865   -3.21865
   1143.39     45000   -2.57829   -3.82385   -3.71997   -3.70411   -3.27355
   1166.69     50000   -2.66146   -3.70075   -3.56040   -3.53820   -3.28470
   1189.99     55000   -2.64483   -3.80283   -3.73566   -3.71324   -3.33672
   1213.28     60000   -2.69985   -4.04734   -4.15151   -4.15509   -3.41844
   1236.58     65000   -2.78055   -3.91815   -3.77607   -3.75586   -3.44780
   1259.88     70000   -2.81163   -3.88525   -3.76228   -3.73928   -3.47008
   1283.17     75000   -2.83018   -4.08182   -4.09816   -4.07898   -3.54437
   1306.47     80000   -2.90725   -4.19708   -4.13534   -4.12272   -3.61034
   1329.77     85000   -2.98922   -4.04852   -3.90406   -3.88239   -3.62322
   1353.07     90000   -2.98398   -4.11019   -4.02059   -3.99780   -3.66546
   1376.40     95000   -3.02683   -4.36258   -4.49259   -4.49250   -3.74854
   1399.73    100000   -3.10826   -4.28937   -4.15680   -4.13810   -3.78841
   1423.08      5000   -3.15803   -4.21605   -4.08404   -4.06129   -3.80432
   1446.45     10000   -3.16481   -4.37411   -4.34681   -4.32536   -3.87030
   1469.79     15000   -3.23397   -4.56130   -4.56507   -4.55790   -3.94514
   1493.14     20000   -3.31392   -4.40332   -4.25770   -4.23656   -3.96292
   1516.47     25000   -3.32364   -4.42413   -4.31781   -4.29487   -3.99552
   1539.79     30000   -3.35552   -4.66137   -4.75169   -4.74131   -4.07658
   1563.12     35000   -3.43590   -4.66471   -4.55158   -4.53480   -4.12804
   1586.44     40000   -3.51112   -4.55405   -4.41536   -4.39299   -4.14057
   1609.77     45000   -3.50189   -4.67145   -4.61197   -4.58955   -4.19690
   1633.10     50000   -3.56053   -4.90671   -4.99070   -4.99051   -4.27763
   1656.43     55000   -3.64026   -4.76543   -4.62200   -4.60166   -4.30332
   1679.75     60000   -3.66552   -4.74516   -4.62609   -4.60317   -4.32732
   1703.07     65000   -3.68773   -4.95273   -4.98640   -4.96920   -4.40335
   1726.44     70000   -3.76506   -5.04058   -4.96222   -4.94842   -4.46605
   1749.76     75000   -3.84926   -4.89946   -4.75619   -4.73424   -4.47858
   1773.08     80000   -3.84074   -4.97554   -4.89218   -4.86933   -4.52464
   1796.42     85000   -3.88725   -5.22871   -5.35998   -5.36067   -4.60783
   1819.74     90000   -3.96684   -5.13431   -4.99817   -4.97896   -4.64381
   1843.06     95000   -4.01065   -5.07353   -4.94454   -4.92180   -4.66106
   1866.39    100000   -4.02056   -5.24408   -5.23012   -5.20963   -4.72964
   1889.73      5000   -4.09298   -5.40961   -5.38855   -5.37965   -4.80191
   1913.05     10000   -4.17378   -5.25226   -5.10673   -5.08533   -4.81797
   1936.39     15000   -4.17900   -5.28690   -5.18548   -5.16247   -4.85393
   1959.75     20000   -4.21411   -5.53147   -5.63919   -5.63113   -4.93612
   1983.12     25000   -4.29615   -5.50847   -5.38783   -5.37027   -4.98366
   2006.46     30000   -4.36135   -5.40923   -5.27266   -5.25019   -4.99675
   2029.79     35000   -4.35708   -5.53977   -5.49003   -5.46803   -5.05619
   2053.12     40000   -4.41995   -5.76238   -5.81993   -5.81802   -5.13535
   2076.45     45000   -4.49964   -5.61230   -5.46761   -5.44696   -5.15825
   2099.79     50000   -4.51900   -5.60561   -5.49029   -5.46730   -5.18502
   2123.16     55000   -4.54497   -5.82410   -5.87585   -5.86004   -5.26306
   2146.53     60000   -4.62462   -5.88464   -5.79289   -5.77790   -5.32217
   2169.89     65000   -4.71000   -5.75224   -5.61026   -5.58817   -5.33424
   2193.22     70000   -4.69554   -5.84171   -5.76553   -5.74284   -5.38360
   2216.54     75000   -4.74644   -6.09220   -6.21521   -6.21740   -5.46636
   2239.84     80000   -4.82599   -5.97921   -5.83986   -5.82023   -5.49882
   2263.14     85000   -4.86336   -5.93164   -5.80554   -5.78271   -5.51809
   2286.44     90000   -4.87777   -6.11484   -6.11500   -6.09519   -5.58936
   2309.73     95000   -4.95295   -6.25672   -6.21431   -6.20348   -5.65874
   2333.03    100000   -5.03488   -6.10256   -5.95749   -5.93590   -5.67322
   2356.33      5000   -5.03378   -6.15070   -6.05470   -6.03174   -5.71239
   2379.63     10000   -5.07357   -6.40043   -6.52210   -6.51755   -5.79526
   2402.92     15000   -5.15447   -6.35195   -6.22498   -6.20681   -5.83897
   2426.22     20000   -5.21237   -6.26496   -6.13058   -6.10800   -5.85313
   2449.52     25000   -5.21353   -6.40881   -6.36954   -6.34786   -5.91571
   2472.82     30000   -5.27941   -6.61575   -6.64653   -6.64211   -5.99296
   2496.13     35000   -5.36022   -6.46020   -6.31484   -6.29393   -6.01327
   2519.45     40000   -5.37361   -6.46698   -6.35584   -6.33285   -6.04288
   2542.76     45000   -5.40254   -6.69534   -6.76595   -6.75232   -6.12259
   2566.09     50000   -5.48243   -6.72800   -6.62485   -6.60890   -6.17801
   2589.42     55000   -5.56705   -6.60558   -6.46511   -6.44288   -6.19005
   2612.74     60000   -5.55105   -6.70856   -6.64017   -6.61762   -6.24277
   2636.07     65000   -5.60623   -6.95335   -7.06042   -7.06218   -6.32474
   2659.39     70000   -5.68630   -6.82490   -6.68320   -6.66320   -6.35381
   2682.72     75000   -5.71707   -6.79060   -6.66775   -6.64486   -6.37530
   2706.02     80000   -5.73491   -6.98597   -7.00173   -6.98296   -6.44903
   2729.32     85000   -5.81192   -7.10232   -7.04104   -7.02864   -6.51527
   2752.62     90000   -5.89441   -6.95352   -6.80917   -6.78740   -6.52858
   2775.93     95000   -5.88970   -7.01520   -6.92508   -6.90217   -6.57106
   2799.26    100000   -5.93258   -7.26793   -7.39815   -7.39666   -6.65427
   2822.58      5000   -6.01381   -7.19590   -7.06389   -7.04518   -6.69418
   2845.91     10000   -6.06373   -7.12153   -6.98962   -6.96694   -6.70971
   2869.24     15000   -6.07005   -7.27850   -7.25087   -7.22967   -6.77530
   2892.56     20000   -6.13900   -7.46671   -7.47131   -7.46457   -6.85029
   2915.89     25000   -6.21911   -7.30878   -7.16315   -7.14199   -6.86834
   2939.21     30000   -6.22923   -7.32909   -7.22248   -7.19947   -6.90096
   2962.54     35000   -6.26108   -7.56612   -7.65550   -7.64441   -6.98204
   2985.86     40000   -6.34132   -7.57126   -7.45870   -7.44192   -7.03366
   3009.18     45000   -6.41698   -7.45975   -7.32104   -7.29868   -7.04603
   3032.51     50000   -6.40732   -7.57619   -7.51638   -7.49406   -7.10206
   3055.84     55000   -6.46564   -7.81195   -7.89684   -7.89714   -7.18286
   3079.16     60000   -6.54550   -7.67123   -7.52779   -7.50745   -7.20879
   3102.49     65000   -6.57116   -7.65032   -7.53097   -7.50803   -7.23273
   3125.81     70000   -6.59313   -7.85732   -7.88998   -7.87249   -7.30869
   3149.13     75000   -6.67043   -7.94690   -7.86948   -7.85572   -7.37156
   3172.45     80000   -6.75445   -7.80529   -7.66196   -7.64002   -7.38407
   3195.78     85000   -6.74616   -7.88051   -7.79683   -7.77401   -7.42990
   3219.11     90000   -6.79250   -8.13367   -8.26491   -8.26584   -7.51309
   3242.44     95000   -6.87212   -8.04031   -7.90427   -7.88509   -7.54929
   3265.76    100000   -6.91627   -7.97886   -7.84965   -7.82689   -7.56649
   3289.09      5000   -6.92603   -8.14874   -8.13395   -8.11335   -7.63494
   3312.41     10000   -6.99825   -8.31559   -8.29597   -8.28711   -7.70735
   3335.73     15000   -7.07900   -8.15816   -8.01262   -7.99124   -7.72348
   3359.06     20000   -7.08455   -8.19200   -8.09032   -8.06732   -7.75924
   3382.38     25000   -7.11939   -8.43619   -8.54298   -8.53492   -7.84137
   3405.71     30000   -7.20134   -8.41457   -8.29425   -8.27674   -7.88914
   3429.04     35000   -7.26710   -8.31469   -8.17797   -8.15550   -7.90220
   3452.36     40000   -7.26256   -8.44452   -8.39419   -8.37213   -7.96147
   3475.69     45000   -7.32526   -8.66795   -8.72711   -8.72524   -8.04073
   3499.01     50000   -7.40488   -8.51828   -8.37366   -8.35303   -8.06377
   3522.34     55000   -7.42457   -8.51083   -8.39530   -8.37232   -8.09038
   3545.66     60000   -7.45036   -8.72872   -8.77946   -8.76361   -8.16831
   3568.97     65000   -7.52986   -8.79075   -8.69965   -8.68473   -8.22763
   3592.29     70000   -7.61534   -8.65783   -8.51577   -8.49368   -8.23971
   3615.59     75000   -7.60106   -8.74657   -8.66997   -8.64726   -8.28890
   3638.89     80000   -7.65170   -8.99731   -9.12104   -9.12313   -8.37169
   3662.18     85000   -7.73124   -8.88529   -8.74611   -8.72650   -8.40433
   3685.48     90000   -7.76899   -8.83697   -8.71072   -8.68789   -8.42348
   3708.78     95000   -7.78313   -9.01948   -9.01883   -8.99900   -8.49461
   3732.08    100000   -7.85827   -9.16270   -9.12138   -9.11065   -8.56416
   3755.37      5000   -7.94002   -9.00831   -8.86319   -8.84162   -8.57872
   3778.67     10000   -7.93928   -9.05570   -8.95938   -8.93641   -8.61771
   3801.97     15000   -7.97881   -9.30520   -9.42623   -9.42144   -8.70056
MyID= 0: Time=  0.1,has convergenced
     1686500 iterations for the convertgence of psi
 MyID=           0 has finish
