 START-UP FOR CHUNK...
     23.45      5000   -0.64827   -2.04259   -2.27433   -2.37413   -1.29313
     46.83     10000   -0.87838   -2.11676   -2.29372   -2.37509   -1.54006
     70.21     15000   -0.95249   -2.20952   -2.18411   -2.23200   -1.65940
     93.58     20000   -0.94042   -2.61420   -2.02830   -2.03049   -1.69113
    116.96     25000   -0.84899   -2.30445   -1.82580   -1.82278   -1.60708
    140.34     30000   -0.71190   -2.02572   -1.61266   -1.62109   -1.44503
    163.72     35000   -0.58154   -1.75160   -1.46793   -1.46905   -1.27430
    187.09     40000   -0.47182   -1.61766   -1.49855   -1.47788   -1.16688
    210.47     45000   -0.48079   -1.80234   -1.82457   -1.90759   -1.20265
    233.85     50000   -0.57252   -1.85296   -1.71857   -1.68987   -1.29337
    257.23     55000   -0.76581   -1.82752   -1.68029   -1.65843   -1.39605
    280.62     60000   -0.83471   -2.06677   -1.98220   -1.95905   -1.53396
    304.00     65000   -0.90941   -2.24647   -2.23609   -2.25065   -1.61716
    327.38     70000   -0.93076   -2.05977   -1.87178   -1.85888   -1.58943
    350.76     75000   -0.89165   -1.96336   -1.84205   -1.81684   -1.55253
    374.15     80000   -0.86871   -2.11328   -2.14403   -2.13840   -1.59005
    397.53     85000   -0.94162   -2.23852   -2.15105   -2.12645   -1.65309
    420.91     90000   -1.06783   -2.11182   -1.97509   -1.95231   -1.69567
    444.28     95000   -1.09333   -2.24256   -2.15152   -2.13494   -1.78076
    467.64    100000   -1.15742   -2.49984   -2.60567   -2.61503   -1.87360
 ITERATION...
    491.01      5000   -1.21585   -2.38560   -2.22273   -2.20717   -1.88829
    514.38     10000   -1.22655   -2.29156   -2.16329   -2.14142   -1.88005
    537.75     15000   -1.21668   -2.43487   -2.43734   -2.42830   -1.93163
    561.11     20000   -1.28636   -2.61209   -2.54895   -2.53884   -1.99942
    584.48     25000   -1.38712   -2.45709   -2.31068   -2.28639   -2.02677
    607.85     30000   -1.40459   -2.52410   -2.42610   -2.40539   -2.08546
    631.21     35000   -1.45312   -2.78240   -2.89426   -2.89969   -2.17457
    654.61     40000   -1.52485   -2.72781   -2.57897   -2.56101   -2.20691
    677.98     45000   -1.56388   -2.62437   -2.48745   -2.46557   -2.20961
    701.36     50000   -1.55650   -2.75329   -2.72794   -2.71428   -2.26499
    724.74     55000   -1.62130   -2.96083   -2.94561   -2.94364   -2.33693
    748.12     60000   -1.70828   -2.80430   -2.65165   -2.62896   -2.35916
    771.49     65000   -1.72597   -2.82798   -2.71939   -2.69787   -2.40138
    794.86     70000   -1.76305   -3.06894   -3.15493   -3.15214   -2.48610
    818.23     75000   -1.83961   -3.07621   -2.94305   -2.92567   -2.53038
    841.62     80000   -1.90231   -2.95480   -2.81152   -2.78936   -2.53703
    864.99     85000   -1.88935   -3.06297   -3.01166   -2.99458   -2.59067
    888.36     90000   -1.94835   -3.29830   -3.33968   -3.34559   -2.66703
    911.74     95000   -2.02966   -3.15242   -2.99875   -2.97665   -2.69048
    935.10    100000   -2.05298   -3.13993   -3.02167   -2.99996   -2.72147
    958.48      5000   -2.08012   -3.35664   -3.40382   -3.39578   -2.80137
    981.85     10000   -2.15580   -3.42752   -3.31743   -3.30145   -2.85556
   1005.22     15000   -2.23913   -3.28643   -3.13870   -3.11667   -2.86408
   1028.61     20000   -2.21999   -3.36811   -3.29639   -3.27751   -2.91288
   1051.97     25000   -2.27120   -3.62019   -3.71191   -3.72541   -2.99256
   1075.35     30000   -2.35044   -3.50373   -3.35175   -3.33038   -3.02098
   1098.72     35000   -2.38457   -3.45734   -3.33094   -3.30882   -3.04383
   1122.10     40000   -2.40198   -3.64581   -3.65618   -3.64410   -3.11823
   1145.46     45000   -2.47533   -3.77923   -3.70172   -3.68849   -3.18101
   1168.83     50000   -2.55704   -3.62216   -3.47092   -3.44882   -3.19162
   1192.20     55000   -2.54977   -3.67447   -3.58615   -3.56616   -3.23406
   1215.56     60000   -2.59213   -3.92753   -4.03924   -4.05302   -3.31525
   1238.93     65000   -2.66906   -3.85811   -3.71130   -3.69094   -3.35081
   1262.30     70000   -2.71774   -3.77991   -3.64601   -3.62371   -3.36782
   1285.66     75000   -2.72482   -3.93762   -3.91704   -3.90184   -3.43591
   1309.04     80000   -2.79495   -4.12529   -4.09367   -4.08571   -3.50594
   1332.42     85000   -2.87397   -3.96253   -3.80867   -3.78663   -3.51984
   1355.79     90000   -2.87741   -3.98422   -3.88208   -3.86119   -3.55536
   1379.15     95000   -2.91240   -4.22535   -4.32031   -4.32637   -3.63612
   1402.53    100000   -2.99002   -4.21458   -4.07822   -4.05919   -3.67996
   1425.91      5000   -3.05405   -4.10709   -3.96653   -3.94414   -3.69311
   1449.28     10000   -3.05099   -4.23336   -4.18707   -4.16968   -3.75421
   1472.65     15000   -3.11381   -4.46061   -4.48683   -4.48675   -3.82989
   1496.03     20000   -3.19218   -4.30715   -4.15227   -4.13054   -3.84863
   1519.39     25000   -3.20709   -4.29786   -4.18408   -4.16260   -3.87736
   1542.76     30000   -3.23359   -4.51815   -4.57756   -4.57467   -3.95581
   1566.13     35000   -3.30991   -4.57148   -4.45325   -4.43621   -4.00827
   1589.51     40000   -3.39397   -4.43843   -4.29235   -4.26993   -4.01952
   1612.88     45000   -3.37795   -4.53316   -4.46579   -4.44683   -4.07314
   1636.24     50000   -3.43269   -4.78274   -4.86485   -4.87358   -4.15265
   1659.62     55000   -3.50987   -4.65572   -4.50218   -4.48093   -4.17774
   1683.00     60000   -3.53806   -4.61549   -4.49192   -4.47004   -4.20029
   1706.37     65000   -3.55720   -4.80963   -4.83120   -4.82175   -4.27478
   1729.74     70000   -3.63143   -4.92628   -4.83687   -4.82287   -4.33554
   1753.10     75000   -3.71578   -4.77384   -4.62345   -4.60112   -4.34688
   1776.47     80000   -3.70582   -4.83702   -4.75237   -4.73232   -4.39279
   1799.84     85000   -3.75156   -5.09190   -5.20362   -5.21596   -4.47421
   1823.18     90000   -3.82797   -5.00789   -4.85889   -4.83838   -4.50690
   1846.53     95000   -3.87138   -4.93716   -4.80535   -4.78321   -4.52428
   1869.88    100000   -3.88050   -5.10226   -5.09055   -5.07679   -4.59344
   1893.22      5000   -3.95191   -5.27546   -5.22833   -5.21905   -4.66161
   1916.57     10000   -4.03322   -5.11338   -4.96000   -4.93783   -4.67504
   1939.92     15000   -4.03321   -5.14501   -5.04608   -5.02524   -4.71329
   1963.26     20000   -4.07078   -5.39107   -5.49411   -5.50129   -4.79466
   1986.61     25000   -4.14839   -5.36291   -5.22302   -5.20363   -4.83581
   2009.97     30000   -4.20674   -5.26297   -5.12420   -5.10190   -4.84936
   2033.35     35000   -4.20667   -5.39755   -5.35832   -5.34176   -4.91211
   2056.73     40000   -4.27121   -5.61484   -5.62314   -5.62102   -4.98633
   2080.10     45000   -4.34980   -5.45704   -5.30223   -5.28035   -5.00380
   2103.48     50000   -4.36300   -5.45720   -5.34629   -5.32489   -5.03477
   2126.87     55000   -4.39107   -5.68442   -5.75466   -5.75343   -5.11423
   2150.24     60000   -4.46832   -5.71936   -5.59528   -5.57759   -5.16413
   2173.61     65000   -4.54583   -5.59293   -5.44836   -5.42599   -5.17550
   2196.98     70000   -4.53307   -5.69635   -5.63471   -5.61628   -5.23108
   2220.36     75000   -4.59072   -5.94119   -6.00840   -6.01524   -5.30967
   2243.73     80000   -4.66779   -5.80471   -5.65052   -5.62909   -5.33292
   2267.10     85000   -4.69225   -5.77355   -5.65254   -5.63072   -5.35731
   2290.48     90000   -4.71364   -5.97574   -6.00767   -5.99954   -5.43318
   2313.85     95000   -4.78945   -6.07486   -5.97621   -5.96116   -5.49160
   2337.22    100000   -4.87528   -5.92706   -5.77784   -5.75550   -5.50261
   2360.60      5000   -4.86096   -5.99907   -5.91912   -5.89941   -5.55062
   2383.97     10000   -4.90994   -6.25398   -6.36093   -6.37354   -5.63168
   2407.35     15000   -4.98636   -6.15608   -6.00538   -5.98461   -5.66215
   2430.72     20000   -5.02546   -6.09407   -5.96445   -5.94235   -5.68095
   2454.08     25000   -5.03713   -6.26775   -6.26487   -6.25204   -5.75180
   2477.45     30000   -5.10979   -6.42597   -6.36550   -6.35460   -5.81797
   2500.82     35000   -5.19183   -6.26537   -6.11274   -6.09053   -5.83055
   2524.20     40000   -5.18916   -6.30591   -6.21084   -6.19023   -5.87092
   2547.58     45000   -5.22878   -6.55564   -6.66450   -6.67402   -5.95248
   2570.96     50000   -5.30656   -6.51050   -6.36741   -6.34765   -5.99118
   2594.35     55000   -5.35985   -6.41873   -6.28181   -6.25953   -6.00571
   2617.74     60000   -5.36235   -6.56214   -6.53016   -6.51423   -6.07039
   2641.14     65000   -5.42909   -6.76849   -6.76009   -6.75561   -6.14305
   2664.53     70000   -5.50806   -6.60784   -6.45327   -6.43130   -6.15916
   2687.93     75000   -5.51801   -6.61691   -6.50924   -6.48799   -6.19213
   2711.32     80000   -5.54853   -6.85025   -6.93106   -6.93228   -6.27230
   2734.72     85000   -5.62697   -6.86679   -6.73733   -6.71908   -6.31972
   2758.11     90000   -5.69793   -6.74753   -6.60448   -6.58212   -6.33155
   2781.50     95000   -5.68881   -6.85988   -6.80415   -6.78616   -6.38924
   2804.90    100000   -5.74850   -7.09871   -7.15000   -7.15424   -6.46677
   2828.30      5000   -5.82629   -6.95437   -6.79976   -6.77819   -6.48820
   2851.70     10000   -5.84692   -6.93208   -6.81379   -6.79208   -6.51436
   2875.10     15000   -5.87042   -7.14184   -7.18455   -7.17819   -6.59141
   2898.50     20000   -5.94642   -7.22290   -7.11580   -7.09987   -6.64747
   2921.90     25000   -6.03309   -7.08049   -6.93246   -6.91010   -6.65839
   2945.30     30000   -6.01663   -7.16147   -7.08636   -7.06696   -6.70858
   2968.70     35000   -6.06788   -7.41522   -7.51434   -7.52604   -6.78914
   2992.11     40000   -6.14529   -7.30471   -7.15267   -7.13169   -6.81743
   3015.51     45000   -6.17991   -7.25141   -7.12410   -7.10208   -6.83769
   3038.91     50000   -6.19418   -7.43344   -7.43992   -7.42825   -6.91010
   3062.31     55000   -6.26752   -7.57568   -7.50286   -7.49059   -6.97417
   3085.71     60000   -6.35010   -7.41762   -7.26581   -7.24355   -6.98611
   3109.11     65000   -6.34550   -7.46713   -7.37608   -7.35569   -7.02864
   3132.52     70000   -6.38730   -7.71967   -7.83188   -7.84311   -7.11026
   3155.93     75000   -6.46380   -7.65835   -7.51257   -7.49249   -7.14654
   3179.33     80000   -6.51347   -7.57488   -7.43992   -7.41769   -7.16214
   3202.72     85000   -6.51848   -7.72703   -7.70276   -7.68759   -7.22867
   3226.11     90000   -6.58742   -7.92108   -7.89656   -7.88999   -7.29963
   3249.50     95000   -6.66681   -7.75891   -7.60471   -7.58266   -7.31455
   3272.88    100000   -6.67278   -7.77694   -7.67264   -7.65154   -7.34958
   3296.25      5000   -6.70650   -8.01585   -8.10647   -8.11014   -7.43034
   3319.62     10000   -6.78436   -8.01427   -7.88017   -7.86142   -7.47525
   3342.99     15000   -6.85055   -7.90250   -7.76108   -7.73874   -7.48767
   3366.36     20000   -6.84502   -8.02375   -7.97429   -7.95681   -7.54742
   3389.73     25000   -6.90674   -8.25508   -8.28946   -8.29109   -7.62375
   3413.09     30000   -6.98527   -8.10430   -7.94947   -7.92777   -7.64349
   3436.46     35000   -7.00208   -8.09093   -7.97548   -7.95388   -7.67151
   3459.84     40000   -7.02769   -8.30794   -8.36163   -8.35720   -7.74962
   3483.22     45000   -7.10387   -8.37069   -8.25615   -8.23946   -7.80325
   3506.58     50000   -7.19072   -8.23427   -8.08754   -8.06518   -7.81424
   3529.92     55000   -7.17279   -8.32421   -8.25423   -8.23518   -7.86660
   3553.27     60000   -7.22593   -8.57546   -8.66371   -8.67384   -7.94649
   3576.62     65000   -7.30359   -8.45359   -8.30050   -8.27933   -7.97269
   3599.97     70000   -7.33384   -8.40907   -8.28418   -8.26224   -7.99453
   3623.32     75000   -7.35171   -8.59929   -8.61559   -8.60522   -8.06839
   3646.67     80000   -7.42517   -8.72480   -8.64083   -8.62734   -8.13027
   3670.02     85000   -7.50885   -8.57021   -8.41935   -8.39705   -8.14172
   3693.37     90000   -7.50102   -8.62869   -8.54188   -8.52174   -8.18644
   3716.72     95000   -7.54506   -8.88302   -8.99562   -9.00797   -8.26795
   3740.07    100000   -7.62151   -8.80637   -8.65835   -8.63797   -8.30187
   3763.44      5000   -7.66719   -8.73136   -8.59846   -8.57627   -8.31865
   3786.82     10000   -7.67509   -8.89216   -8.87606   -8.86175   -8.38697
   3810.20     15000   -7.74586   -9.07274   -9.03307   -9.02462   -8.45611
   3833.57     20000   -7.82605   -8.91032   -8.75664   -8.73452   -8.46998
   3856.95     25000   -7.82803   -8.93731   -8.83655   -8.81563   -8.50711
   3880.32     30000   -7.86454   -9.18112   -9.28036   -9.28649   -8.58830
   3903.62     35000   -7.94200   -9.16178   -9.02368   -9.00449   -8.63072
MyID= 0: Time=  0.1,has convergenced
     1685686 iterations for the convertgence of psi
 MyID=           0 has finish
