 START-UP FOR CHUNK...
     23.47      5000   -0.64819   -2.04392   -2.27549   -2.38930   -1.29163
     46.86     10000   -0.88047   -2.11866   -2.29808   -2.39030   -1.53909
     70.24     15000   -0.95761   -2.20188   -2.19993   -2.24537   -1.66023
     93.62     20000   -0.94886   -2.57513   -2.04353   -2.04389   -1.69634
    117.00     25000   -0.86191   -2.31534   -1.84164   -1.83752   -1.61811
    140.38     30000   -0.72523   -2.03890   -1.62520   -1.63476   -1.45761
    163.76     35000   -0.59225   -1.76734   -1.47258   -1.47492   -1.28396
    187.14     40000   -0.47572   -1.61135   -1.48252   -1.46386   -1.16786
    210.52     45000   -0.47578   -1.77378   -1.79015   -1.84660   -1.19181
    233.90     50000   -0.55909   -1.86690   -1.73502   -1.70727   -1.28301
    257.28     55000   -0.74603   -1.81029   -1.66795   -1.64510   -1.38208
    280.66     60000   -0.82404   -2.03740   -1.94280   -1.91855   -1.52001
    304.04     65000   -0.89949   -2.24734   -2.26508   -2.28224   -1.61029
    327.42     70000   -0.92505   -2.06807   -1.88178   -1.86814   -1.58815
    350.80     75000   -0.89135   -1.95608   -1.83066   -1.80609   -1.54827
    374.18     80000   -0.86195   -2.08626   -2.10271   -2.09541   -1.58087
    397.56     85000   -0.92950   -2.24551   -2.17321   -2.15127   -1.64513
    420.94     90000   -1.05194   -2.10727   -1.97137   -1.94835   -1.68726
    444.32     95000   -1.08538   -2.22060   -2.12587   -2.10904   -1.76987
    467.70    100000   -1.14740   -2.48271   -2.59515   -2.60554   -1.86508
 ITERATION...
    491.08      5000   -1.20807   -2.39513   -2.23354   -2.21848   -1.88439
    514.46     10000   -1.22522   -2.28655   -2.15490   -2.13265   -1.87465
    537.84     15000   -1.21070   -2.41373   -2.40463   -2.39361   -1.92298
    561.22     20000   -1.27682   -2.61499   -2.56971   -2.56308   -1.99226
    584.60     25000   -1.37546   -2.45732   -2.31051   -2.28575   -2.02047
    607.98     30000   -1.39751   -2.51002   -2.40753   -2.38699   -2.07682
    631.36     35000   -1.44420   -2.76336   -2.86461   -2.86816   -2.16637
    654.74     40000   -1.51639   -2.73436   -2.58999   -2.57252   -2.20221
    678.12     45000   -1.56302   -2.62050   -2.48093   -2.45932   -2.20419
    701.50     50000   -1.55154   -2.73670   -2.70212   -2.68778   -2.25716
    724.88     55000   -1.61279   -2.95888   -2.96173   -2.96321   -2.33030
    748.26     60000   -1.69877   -2.80533   -2.65310   -2.63016   -2.35388
    771.64     65000   -1.72154   -2.81750   -2.70605   -2.68449   -2.39430
    795.02     70000   -1.75551   -3.05260   -3.12277   -3.11878   -2.47860
    818.40     75000   -1.83133   -3.08093   -2.95397   -2.93635   -2.52542
    841.78     80000   -1.90131   -2.95110   -2.80713   -2.78501   -2.53194
    865.16     85000   -1.88418   -3.04934   -2.99209   -2.97539   -2.58376
    888.54     90000   -1.94085   -3.29230   -3.34667   -3.35530   -2.66079
    911.92     95000   -2.02129   -3.15350   -3.00104   -2.97876   -2.68571
    935.30    100000   -2.04876   -3.13145   -3.01215   -2.99055   -2.71552
    958.68      5000   -2.07393   -3.34165   -3.37736   -3.36927   -2.79469
    982.06     10000   -2.14924   -3.43091   -3.32694   -3.31097   -2.85059
   1005.44     15000   -2.23277   -3.28357   -3.13599   -3.11375   -2.85939
   1028.82     20000   -2.21513   -3.35712   -3.28255   -3.26398   -2.90694
   1052.20     25000   -2.26476   -3.61193   -3.70644   -3.72190   -2.98681
   1075.58     30000   -2.34311   -3.50507   -3.35424   -3.33250   -3.01648
   1098.96     35000   -2.38114   -3.45107   -3.32441   -3.30232   -3.03878
   1122.34     40000   -2.39635   -3.63341   -3.63722   -3.62574   -3.11249
   1145.72     45000   -2.46933   -3.78012   -3.70850   -3.69561   -3.17621
   1169.10     50000   -2.55073   -3.62023   -3.46917   -3.44687   -3.18729
   1192.47     55000   -2.54544   -3.66629   -3.57686   -3.55713   -3.22906
   1215.85     60000   -2.58671   -3.91867   -4.02562   -4.04029   -3.31017
   1239.23     65000   -2.66334   -3.85895   -3.71302   -3.69235   -3.34652
   1262.62     70000   -2.71463   -3.77543   -3.64165   -3.61929   -3.36347
   1285.99     75000   -2.72026   -3.92867   -3.90497   -3.89042   -3.43119
   1309.37     80000   -2.78956   -4.12363   -4.09605   -4.08856   -3.50149
   1332.76     85000   -2.86850   -3.96076   -3.80722   -3.78495   -3.51580
   1356.14     90000   -2.87352   -3.97847   -3.87625   -3.85562   -3.55124
   1379.52     95000   -2.90783   -4.21802   -4.30746   -4.31451   -3.63187
   1402.89    100000   -2.98519   -4.21389   -4.07819   -4.05885   -3.67589
   1426.27      5000   -3.05091   -4.10352   -3.96353   -3.94107   -3.68929
   1449.65     10000   -3.04701   -4.22741   -4.18048   -4.16375   -3.75048
   1473.03     15000   -3.10955   -4.45745   -4.48335   -4.48363   -3.82599
   1496.41     20000   -3.18781   -4.30475   -4.15037   -4.12834   -3.84479
   1519.79     25000   -3.20366   -4.29373   -4.18081   -4.15953   -3.87396
   1543.17     30000   -3.22997   -4.51347   -4.57055   -4.56918   -3.95251
   1566.55     35000   -3.30593   -4.56900   -4.45032   -4.43281   -4.00450
   1589.93     40000   -3.39024   -4.43505   -4.28998   -4.26746   -4.01606
   1613.31     45000   -3.37411   -4.52956   -4.46336   -4.44506   -4.07033
   1636.69     50000   -3.42953   -4.77980   -4.85671   -4.86559   -4.14950
   1660.07     55000   -3.50637   -4.65219   -4.49897   -4.47734   -4.17409
   1683.45     60000   -3.53438   -4.61233   -4.49037   -4.46865   -4.19747
   1706.83     65000   -3.55380   -4.80769   -4.83055   -4.82278   -4.27248
   1730.21     70000   -3.62846   -4.92237   -4.82972   -4.81498   -4.33221
   1753.59     75000   -3.71346   -4.77016   -4.62099   -4.59847   -4.34366
   1776.97     80000   -3.70223   -4.83522   -4.75301   -4.73353   -4.39080
   1800.35     85000   -3.74937   -5.09091   -5.19705   -5.21044   -4.47196
   1823.73     90000   -3.82550   -5.00288   -4.85343   -4.83240   -4.50346
   1847.11     95000   -3.86788   -4.93451   -4.80477   -4.78272   -4.52190
   1870.49    100000   -3.87773   -5.10285   -5.09502   -5.08285   -4.59213
   1893.87      5000   -3.94964   -5.27103   -5.21577   -5.20530   -4.65890
   1917.25     10000   -4.03182   -5.10890   -4.95668   -4.93425   -4.67197
   1940.63     15000   -4.03055   -5.14451   -5.04882   -5.02845   -4.71199
   1964.01     20000   -4.06934   -5.39308   -5.49607   -5.50606   -4.79345
   1987.39     25000   -4.14693   -5.35616   -5.21419   -5.19410   -4.83265
   2010.77     30000   -4.20241   -5.26030   -5.12386   -5.10157   -4.84726
   2034.15     35000   -4.20373   -5.40027   -5.36649   -5.35131   -4.91175
   2057.53     40000   -4.26989   -5.61154   -5.60530   -5.60125   -4.98445
   2080.91     45000   -4.34883   -5.45123   -5.29723   -5.27499   -5.00084
   2104.29     50000   -4.35985   -5.45746   -5.35029   -5.32926   -5.03400
   2127.67     55000   -4.39007   -5.68973   -5.76627   -5.76866   -5.11413
   2151.05     60000   -4.46819   -5.71091   -5.58181   -5.56314   -5.16141
   2174.43     65000   -4.54016   -5.58970   -5.44754   -5.42510   -5.17354
   2197.81     70000   -4.53062   -5.70067   -5.64533   -5.62805   -5.23157
   2221.19     75000   -4.59027   -5.94106   -5.98946   -5.99392   -5.30881
   2244.57     80000   -4.66811   -5.79706   -5.64293   -5.62100   -5.33008
   2267.96     85000   -4.68912   -5.77403   -5.65703   -5.63550   -5.35689
   2291.33     90000   -4.71266   -5.98402   -6.02623   -6.02149   -5.43421
   2314.72     95000   -4.78830   -6.06538   -5.95674   -5.94022   -5.48951
   2338.09    100000   -4.87528   -5.92270   -5.77581   -5.75330   -5.50069
   2361.47      5000   -4.85892   -6.00441   -5.93118   -5.91242   -5.55181
   2384.85     10000   -4.91056   -6.25863   -6.35138   -6.36346   -5.63201
   2408.23     15000   -4.98833   -6.14617   -5.99413   -5.97271   -5.65949
   2431.61     20000   -5.02192   -6.09420   -5.96874   -5.94682   -5.68074
   2454.99     25000   -5.03725   -6.27836   -6.28751   -6.27749   -5.75390
   2478.37     30000   -5.11027   -6.41700   -6.33897   -6.32578   -5.81673
   2501.75     35000   -5.19359   -6.25931   -6.10871   -6.08623   -5.82861
   2525.13     40000   -5.18783   -6.31168   -6.22350   -6.20365   -5.87263
   2548.50     45000   -5.23077   -6.56562   -6.67412   -6.68722   -5.95411
   2571.88     50000   -5.30696   -6.49817   -6.35131   -6.33064   -5.98885
   2595.26     55000   -5.35544   -6.41795   -6.28520   -6.26301   -6.00554
   2618.64     60000   -5.36172   -6.57435   -6.55482   -6.54116   -6.07346
   2642.02     65000   -5.43198   -6.76250   -6.72702   -6.71894   -6.14290
   2665.40     70000   -5.51172   -6.59954   -6.44639   -6.42403   -6.15717
   2688.78     75000   -5.51533   -6.62255   -6.52176   -6.50111   -6.19418
   2712.15     80000   -5.55121   -6.86505   -6.95861   -6.96566   -6.27526
   2735.53     85000   -5.62836   -6.85229   -6.71500   -6.69545   -6.31790
   2758.91     90000   -5.69117   -6.74529   -6.60628   -6.58391   -6.33129
   2782.29     95000   -5.68891   -6.87297   -6.82946   -6.81326   -6.39311
   2805.67    100000   -5.75200   -7.09854   -7.11572   -7.11507   -6.46793
   2829.04      5000   -5.83034   -6.94334   -6.78906   -6.76694   -6.48621
   2852.41     10000   -5.84554   -6.93704   -6.82550   -6.80425   -6.51657
   2875.76     15000   -5.87257   -7.16035   -7.22251   -7.22171   -6.59567
   2899.12     20000   -5.94906   -7.20720   -7.08573   -7.06788   -6.64641
   2922.48     25000   -6.03017   -7.07624   -6.93194   -6.90945   -6.65795
   2945.84     30000   -6.01551   -7.17476   -7.11137   -7.09338   -6.71308
   2969.20     35000   -6.07232   -7.42293   -7.49277   -7.50088   -6.79178
   2992.54     40000   -6.14913   -7.29058   -7.13704   -7.11530   -6.81555
   3015.89     45000   -6.17543   -7.25513   -7.13438   -7.11267   -6.83987
   3039.24     50000   -6.19598   -7.45441   -7.48210   -7.47490   -6.91556
   3062.59     55000   -6.27135   -7.56084   -7.46385   -7.44859   -6.97416
   3085.95     60000   -6.35706   -7.41079   -7.26218   -7.23967   -6.98544
   3109.31     65000   -6.34373   -7.48000   -7.40006   -7.38078   -7.03354
   3132.66     70000   -6.39241   -7.73568   -7.83933   -7.85286   -7.11449
   3156.02     75000   -6.46857   -7.64098   -7.49072   -7.46958   -7.14497
   3179.37     80000   -6.50892   -7.57683   -7.44812   -7.42609   -7.16412
   3202.73     85000   -6.52003   -7.74930   -7.74564   -7.73391   -7.23517
   3226.08     90000   -6.59254   -7.91029   -7.84890   -7.83764   -7.30096
   3249.44     95000   -6.67467   -7.74895   -7.59711   -7.57467   -7.31365
   3272.80    100000   -6.67251   -7.78880   -7.69497   -7.67475   -7.35466
   3296.15      5000   -6.71227   -8.03902   -8.14425   -8.15534   -7.43617
   3319.52     10000   -6.78940   -7.99400   -7.85059   -7.83034   -7.47422
   3342.90     15000   -6.84304   -7.90211   -7.76656   -7.74429   -7.48934
   3366.28     20000   -6.84562   -8.04633   -8.01603   -8.00117   -7.55475
   3389.67     25000   -6.91283   -8.25213   -8.23821   -8.23302   -7.62665
   3413.05     30000   -6.99196   -8.09072   -7.93689   -7.91461   -7.64244
   3436.43     35000   -7.00108   -8.10121   -7.99562   -7.97470   -7.67655
   3459.79     40000   -7.03282   -8.33629   -8.41752   -8.42115   -7.75698
   3483.14     45000   -7.11075   -8.34865   -8.21722   -8.19831   -7.80307
   3506.50     50000   -7.18038   -8.23098   -8.08960   -8.06717   -7.81548
   3529.85     55000   -7.17259   -8.34625   -8.29381   -8.27677   -7.87451
   3553.20     60000   -7.23321   -8.58335   -8.62397   -8.62707   -7.95118
   3576.56     65000   -7.31140   -8.43601   -8.28178   -8.25981   -7.97163
   3599.91     70000   -7.33059   -8.41724   -8.30160   -8.28014   -7.99933
   3623.27     75000   -7.35515   -8.63075   -8.67807   -8.67430   -8.07714
   3646.62     80000   -7.43087   -8.70332   -8.59109   -8.57420   -8.13129
   3669.98     85000   -7.51797   -8.56346   -8.41720   -8.39470   -8.14251
   3693.33     90000   -7.50091   -8.64949   -8.57867   -8.56009   -8.19466
   3716.69     95000   -7.55346   -8.90263   -8.99036   -9.00157   -8.27453
   3740.04    100000   -7.63099   -8.78465   -8.63214   -8.61063   -8.30103
   3763.40      5000   -7.66270   -8.73687   -8.61258   -8.59072   -8.32303
   3786.76     10000   -7.67992   -8.92497   -8.93873   -8.92939   -8.39688
   3810.11     15000   -7.75300   -9.05557   -8.97230   -8.95854   -8.45865
   3833.47     20000   -7.83686   -8.89955   -8.74943   -8.72694   -8.47032
   3856.82     25000   -7.82947   -8.95624   -8.87008   -8.85037   -8.51539
   3880.18     30000   -7.87358   -9.21100   -9.31933   -9.33280   -8.59678
   3903.54     35000   -7.94975   -9.13625   -8.98840   -8.96760   -8.63041
MyID= 0: Time=  0.1,has convergenced
     1686050 iterations for the convertgence of psi
 MyID=           0 has finish
