 START-UP FOR CHUNK...
     23.50      5000   -0.62499   -2.03845   -2.16798   -2.16378   -1.29086
     46.91     10000   -0.82115   -2.12676   -2.09553   -2.16490   -1.52585
     70.32     15000   -0.85409   -2.22773   -1.98417   -2.02184   -1.60887
     93.73     20000   -0.79870   -2.49153   -1.82580   -1.82524   -1.57800
    117.15     25000   -0.68130   -2.06500   -1.63622   -1.63417   -1.45433
    140.57     30000   -0.56258   -1.76242   -1.48622   -1.48689   -1.30424
    163.98     35000   -0.46794   -1.61680   -1.48332   -1.47581   -1.19377
    187.40     40000   -0.46572   -1.79634   -1.80019   -1.81341   -1.21946
    210.82     45000   -0.57266   -1.91501   -1.83046   -1.83040   -1.31917
    234.24     50000   -0.72896   -1.82082   -1.69328   -1.67983   -1.40129
    257.67     55000   -0.84514   -2.01636   -1.92127   -1.88053   -1.53002
    281.09     60000   -0.92668   -2.30136   -2.41126   -2.43635   -1.64362
    304.52     65000   -0.98156   -2.16343   -1.99322   -1.97982   -1.65423
    327.93     70000   -0.98644   -2.00764   -1.87659   -1.85009   -1.61267
    351.34     75000   -0.93666   -2.09772   -2.06263   -2.02993   -1.62969
    374.76     80000   -0.97960   -2.30475   -2.40346   -2.38981   -1.70023
    398.18     85000   -1.08137   -2.18357   -2.06128   -2.03911   -1.74225
    421.61     90000   -1.14177   -2.22255   -2.10398   -2.08702   -1.79939
    445.02     95000   -1.18925   -2.46070   -2.52398   -2.49601   -1.89763
    468.43    100000   -1.26639   -2.52303   -2.42935   -2.42848   -1.95760
 ITERATION...
    491.85      5000   -1.31997   -2.37023   -2.22148   -2.20237   -1.94986
    515.26     10000   -1.29190   -2.41911   -2.34363   -2.31324   -1.97369
    538.67     15000   -1.32834   -2.67043   -2.80709   -2.80879   -2.05064
    562.08     20000   -1.41902   -2.58497   -2.46076   -2.43741   -2.09720
    585.50     25000   -1.48112   -2.54115   -2.41113   -2.38736   -2.12779
    608.91     30000   -1.50296   -2.72876   -2.70354   -2.67992   -2.20627
    632.32     35000   -1.57676   -2.88509   -2.88955   -2.87954   -2.28270
    655.73     40000   -1.64736   -2.72858   -2.58237   -2.56481   -2.29343
    679.14     45000   -1.64459   -2.74727   -2.64208   -2.61875   -2.31623
    702.55     50000   -1.67258   -2.97964   -3.08137   -3.06308   -2.39307
    725.96     55000   -1.75705   -2.97781   -2.87178   -2.85665   -2.44902
    749.37     60000   -1.84017   -2.87934   -2.74183   -2.71902   -2.46758
    772.78     65000   -1.83670   -3.01115   -2.94592   -2.91924   -2.52859
    796.19     70000   -1.89720   -3.24494   -3.34509   -3.33552   -2.61249
    819.60     75000   -1.97584   -3.09709   -2.95833   -2.93900   -2.63804
    843.01     80000   -1.99641   -3.07399   -2.95355   -2.93042   -2.65602
    866.42     85000   -2.01444   -3.27736   -3.30327   -3.28119   -2.72804
    889.83     90000   -2.09422   -3.36858   -3.30903   -3.29634   -2.79554
    913.24     95000   -2.18029   -3.23009   -3.08906   -3.06818   -2.81170
    936.65    100000   -2.17676   -3.30686   -3.21588   -3.19132   -2.85706
    960.08      5000   -2.22233   -3.56284   -3.70749   -3.69152   -2.94234
    983.49     10000   -2.30457   -3.47782   -3.35059   -3.33338   -2.98310
   1006.90     15000   -2.35181   -3.40758   -3.27695   -3.25406   -2.99635
   1030.31     20000   -2.35701   -3.56764   -3.53829   -3.51338   -3.05959
   1053.72     25000   -2.42604   -3.75203   -3.76911   -3.76157   -3.13697
   1077.13     30000   -2.50904   -3.59417   -3.45264   -3.43208   -3.15796
   1100.54     35000   -2.52019   -3.61794   -3.50827   -3.48440   -3.18985
   1123.95     40000   -2.55250   -3.85607   -3.94181   -3.91912   -3.27132
   1147.36     45000   -2.63488   -3.86562   -3.76528   -3.75017   -3.32725
   1170.77     50000   -2.71556   -3.75168   -3.61336   -3.59163   -3.33872
   1194.18     55000   -2.70051   -3.86273   -3.79530   -3.77035   -3.39061
   1217.59     60000   -2.75631   -4.10391   -4.21921   -4.21577   -3.47373
   1241.00     65000   -2.83834   -3.96961   -3.83210   -3.81309   -3.50500
   1264.41     70000   -2.86886   -3.94171   -3.81823   -3.79474   -3.52627
   1287.82     75000   -2.88840   -4.14128   -4.15437   -4.12901   -3.59979
   1311.23     80000   -2.96663   -4.25410   -4.20574   -4.19376   -3.66910
   1334.64     85000   -3.04896   -4.10643   -3.96420   -3.94322   -3.68326
   1358.05     90000   -3.04474   -4.16785   -4.07362   -4.04926   -3.72293
   1381.46     95000   -3.08605   -4.42039   -4.55741   -4.54429   -3.80668
   1404.87    100000   -3.16981   -4.35368   -4.23029   -4.21327   -3.85152
   1428.29      5000   -3.22540   -4.27670   -4.14325   -4.12067   -3.86598
   1451.70     10000   -3.22824   -4.42890   -4.38954   -4.36394   -3.92861
   1475.11     15000   -3.29527   -4.62815   -4.66785   -4.66071   -4.00765
   1498.52     20000   -3.37660   -4.47190   -4.33010   -4.31017   -4.02939
   1521.93     25000   -3.39028   -4.48325   -4.37054   -4.34670   -4.05758
   1545.34     30000   -3.41958   -4.71356   -4.78333   -4.76097   -4.13703
   1568.76     35000   -3.50210   -4.74365   -4.65094   -4.63641   -4.19618
   1592.17     40000   -3.58681   -4.62250   -4.48278   -4.46105   -4.20858
   1615.58     45000   -3.57169   -4.72487   -4.65011   -4.62509   -4.25877
   1638.99     50000   -3.62414   -4.97177   -5.10342   -5.09675   -4.34262
   1662.40     55000   -3.70574   -4.84791   -4.71275   -4.69423   -4.37610
   1685.81     60000   -3.74071   -4.80932   -4.68363   -4.66050   -4.39506
   1709.22     65000   -3.75638   -4.99904   -4.99995   -4.97491   -4.46616
   1732.63     70000   -3.83288   -5.13113   -5.09721   -5.08658   -4.53788
   1756.04     75000   -3.91478   -4.97932   -4.83681   -4.81599   -4.55351
   1779.46     80000   -3.91564   -5.03119   -4.93234   -4.90794   -4.59108
   1802.87     85000   -3.95369   -5.28193   -5.40911   -5.39214   -4.67448
   1826.28     90000   -4.03817   -5.23325   -5.11495   -5.09827   -4.72213
   1849.69     95000   -4.09898   -5.14636   -5.01162   -4.98925   -4.73551
   1873.10    100000   -4.09776   -5.28823   -5.24066   -5.21541   -4.79547
   1896.51      5000   -4.16252   -5.50057   -5.56098   -5.55518   -4.87592
   1919.92     10000   -4.24320   -5.34718   -5.20617   -5.18650   -4.89990
   1943.33     15000   -4.26168   -5.34851   -5.23273   -5.20900   -4.92612
   1966.74     20000   -4.28898   -5.57172   -5.62588   -5.60216   -5.00424
   1990.15     25000   -4.36922   -5.62354   -5.54042   -5.52648   -5.06615
   2013.56     30000   -4.45394   -5.49442   -5.35398   -5.33243   -5.07867
   2036.97     35000   -4.44201   -5.58627   -5.50604   -5.48120   -5.12614
   2060.38     40000   -4.49136   -5.83728   -5.97771   -5.97019   -5.21031
   2083.79     45000   -4.57319   -5.72555   -5.59274   -5.57453   -5.24662
   2107.20     50000   -4.61305   -5.67690   -5.54903   -5.52603   -5.26417
   2130.61     55000   -4.62575   -5.85721   -5.84651   -5.82120   -5.33321
   2154.02     60000   -4.69976   -6.00858   -5.99169   -5.98190   -5.40707
   2177.43     65000   -4.78114   -5.85351   -5.71096   -5.69037   -5.42398
   2200.85     70000   -4.78549   -5.89490   -5.79218   -5.76794   -5.45902
   2224.26     75000   -4.82146   -6.14190   -6.25605   -6.23737   -5.54169
   2247.67     80000   -4.90470   -6.11254   -5.99946   -5.98327   -5.59237
   2271.08     85000   -4.97309   -6.01627   -5.88005   -5.85782   -5.60518
   2294.50     90000   -4.96823   -6.14800   -6.09260   -6.06735   -5.66267
   2317.92     95000   -5.02904   -6.37213   -6.45398   -6.44861   -5.74431
   2341.34    100000   -5.11055   -6.22355   -6.08361   -6.06420   -5.77053
   2364.77      5000   -5.13323   -6.21452   -6.09593   -6.07237   -5.79469
   2388.19     10000   -5.15679   -6.42972   -6.46893   -6.44473   -5.87121
   2411.61     15000   -5.23684   -6.50284   -6.43023   -6.41705   -5.93584
   2435.02     20000   -5.32025   -6.36662   -6.22540   -6.20403   -5.94884
   2458.43     25000   -5.31177   -6.44815   -6.36258   -6.33783   -5.99371
   2481.84     30000   -5.35796   -6.70150   -6.84592   -6.83611   -6.07799
   2505.25     35000   -5.44137   -6.60388   -6.47399   -6.45613   -6.11716
   2528.66     40000   -5.48541   -6.54515   -6.41529   -6.39246   -6.13337
   2552.07     45000   -5.49568   -6.71575   -6.69439   -6.66905   -6.20019
   2575.48     50000   -5.56724   -6.88495   -6.88627   -6.87755   -6.27603
   2598.89     55000   -5.64817   -6.72799   -6.58550   -6.56513   -6.29449
   2622.30     60000   -5.65585   -6.75903   -6.65258   -6.62847   -6.32713
   2645.70     65000   -5.68926   -7.00120   -7.10053   -7.08004   -6.40888
   2669.11     70000   -5.77193   -6.99212   -6.88529   -6.86961   -6.46253
   2692.52     75000   -5.84763   -6.88675   -6.74924   -6.72718   -6.47497
   2715.93     80000   -5.83764   -7.00823   -6.94568   -6.92052   -6.52990
   2739.34     85000   -5.89615   -7.24211   -7.34379   -7.33873   -6.61252
   2762.74     90000   -5.97839   -7.10024   -6.96161   -6.94248   -6.64116
   2786.15     95000   -6.00390   -7.08092   -6.95967   -6.93626   -6.66340
   2809.56    100000   -6.02510   -7.28764   -7.31265   -7.28798   -6.73818
   2832.97      5000   -6.10453   -7.38191   -7.32139   -7.30900   -6.80540
   2856.37     10000   -6.18722   -7.23935   -7.09755   -7.07637   -6.81909
   2879.78     15000   -6.18118   -7.31052   -7.22005   -7.19543   -6.86138
   2903.19     20000   -6.22521   -7.56441   -7.70715   -7.69499   -6.94555
   2926.60     25000   -6.30848   -7.48248   -7.35599   -7.33852   -6.98764
   2950.01     30000   -6.35845   -7.41381   -7.28210   -7.25941   -7.00269
   2973.41     35000   -6.36499   -7.57453   -7.54332   -7.51795   -7.06721
   2996.82     40000   -6.43398   -7.76029   -7.78139   -7.77369   -7.14485
   3020.23     45000   -6.51586   -7.60297   -7.46079   -7.44066   -7.16504
   3043.64     50000   -6.52595   -7.62365   -7.51374   -7.48978   -7.19535
   3067.05     55000   -6.55723   -7.85997   -7.94361   -7.92177   -7.27600
   3090.45     60000   -6.63983   -7.87175   -7.77209   -7.75698   -7.33259
   3113.86     65000   -6.72224   -7.75767   -7.61899   -7.59710   -7.34486
   3137.27     70000   -6.70747   -7.86887   -7.79968   -7.77462   -7.39721
   3160.68     75000   -6.76308   -8.11055   -8.22965   -8.22428   -7.48058
   3184.09     80000   -6.84465   -7.97739   -7.84042   -7.82160   -7.51177
   3207.49     85000   -6.87524   -7.94780   -7.82410   -7.80082   -7.53224
   3230.90     90000   -6.89387   -8.14562   -8.15734   -8.13237   -7.60514
   3254.31     95000   -6.97209   -8.26049   -8.21359   -8.20205   -7.67482
   3277.72    100000   -7.05476   -8.11253   -7.97029   -7.94931   -7.68943
   3301.13      5000   -7.05126   -8.17334   -8.07830   -8.05381   -7.72915
   3324.53     10000   -7.09233   -8.42616   -8.56232   -8.54767   -7.81299
   3347.94     15000   -7.17607   -8.36142   -8.23894   -8.22189   -7.85805
   3371.35     20000   -7.23220   -8.28294   -8.14953   -8.12700   -7.87214
   3394.76     25000   -7.23419   -8.43365   -8.39338   -8.36803   -7.93427
   3418.17     30000   -7.30092   -8.63439   -8.67634   -8.66963   -8.01350
   3441.57     35000   -7.38231   -8.47840   -8.33675   -8.31686   -8.03562
   3464.98     40000   -7.39671   -8.48872   -8.37559   -8.35177   -8.06370
   3488.39     45000   -7.42586   -8.71834   -8.78612   -8.76322   -8.14307
   3511.80     50000   -7.50807   -8.75139   -8.65999   -8.64550   -8.20254
   3535.20     55000   -7.59280   -8.62905   -8.48935   -8.46764   -8.21485
   3558.61     60000   -7.57796   -8.72994   -8.65464   -8.62968   -8.26460
   3582.02     65000   -7.62991   -8.97746   -9.11013   -9.10381   -8.34850
   3605.43     70000   -7.71158   -8.85494   -8.72002   -8.70151   -8.38237
   3628.84     75000   -7.74725   -8.81513   -8.68914   -8.66601   -8.40121
   3652.24     80000   -7.76258   -9.00372   -9.00307   -8.97790   -8.47209
   3675.65     85000   -7.83875   -9.13847   -9.10682   -9.09621   -8.54408
   3699.06     90000   -7.92053   -8.98618   -8.84368   -8.82290   -8.55983
   3722.47     95000   -7.92181   -9.03662   -8.93734   -8.91298   -8.59703
   3745.88    100000   -7.95957   -9.28691   -9.41255   -9.39559   -8.68033
MyID= 0: Time=  0.1,has convergenced
     1686339 iterations for the convertgence of psi
 MyID=           0 has finish
