 START-UP FOR CHUNK...
     23.50      5000   -0.54098   -1.99427   -1.83582   -1.74629   -1.27851
     46.89     10000   -0.62874   -2.18349   -1.68941   -1.76370   -1.43582
     70.29     15000   -0.57418   -2.23663   -1.58818   -1.64305   -1.40828
     93.71     20000   -0.48370   -2.00066   -1.50252   -1.49264   -1.32227
    117.11     25000   -0.42582   -1.63344   -1.46529   -1.45248   -1.23420
    140.50     30000   -0.40211   -1.74355   -1.66362   -1.64768   -1.21679
    163.91     35000   -0.47180   -1.95688   -1.81793   -1.94686   -1.35663
    187.29     40000   -0.68574   -1.90862   -1.80861   -1.79440   -1.46440
    210.71     45000   -0.89605   -1.97989   -1.83858   -1.86302   -1.56687
    234.12     50000   -0.95405   -2.29375   -2.18954   -2.16873   -1.69168
    257.51     55000   -1.03156   -2.41724   -2.35854   -2.36738   -1.81191
    280.91     60000   -1.13308   -2.32987   -2.10506   -2.12829   -1.83818
    304.32     65000   -1.17880   -2.20828   -2.07983   -2.05566   -1.82231
    327.75     70000   -1.15045   -2.36417   -2.29332   -2.24580   -1.86061
    351.17     75000   -1.20637   -2.63653   -2.63952   -2.54237   -1.96012
    374.60     80000   -1.34024   -2.45347   -2.37254   -2.32660   -2.02350
    398.00     85000   -1.45168   -2.43622   -2.32869   -2.31804   -2.05923
    421.42     90000   -1.45113   -2.67123   -2.57608   -2.56440   -2.13273
    444.84     95000   -1.52133   -2.89048   -2.97064   -2.87831   -2.24110
    468.26    100000   -1.64104   -2.73972   -2.59562   -2.60643   -2.29892
 ITERATION...
    491.69      5000   -1.69176   -2.69770   -2.55668   -2.54993   -2.30704
    515.09     10000   -1.67398   -2.87500   -2.78939   -2.74027   -2.35545
    538.49     15000   -1.73650   -3.17328   -3.21322   -3.11029   -2.45460
    561.88     20000   -1.86457   -2.97091   -2.85449   -2.82955   -2.52107
    585.29     25000   -1.92529   -2.93058   -2.81285   -2.79053   -2.54581
    608.71     30000   -1.93243   -3.13390   -3.04526   -3.01593   -2.60658
    632.14     35000   -1.99744   -3.40426   -3.47804   -3.36592   -2.70861
    655.56     40000   -2.12276   -3.20237   -3.08335   -3.07669   -2.77231
    678.96     45000   -2.16332   -3.17424   -3.03918   -3.03388   -2.78857
    702.35     50000   -2.16477   -3.36791   -3.27275   -3.23655   -2.84162
    725.74     55000   -2.22886   -3.65447   -3.70846   -3.60529   -2.94081
    749.13     60000   -2.35527   -3.45447   -3.32771   -3.31732   -3.00661
    772.53     65000   -2.40105   -3.41875   -3.29168   -3.27274   -3.02805
    795.92     70000   -2.41079   -3.61605   -3.52918   -3.48946   -3.08583
    819.32     75000   -2.47620   -3.90853   -3.95383   -3.84798   -3.18629
    842.72     80000   -2.60188   -3.68488   -3.56483   -3.55099   -3.25059
    866.12     85000   -2.64007   -3.65323   -3.52418   -3.51345   -3.26938
    889.51     90000   -2.64798   -3.85311   -3.75917   -3.72651   -3.32482
    912.92     95000   -2.71336   -4.13544   -4.19086   -4.08544   -3.42418
    936.30    100000   -2.83965   -3.92953   -3.80433   -3.79677   -3.48880
    959.70      5000   -2.87929   -3.90028   -3.77045   -3.75635   -3.50922
    983.12     10000   -2.88997   -4.09984   -4.01327   -3.97260   -3.56661
   1006.53     15000   -2.95644   -4.39327   -4.42507   -4.32814   -3.66675
   1029.92     20000   -3.08278   -4.16863   -4.04229   -4.02948   -3.73057
   1053.32     25000   -3.11863   -4.13590   -4.00807   -3.99375   -3.75014
   1076.71     30000   -3.12959   -4.33731   -4.24798   -4.21250   -3.80702
   1100.10     35000   -3.19610   -4.62184   -4.66823   -4.56392   -3.90659
   1123.48     40000   -3.32252   -4.40679   -4.28290   -4.27331   -3.97005
   1146.88     45000   -3.35829   -4.38005   -4.25118   -4.23856   -3.99017
   1170.27     50000   -3.37043   -4.58298   -4.49766   -4.45879   -4.04798
   1193.68     55000   -3.43780   -4.86913   -4.89819   -4.80602   -4.14806
   1217.13     60000   -3.56457   -4.64867   -4.51908   -4.50872   -4.21109
   1240.57     65000   -3.59771   -4.61903   -4.49041   -4.47555   -4.23094
   1263.98     70000   -3.61085   -4.82216   -4.73659   -4.69792   -4.28885
   1287.38     75000   -3.67842   -5.10643   -5.14251   -5.04274   -4.38864
   1310.78     80000   -3.80490   -4.88646   -4.76126   -4.75015   -4.45103
   1334.18     85000   -3.83754   -4.86072   -4.73316   -4.71982   -4.47107
   1357.58     90000   -3.85145   -5.06654   -4.98342   -4.94502   -4.52959
   1380.97     95000   -3.91966   -5.34550   -5.37289   -5.28290   -4.62970
   1404.37    100000   -4.04635   -5.12671   -4.99666   -4.98727   -4.69178
   1427.76      5000   -4.07702   -5.10129   -4.97223   -4.95791   -4.71177
   1451.15     10000   -4.09203   -5.30733   -5.22422   -5.18401   -4.77057
   1474.53     15000   -4.16062   -5.58687   -5.61563   -5.52115   -4.87054
   1497.95     20000   -4.28671   -5.36621   -5.23899   -5.22786   -4.93192
   1521.36     25000   -4.31690   -5.34241   -5.21534   -5.20109   -4.95198
   1544.76     30000   -4.33267   -5.55097   -5.47023   -5.43083   -5.01130
   1568.15     35000   -4.40175   -5.82410   -5.84758   -5.75976   -5.11148
   1591.55     40000   -4.52809   -5.60469   -5.47486   -5.46530   -5.17254
   1614.94     45000   -4.55645   -5.58300   -5.45422   -5.44014   -5.19263
   1638.34     50000   -4.57327   -5.79255   -5.71137   -5.67054   -5.25229
   1661.74     55000   -4.64282   -6.06504   -6.08872   -5.99872   -5.35238
   1685.13     60000   -4.76858   -5.84507   -5.71656   -5.70596   -5.41277
   1708.53     65000   -4.79634   -5.82440   -5.69737   -5.68271   -5.43288
   1731.93     70000   -4.81395   -6.03605   -5.95738   -5.91661   -5.49304
   1755.33     75000   -4.88396   -6.30338   -6.32160   -6.23674   -5.59330
   1778.74     80000   -5.00991   -6.08309   -5.95321   -5.94333   -5.65333
   1802.15     85000   -5.03595   -6.06468   -5.93645   -5.92219   -5.67351
   1825.54     90000   -5.05460   -6.27786   -6.19856   -6.15713   -5.73403
   1848.93     95000   -5.12493   -6.54292   -6.56189   -6.47564   -5.83421
   1872.32    100000   -5.25051   -6.32333   -6.19430   -6.18406   -5.89359
   1895.71      5000   -5.27585   -6.30630   -6.17931   -6.16458   -5.91380
   1919.12     10000   -5.29529   -6.52141   -6.44452   -6.40260   -5.97480
   1942.51     15000   -5.36599   -6.78220   -6.79508   -6.71357   -6.07513
   1965.90     20000   -5.49180   -6.56165   -6.43150   -6.42154   -6.13412
   1989.28     25000   -5.51553   -6.54650   -6.41879   -6.40420   -6.15440
   2012.71     30000   -5.53599   -6.76331   -6.68594   -6.64364   -6.21578
   2036.13     35000   -5.60699   -7.02114   -7.03492   -6.95220   -6.31603
   2059.49     40000   -5.73249   -6.80151   -6.67225   -6.66214   -6.37439
   2082.85     45000   -5.75544   -6.78808   -6.66132   -6.64652   -6.39472
   2106.22     50000   -5.77670   -7.00685   -6.93165   -6.88880   -6.45657
   2129.58     55000   -5.84807   -7.26048   -7.26827   -7.19010   -6.55694
   2152.94     60000   -5.97376   -7.04017   -6.90978   -6.89988   -6.61490
   2176.30     65000   -5.99516   -7.02842   -6.90113   -6.88629   -6.63531
   2199.65     70000   -6.01744   -7.24887   -7.17345   -7.13015   -6.69755
   2223.03     75000   -6.08895   -7.49945   -7.50769   -7.42854   -6.79784
   2246.41     80000   -6.21453   -7.27982   -7.15035   -7.14026   -6.85519
   2269.80     85000   -6.23508   -7.26988   -7.14344   -7.12849   -6.87565
   2293.20     90000   -6.25817   -7.49234   -7.41888   -7.37513   -6.93835
   2316.60     95000   -6.32992   -7.73848   -7.74130   -7.66630   -7.03875
   2339.99    100000   -6.45579   -7.51865   -7.38809   -7.37828   -7.09567
   2363.38      5000   -6.47485   -7.51038   -7.38347   -7.36844   -7.11622
   2386.79     10000   -6.49894   -7.73450   -7.66104   -7.61672   -7.17932
   2410.18     15000   -6.57082   -7.97758   -7.98026   -7.90466   -7.27965
   2433.58     20000   -6.69662   -7.75827   -7.62852   -7.61847   -7.33597
   2456.97     25000   -6.71480   -7.75176   -7.62565   -7.61051   -7.35659
   2480.35     30000   -6.73971   -7.97790   -7.90625   -7.86154   -7.42015
   2503.74     35000   -6.81181   -8.21636   -8.21418   -8.14227   -7.52055
   2527.13     40000   -6.93788   -7.99716   -7.86648   -7.85671   -7.57644
   2550.52     45000   -6.95461   -7.99238   -7.86585   -7.85065   -7.59715
   2573.89     50000   -6.98051   -8.22019   -8.14869   -8.10337   -7.66111
   2597.25     55000   -7.05274   -8.45546   -8.45270   -8.38056   -7.76144
   2620.63     60000   -7.17878   -8.23680   -8.10677   -8.09678   -7.81674
   2644.02     65000   -7.19449   -8.23373   -8.10792   -8.09259   -7.83754
   2667.40     70000   -7.22120   -8.46353   -8.39376   -8.34802   -7.90195
   2690.77     75000   -7.29376   -8.69414   -8.68693   -8.61804   -8.00233
   2714.13     80000   -7.42004   -8.47575   -8.34494   -8.33519   -8.05719
   2737.52     85000   -7.43421   -8.47443   -8.34827   -8.33290   -8.07809
   2760.91     90000   -7.46183   -8.70593   -8.63644   -8.59009   -8.14291
   2784.27     95000   -7.53472   -8.93313   -8.92507   -8.85624   -8.24321
   2807.63    100000   -7.66074   -8.71539   -8.58509   -8.57517   -8.29750
   2831.02      5000   -7.67408   -8.71577   -8.59026   -8.57474   -8.31850
   2854.38     10000   -7.70245   -8.94923   -8.88141   -8.83460   -8.38376
   2877.75     15000   -7.77577   -9.17178   -9.15956   -9.09364   -8.48410
   2901.13     20000   -7.90170   -8.95442   -8.82346   -8.81372   -8.53794
   2924.50     25000   -7.91385   -8.95654   -8.83075   -8.81519   -8.55905
   2947.87     30000   -7.94311   -9.19172   -9.12429   -9.07688   -8.62472
MyID= 0: Time=  0.1,has convergenced
     1682140 iterations for the convertgence of psi
 MyID=           0 has finish
