 START-UP FOR CHUNK...
     23.41      5000   -0.56587   -2.01203   -1.92142   -1.84054   -1.28363
     46.75     10000   -0.68272   -2.16551   -1.78185   -1.85095   -1.46719
     70.08     15000   -0.64405   -2.28210   -1.67216   -1.72049   -1.46174
     93.42     20000   -0.54911   -2.12258   -1.55070   -1.55095   -1.37297
    116.76     25000   -0.46301   -1.70039   -1.46872   -1.45147   -1.26693
    140.10     30000   -0.41335   -1.62995   -1.54263   -1.53529   -1.19915
    163.44     35000   -0.44098   -1.94320   -1.84835   -1.94361   -1.29595
    186.77     40000   -0.61134   -1.90843   -1.83263   -1.82004   -1.40950
    210.12     45000   -0.80138   -1.90076   -1.77025   -1.78923   -1.49613
    233.45     50000   -0.90259   -2.14294   -2.04862   -2.01237   -1.61791
    256.79     55000   -0.98820   -2.37603   -2.43996   -2.42831   -1.74383
    280.13     60000   -1.07719   -2.30935   -2.09742   -2.10917   -1.77992
    303.46     65000   -1.11036   -2.13526   -2.00861   -1.97955   -1.75251
    326.79     70000   -1.07910   -2.23651   -2.17271   -2.12577   -1.77364
    350.12     75000   -1.12282   -2.49942   -2.60568   -2.50813   -1.85943
    373.46     80000   -1.24004   -2.35996   -2.29515   -2.25525   -1.91964
    396.79     85000   -1.34178   -2.34597   -2.23034   -2.22086   -1.95465
    420.13     90000   -1.35428   -2.56151   -2.49061   -2.46571   -2.03154
    443.46     95000   -1.42396   -2.75278   -2.86559   -2.81449   -2.13332
    466.79    100000   -1.52111   -2.61001   -2.46885   -2.47412   -2.17247
 ITERATION...
    490.13      5000   -1.53928   -2.57705   -2.44945   -2.42985   -2.17571
    513.46     10000   -1.54516   -2.77705   -2.73595   -2.67188   -2.23165
    536.80     15000   -1.61274   -2.96580   -3.00212   -2.95339   -2.32335
    560.13     20000   -1.72269   -2.78120   -2.66915   -2.64503   -2.36616
    583.47     25000   -1.74638   -2.81288   -2.69737   -2.67292   -2.39619
    606.80     30000   -1.78405   -3.07676   -3.06144   -3.00957   -2.47592
    630.14     35000   -1.86805   -3.13729   -3.12501   -3.09590   -2.56506
    653.47     40000   -1.96074   -2.98430   -2.85783   -2.85040   -2.59037
    676.81     45000   -1.95159   -3.04497   -2.92832   -2.90769   -2.61357
    700.14     50000   -1.98873   -3.32078   -3.36282   -3.27826   -2.69258
    723.47     55000   -2.08484   -3.31910   -3.25544   -3.24282   -2.77454
    746.81     60000   -2.18045   -3.19325   -3.06707   -3.05024   -2.79918
    770.15     65000   -2.17013   -3.29736   -3.19345   -3.16156   -2.83855
    793.48     70000   -2.21869   -3.60536   -3.70496   -3.60397   -2.92840
    816.82     75000   -2.32355   -3.49585   -3.40765   -3.39059   -2.99986
    840.15     80000   -2.40676   -3.40153   -3.27721   -3.26145   -3.01595
    863.49     85000   -2.38550   -3.54200   -3.44790   -3.41813   -3.05983
    886.82     90000   -2.43941   -3.82758   -3.97318   -3.86479   -3.15152
    910.15     95000   -2.54695   -3.67268   -3.56931   -3.55926   -3.21291
    933.49    100000   -2.60421   -3.62432   -3.49888   -3.48200   -3.23055
    956.82      5000   -2.60775   -3.80592   -3.73164   -3.69100   -3.28700
    980.15     10000   -2.66992   -4.05701   -4.14987   -4.07786   -3.38140
   1003.49     15000   -2.77658   -3.86336   -3.74634   -3.73343   -3.43025
   1026.82     20000   -2.80451   -3.84790   -3.72690   -3.70613   -3.44777
   1050.15     25000   -2.82462   -4.06749   -4.01769   -3.97065   -3.51248
   1073.49     30000   -2.89768   -4.23948   -4.27029   -4.22499   -3.60484
   1096.82     35000   -3.00238   -4.05388   -3.93363   -3.92115   -3.64331
   1120.15     40000   -3.01205   -4.08170   -3.96386   -3.94268   -3.66635
   1143.49     45000   -3.04493   -4.33836   -4.32919   -4.26834   -3.74113
   1166.82     50000   -3.13097   -4.41821   -4.38388   -4.36181   -3.82916
   1190.15     55000   -3.22798   -4.25605   -4.12961   -4.11631   -3.85769
   1213.49     60000   -3.22280   -4.32028   -4.20894   -4.18319   -3.88662
   1236.82     65000   -3.26440   -4.60744   -4.65214   -4.57124   -3.96898
   1260.16     70000   -3.36152   -4.59032   -4.51996   -4.50277   -4.04946
   1283.49     75000   -3.45338   -4.46224   -4.33590   -4.32073   -4.07131
   1306.83     80000   -3.43873   -4.56690   -4.46432   -4.43595   -4.10895
   1330.16     85000   -3.48677   -4.86742   -4.97848   -4.87681   -4.19780
   1353.49     90000   -3.59320   -4.76405   -4.66921   -4.65674   -4.26853
   1376.82     95000   -3.67793   -4.67607   -4.54862   -4.53268   -4.28608
   1400.16    100000   -3.65740   -4.81969   -4.72950   -4.69576   -4.33280
   1423.49      5000   -3.71309   -5.10798   -5.24696   -5.14280   -4.42549
   1446.82     10000   -3.82060   -4.94507   -4.83542   -4.82342   -4.48499
   1470.15     15000   -3.87287   -4.89634   -4.77093   -4.75264   -4.50172
   1493.48     20000   -3.87814   -5.08019   -5.00855   -4.96838   -4.55846
   1516.82     25000   -3.94084   -5.32051   -5.41083   -5.34060   -4.65242
   1540.15     30000   -4.04827   -5.13122   -5.01269   -5.00070   -4.70026
   1563.48     35000   -4.07409   -5.12270   -4.99985   -4.97991   -4.71892
   1586.81     40000   -4.09656   -5.34591   -5.30112   -5.25164   -4.78533
   1610.14     45000   -4.17124   -5.50846   -5.52649   -5.48751   -4.87740
   1633.48     50000   -4.27467   -5.32541   -5.20139   -5.18887   -4.91433
   1656.81     55000   -4.28221   -5.35622   -5.23806   -5.21545   -4.93772
   1680.15     60000   -4.31562   -5.61645   -5.61240   -5.54879   -5.01329
   1703.48     65000   -4.40346   -5.68397   -5.64475   -5.62221   -5.10044
   1726.81     70000   -4.49967   -5.52593   -5.39901   -5.38531   -5.12817
   1750.15     75000   -4.49356   -5.59593   -5.48426   -5.45872   -5.15834
   1773.48     80000   -4.53586   -5.88504   -5.93832   -5.85461   -5.24171
   1796.82     85000   -4.63463   -5.85575   -5.78110   -5.76551   -5.32107
   1820.15     90000   -4.72535   -5.73357   -5.60567   -5.59080   -5.34213
   1843.49     95000   -4.70981   -5.84299   -5.74074   -5.71143   -5.38075
   1866.82    100000   -4.75890   -6.14380   -6.26122   -6.15626   -5.47016
   1890.15      5000   -4.86557   -6.03093   -5.93338   -5.92081   -5.53953
   1913.49     10000   -4.94621   -5.94769   -5.82012   -5.80364   -5.55689
   1936.82     15000   -4.92864   -6.09673   -6.00776   -5.97339   -5.60494
   1960.16     20000   -4.98519   -6.38057   -6.51719   -6.41560   -5.69796
   1983.49     25000   -5.09329   -6.21172   -6.10072   -6.08884   -5.75597
   2006.82     30000   -5.14156   -6.16850   -6.04283   -6.02460   -5.77275
   2030.16     35000   -5.14892   -6.35756   -6.28804   -6.24692   -5.83069
   2053.49     40000   -5.21328   -6.58928   -6.67040   -6.60475   -5.92456
   2076.82     45000   -5.32080   -6.39929   -6.27966   -6.26772   -5.97096
   2100.15     50000   -5.34383   -6.39579   -6.27323   -6.25288   -5.99012
   2123.49     55000   -5.36766   -6.62416   -6.58323   -6.53216   -6.05776
   2146.82     60000   -5.44428   -6.77523   -6.78435   -6.74809   -6.14938
   2170.15     65000   -5.54666   -6.59399   -6.46949   -6.45676   -6.18502
   2193.48     70000   -5.55266   -6.62982   -6.51219   -6.48932   -6.20914
   2216.82     75000   -5.58680   -6.89442   -6.89619   -6.83053   -6.28577
   2240.15     80000   -5.67610   -6.94928   -6.90478   -6.88345   -6.37207
   2263.48     85000   -5.77168   -6.79551   -6.66832   -6.65456   -6.39881
   2286.82     90000   -5.76430   -6.87053   -6.75977   -6.73382   -6.42999
   2310.15     95000   -5.80723   -7.16244   -7.22386   -7.13719   -6.51424
   2333.48    100000   -5.90764   -7.12149   -7.04305   -7.02806   -6.59244
   2356.82      5000   -5.99743   -7.00393   -6.87594   -6.86084   -6.61287
   2380.15     10000   -5.98113   -7.11830   -7.01741   -6.98753   -6.65263
   2403.48     15000   -6.03131   -7.41888   -7.54241   -7.43577   -6.74263
   2426.81     20000   -6.13809   -7.29709   -7.19753   -7.18507   -6.81061
   2450.14     25000   -6.21402   -7.21890   -7.09148   -7.07482   -6.82773
   2473.47     30000   -6.19989   -7.37299   -7.28605   -7.25099   -6.87702
   2496.81     35000   -6.25732   -7.65215   -7.78510   -7.68711   -6.97032
   2520.13     40000   -6.36602   -7.47875   -7.36631   -7.35451   -7.02685
   2543.47     45000   -6.41025   -7.44052   -7.31511   -7.29662   -7.04378
   2566.80     50000   -6.41990   -7.63457   -7.56802   -7.52581   -7.10296
   2590.13     55000   -6.48593   -7.85757   -7.92928   -7.86812   -7.19671
   2613.46     60000   -6.59270   -7.66721   -7.54680   -7.53476   -7.24169
   2636.79     65000   -6.61370   -7.66866   -7.54661   -7.52597   -7.26134
   2660.12     70000   -6.63884   -7.90184   -7.86540   -7.81283   -7.33017
   2683.45     75000   -6.71742   -8.04127   -8.04238   -8.00873   -7.42128
   2706.79     80000   -6.81876   -7.86274   -7.73774   -7.72492   -7.45569
   2730.12     85000   -6.82316   -7.90351   -7.78657   -7.76335   -7.48060
   2753.45     90000   -6.85814   -8.17217   -8.18049   -8.11252   -7.55826
   2776.78     95000   -6.94891   -8.21470   -8.16500   -8.14479   -7.64369
   2800.11    100000   -7.04384   -8.06517   -7.93777   -7.92385   -7.66948
   2823.44      5000   -7.03517   -8.14512   -8.03541   -8.00901   -7.70166
   2846.78     10000   -7.07872   -8.43938   -8.50922   -8.41962   -7.78676
   2870.11     15000   -7.18077   -8.38707   -8.30536   -8.29085   -7.86378
   2893.44     20000   -7.26965   -8.27439   -8.14636   -8.13109   -7.88361
   2916.77     25000   -7.25259   -8.39373   -8.29430   -8.26385   -7.92454
   2940.10     30000   -7.30349   -8.69344   -8.82247   -8.71462   -8.01509
   2963.43     35000   -7.41076   -8.56336   -8.46183   -8.44953   -8.08167
   2986.77     40000   -7.48200   -8.49021   -8.36296   -8.34609   -8.09860
   3010.10     45000   -7.47128   -8.64933   -8.56453   -8.52870   -8.14913
   3033.43     50000   -7.52959   -8.92329   -9.05138   -8.95738   -8.24265
   3056.77     55000   -7.63809   -8.74583   -8.63215   -8.62036   -8.29771
   3080.10     60000   -7.67910   -8.71263   -8.58754   -8.56880   -8.31483
   3103.43     65000   -7.69100   -8.91169   -8.84827   -8.80497   -8.37524
   3126.76     70000   -7.75873   -9.12540   -9.18767   -9.13085   -8.46884
   3150.09     75000   -7.86474   -8.93519   -8.81406   -8.80194   -8.51241
   3173.43     80000   -7.88342   -8.94161   -8.82011   -8.79917   -8.53259
   3196.75     85000   -7.91016   -9.17956   -9.14784   -9.09365   -8.60259
   3220.09     90000   -7.99028   -9.30718   -9.30067   -9.26937   -8.69315
MyID= 0: Time=  0.1,has convergenced
     1684620 iterations for the convertgence of psi
 MyID=           0 has finish
