 START-UP FOR CHUNK...
     23.40      5000   -0.57387   -2.01865   -1.95128   -1.88073   -1.28335
     46.72     10000   -0.70216   -2.16477   -1.81758   -1.88862   -1.47697
     70.04     15000   -0.67348   -2.27337   -1.71038   -1.75283   -1.48322
     93.36     20000   -0.57853   -2.18189   -1.57885   -1.57770   -1.39664
    116.68     25000   -0.48424   -1.73950   -1.47539   -1.45939   -1.28411
    140.01     30000   -0.42634   -1.59988   -1.50018   -1.50072   -1.19966
    163.32     35000   -0.43353   -1.90028   -1.83590   -1.86142   -1.26616
    186.65     40000   -0.58006   -1.91626   -1.85046   -1.86797   -1.38421
    209.97     45000   -0.75747   -1.88140   -1.74930   -1.76106   -1.46417
    233.29     50000   -0.87987   -2.08556   -1.98469   -1.93685   -1.58385
    256.62     55000   -0.96888   -2.35519   -2.46911   -2.41270   -1.71195
    279.96     60000   -1.05359   -2.30862   -2.12022   -2.11802   -1.75825
    303.28     65000   -1.08607   -2.11404   -1.98560   -1.95657   -1.72941
    326.61     70000   -1.05445   -2.18330   -2.10996   -2.07406   -1.74067
    349.94     75000   -1.08858   -2.43002   -2.57074   -2.47735   -1.81933
    373.26     80000   -1.19768   -2.33647   -2.28086   -2.25013   -1.88172
    396.58     85000   -1.30584   -2.31555   -2.19152   -2.18389   -1.91627
    419.90     90000   -1.31615   -2.51117   -2.43772   -2.40455   -1.99185
    443.23     95000   -1.38304   -2.72976   -2.85860   -2.81146   -2.09218
    466.56    100000   -1.47348   -2.58068   -2.44120   -2.43906   -2.12985
 ITERATION...
    489.88      5000   -1.49529   -2.53342   -2.41044   -2.38448   -2.13171
    513.21     10000   -1.49753   -2.72876   -2.68691   -2.62942   -2.18641
    536.53     15000   -1.56475   -2.90313   -2.95931   -2.90713   -2.27470
    559.87     20000   -1.66988   -2.72637   -2.61916   -2.59649   -2.31435
    583.20     25000   -1.69419   -2.76935   -2.65261   -2.63213   -2.34682
    606.51     30000   -1.73070   -3.03238   -3.04030   -2.98672   -2.42910
    629.83     35000   -1.81821   -3.07063   -3.03888   -3.02459   -2.51214
    653.16     40000   -1.90196   -2.92876   -2.79975   -2.79004   -2.53112
    676.48     45000   -1.89129   -2.99997   -2.89376   -2.86594   -2.55850
    699.80     50000   -1.92973   -3.28497   -3.36999   -3.28117   -2.64092
    723.13     55000   -2.02985   -3.23223   -3.15288   -3.13736   -2.71321
    746.46     60000   -2.12004   -3.12718   -3.00517   -2.98420   -2.73363
    769.79     65000   -2.10757   -3.26003   -3.16986   -3.13740   -2.78172
    793.11     70000   -2.16068   -3.54689   -3.69383   -3.60295   -2.87380
    816.43     75000   -2.26255   -3.39248   -3.29045   -3.27683   -2.93008
    839.76     80000   -2.31522   -3.33813   -3.21499   -3.19756   -2.94403
    863.09     85000   -2.31541   -3.51426   -3.44941   -3.41158   -2.99964
    886.43     90000   -2.37880   -3.74257   -3.84007   -3.78576   -3.09082
    909.77     95000   -2.48051   -3.56649   -3.44850   -3.43587   -3.13407
    933.11    100000   -2.50751   -3.56454   -3.44592   -3.42274   -3.15521
    956.45      5000   -2.53195   -3.79396   -3.77061   -3.71872   -3.22616
    979.80     10000   -2.61106   -3.92338   -3.91926   -3.89301   -3.31365
   1003.14     15000   -2.70518   -3.75016   -3.62637   -3.61064   -3.34245
   1026.47     20000   -2.70684   -3.79697   -3.68579   -3.66082   -3.36919
   1049.80     25000   -2.74298   -4.06482   -4.10712   -4.03973   -3.44921
   1073.11     30000   -2.83681   -4.07272   -4.01411   -3.99850   -3.52736
   1096.43     35000   -2.92602   -3.94552   -3.81832   -3.80262   -3.54819
   1119.74     40000   -2.91658   -4.04533   -3.94551   -3.91601   -3.58705
   1143.05     45000   -2.96344   -4.33339   -4.46201   -4.37032   -3.67559
   1166.37     50000   -3.06467   -4.23373   -4.13731   -4.12476   -3.74054
   1189.68     55000   -3.14115   -4.15202   -4.02533   -4.00647   -3.75644
   1213.00     60000   -3.12824   -4.30201   -4.22128   -4.18565   -3.80693
   1236.33     65000   -3.18486   -4.56408   -4.70455   -4.62509   -3.89857
   1259.66     70000   -3.28694   -4.39768   -4.28595   -4.27271   -3.94882
   1282.98     75000   -3.32725   -4.36941   -4.24576   -4.22540   -3.96636
   1306.30     80000   -3.34130   -4.57128   -4.52161   -4.47781   -4.03005
   1329.62     85000   -3.41223   -4.75311   -4.80211   -4.76436   -4.12035
   1352.94     90000   -3.51016   -4.57571   -4.45333   -4.43976   -4.15617
   1376.26     95000   -3.52394   -4.59784   -4.48006   -4.45644   -4.17911
   1399.58    100000   -3.55356   -4.84679   -4.84889   -4.79004   -4.25430
   1422.90      5000   -3.64033   -4.91544   -4.88384   -4.86396   -4.33781
   1446.23     10000   -3.73196   -4.76419   -4.63834   -4.62274   -4.36242
   1469.55     15000   -3.72850   -4.83771   -4.72975   -4.70278   -4.39493
   1492.86     20000   -3.76923   -5.12005   -5.20236   -5.12211   -4.47968
   1516.18     25000   -3.86834   -5.07008   -4.99193   -4.97817   -4.55192
   1539.50     30000   -3.95474   -4.96443   -4.83737   -4.82035   -4.56958
   1562.82     35000   -3.93901   -5.08883   -4.99604   -4.96418   -4.61367
   1586.13     40000   -3.99029   -5.37105   -5.52152   -5.42836   -4.70418
   1609.45     45000   -4.09285   -5.23152   -5.12796   -5.11523   -4.76222
   1632.77     50000   -4.15073   -5.17598   -5.05091   -5.03150   -4.77834
   1656.10     55000   -4.15195   -5.35169   -5.28334   -5.24445   -4.83526
   1679.43     60000   -4.21496   -5.58167   -5.68311   -5.62501   -4.92699
   1702.75     65000   -4.31587   -5.40269   -5.28578   -5.27244   -4.97013
   1726.06     70000   -4.34254   -5.39844   -5.27773   -5.25592   -4.98961
   1749.39     75000   -4.36472   -5.62381   -5.59540   -5.54561   -5.05892
   1772.71     80000   -4.44300   -5.75440   -5.76115   -5.73412   -5.14662
   1796.04     85000   -4.53867   -5.58573   -5.46194   -5.44741   -5.17664
   1819.37     90000   -4.54212   -5.63238   -5.51926   -5.49423   -5.20377
   1842.70     95000   -4.57845   -5.90009   -5.93723   -5.86937   -5.28391
   1866.03    100000   -4.67133   -5.91107   -5.85396   -5.83801   -5.36259
   1889.35      5000   -4.76030   -5.78012   -5.65365   -5.63740   -5.38324
   1912.67     10000   -4.75069   -5.87759   -5.77641   -5.74730   -5.42100
   1935.99     15000   -4.79682   -6.16546   -6.28879   -6.19820   -5.50899
   1959.31     20000   -4.89831   -6.06813   -5.97619   -5.96316   -5.57473
   1982.62     25000   -4.97728   -5.98587   -5.85972   -5.84157   -5.59102
   2005.94     30000   -4.96276   -6.13451   -6.05224   -6.01743   -5.64115
   2029.25     35000   -5.01901   -6.39884   -6.54161   -6.46113   -5.73289
   2052.56     40000   -5.12108   -6.23392   -6.12300   -6.11012   -5.78380
   2075.89     45000   -5.16272   -6.20268   -6.07944   -6.05894   -5.80091
   2099.22     50000   -5.17579   -6.40221   -6.35054   -6.30710   -5.86381
   2122.53     55000   -5.24557   -6.58964   -6.64429   -6.60408   -5.95429
   2145.85     60000   -5.34415   -6.41077   -6.29001   -6.27614   -5.99085
   2169.17     65000   -5.35908   -6.43065   -6.31318   -6.28991   -6.01351
   2192.49     70000   -5.38808   -6.67760   -6.67673   -6.61943   -6.08824
   2215.81     75000   -5.47406   -6.75211   -6.72416   -6.70404   -6.17225
   2239.14     80000   -5.56591   -6.59919   -6.47370   -6.45840   -6.19726
   2262.46     85000   -5.56299   -6.66991   -6.56180   -6.53498   -6.22913
   2285.78     90000   -5.60328   -6.95117   -7.02917   -6.95003   -6.31342
   2309.11     95000   -5.70192   -6.90750   -6.83124   -6.81723   -6.38635
   2332.43    100000   -5.78894   -6.79902   -6.67239   -6.65527   -6.40428
   2355.75      5000   -5.77371   -6.92073   -6.82745   -6.79589   -6.44777
   2379.07     10000   -5.82448   -7.20411   -7.35357   -7.26034   -6.53812
   2402.39     15000   -5.92667   -7.06816   -6.96574   -6.95298   -6.59693
   2425.71     20000   -5.98668   -7.01001   -6.88491   -6.86570   -6.61297
   2449.03     25000   -5.98652   -7.18292   -7.11328   -7.07485   -6.66919
   2472.35     30000   -6.04858   -7.41697   -7.52375   -7.46340   -6.76098
   2495.67     35000   -6.14986   -7.23907   -7.12267   -7.10940   -6.80487
   2518.99     40000   -6.17787   -7.23211   -7.11124   -7.08950   -6.82409
   2542.32     45000   -6.19905   -7.45497   -7.42423   -7.37509   -6.89279
   2565.64     50000   -6.27661   -7.59155   -7.60243   -7.57443   -6.98084
   2588.96     55000   -6.37268   -7.42140   -7.29787   -7.28337   -7.01146
   2612.29     60000   -6.37708   -7.46539   -7.35183   -7.32699   -7.03810
   2635.61     65000   -6.41297   -7.73120   -7.76433   -7.69761   -7.11772
   2658.94     70000   -6.50493   -7.74845   -7.69395   -7.67769   -7.19697
   2682.26     75000   -6.59435   -7.61528   -7.48888   -7.47275   -7.21800
   2705.58     80000   -6.58516   -7.71012   -7.60823   -7.57935   -7.25516
   2728.91     85000   -6.63084   -7.99786   -8.11720   -8.02752   -7.34284
   2752.23     90000   -6.73237   -7.90534   -7.81461   -7.80154   -7.40933
   2775.55     95000   -6.81350   -7.82042   -7.69418   -7.67611   -7.42570
   2798.88    100000   -6.79706   -7.96640   -7.88292   -7.84844   -7.47518
   2822.21      5000   -6.85277   -8.23334   -8.37864   -8.29611   -7.56683
   2845.53     10000   -6.95497   -8.07056   -7.96038   -7.94751   -7.61851
   2868.85     15000   -6.99828   -8.03668   -7.91324   -7.89288   -7.63547
   2892.18     20000   -7.01030   -8.23363   -8.18000   -8.13713   -7.69772
   2915.50     25000   -7.07920   -8.42616   -8.48579   -8.44399   -7.78839
   2938.82     30000   -7.17829   -8.24682   -8.12636   -8.11258   -7.82564
   2962.14     35000   -7.19420   -8.26405   -8.14619   -8.12307   -7.84792
   2985.46     40000   -7.22252   -8.50876   -8.50460   -8.44817   -7.92208
   3008.75     45000   -7.30766   -8.58957   -8.56494   -8.54422   -8.00654
   3032.05     50000   -7.39982   -8.43465   -8.30932   -8.29409   -8.03205
   3055.35     55000   -7.39760   -8.50274   -8.39405   -8.36744   -8.06337
   3078.64     60000   -7.43745   -8.78283   -8.85622   -8.77837   -8.14725
   3101.94     65000   -7.53562   -8.74488   -8.67040   -8.65625   -8.22084
   3125.24     70000   -7.62320   -8.63389   -8.50722   -8.49021   -8.23901
   3148.53     75000   -7.60840   -8.75294   -8.65872   -8.62743   -8.28187
   3171.83     80000   -7.65864   -9.03739   -9.18528   -9.09169   -8.37200
   3195.12     85000   -7.76046   -8.90513   -8.80367   -8.79090   -8.43158
   3218.42     90000   -7.82268   -8.84432   -8.71907   -8.69997   -8.44759
   3241.71     95000   -7.82117   -9.01459   -8.94344   -8.90543   -8.50315
   3265.01    100000   -7.88227   -9.25252   -9.36402   -9.30145   -8.59499
   3288.30      5000   -7.98393   -9.07543   -8.95952   -8.94631   -8.63963
MyID= 0: Time=  0.1,has convergenced
     1685723 iterations for the convertgence of psi
 MyID=           0 has finish
