 START-UP FOR CHUNK...
     23.46      5000   -0.55446   -2.00437   -1.88108   -1.79533   -1.28150
     46.83     10000   -0.65951   -2.17399   -1.73756   -1.80870   -1.45309
     70.21     15000   -0.61248   -2.26927   -1.63092   -1.68242   -1.43622
     93.58     20000   -0.51573   -2.06150   -1.52450   -1.52102   -1.34756
    116.95     25000   -0.44330   -1.66393   -1.46388   -1.44791   -1.24980
    140.32     30000   -0.40672   -1.67539   -1.59586   -1.58226   -1.20356
    163.69     35000   -0.45198   -1.95548   -1.83527   -1.97273   -1.32529
    187.07     40000   -0.64507   -1.90311   -1.81751   -1.79785   -1.43459
    210.44     45000   -0.84666   -1.93345   -1.79996   -1.82278   -1.52912
    233.81     50000   -0.92703   -2.21073   -2.11621   -2.08920   -1.65233
    257.18     55000   -1.00788   -2.39228   -2.39437   -2.40357   -1.77549
    280.55     60000   -1.10167   -2.31375   -2.09322   -2.11272   -1.80499
    303.92     65000   -1.14070   -2.16584   -2.03954   -2.01202   -1.78226
    327.29     70000   -1.11010   -2.29660   -2.23313   -2.18167   -1.81252
    350.66     75000   -1.16092   -2.56501   -2.62288   -2.52349   -1.90482
    374.03     80000   -1.28538   -2.39711   -2.32624   -2.28165   -1.96515
    397.39     85000   -1.38738   -2.38543   -2.27543   -2.26501   -2.00047
    420.76     90000   -1.39905   -2.61557   -2.53613   -2.51701   -2.07675
    444.13     95000   -1.46746   -2.80543   -2.90364   -2.83610   -2.18129
    467.50    100000   -1.57554   -2.66022   -2.51907   -2.52830   -2.22697
 ITERATION...
    490.87      5000   -1.60143   -2.62930   -2.49643   -2.48292   -2.23199
    514.24     10000   -1.60173   -2.82587   -2.76668   -2.70563   -2.28605
    537.61     15000   -1.66807   -3.05537   -3.09244   -3.02636   -2.38184
    560.98     20000   -1.78613   -2.85669   -2.74394   -2.71967   -2.43292
    584.35     25000   -1.81758   -2.86230   -2.74700   -2.72258   -2.45945
    607.72     30000   -1.84926   -3.11022   -3.05660   -3.01349   -2.53251
    631.09     35000   -1.92485   -3.24900   -3.27207   -3.21624   -2.62958
    654.46     40000   -2.03251   -3.06781   -2.94540   -2.93965   -2.66868
    677.82     45000   -2.03454   -3.09664   -2.97100   -2.95764   -2.68647
    701.19     50000   -2.06567   -3.34979   -3.31693   -3.25382   -2.75650
    724.56     55000   -2.14729   -3.46109   -3.43707   -3.40919   -2.85004
    747.93     60000   -2.25790   -3.29037   -3.16408   -3.15143   -2.88776
    771.30     65000   -2.25848   -3.34071   -3.22465   -3.19833   -2.91568
    794.67     70000   -2.30119   -3.62743   -3.61821   -3.54603   -2.99551
    818.04     75000   -2.39114   -3.66622   -3.61291   -3.58213   -3.08610
    841.41     80000   -2.49327   -3.50202   -3.37875   -3.36566   -3.11560
    864.77     85000   -2.48163   -3.57533   -3.46013   -3.43986   -3.14359
    888.14     90000   -2.52405   -3.87284   -3.89365   -3.81192   -3.22549
    911.51     95000   -2.62257   -3.85731   -3.79073   -3.77287   -3.31179
    934.88    100000   -2.72178   -3.72655   -3.59896   -3.58825   -3.33862
    958.25      5000   -2.70685   -3.82420   -3.71447   -3.68776   -3.37358
    981.61     10000   -2.75631   -4.14009   -4.19823   -4.09625   -3.46134
   1004.98     15000   -2.86144   -4.06594   -3.97323   -3.95728   -3.54251
   1028.35     20000   -2.95382   -3.94765   -3.82118   -3.80628   -3.56446
   1051.72     25000   -2.93254   -4.06597   -3.96211   -3.93399   -3.60320
   1075.08     30000   -2.98373   -4.38521   -4.47582   -4.36215   -3.69368
   1098.45     35000   -3.09570   -4.26126   -4.16571   -4.15109   -3.76893
   1121.82     40000   -3.18454   -4.17334   -4.04695   -4.03390   -3.78907
   1145.19     45000   -3.16098   -4.31743   -4.22014   -4.18962   -3.83410
   1168.56     50000   -3.21676   -4.62969   -4.74136   -4.62386   -3.92794
   1191.93     55000   -3.33149   -4.46828   -4.35738   -4.34653   -3.99673
   1215.30     60000   -3.39775   -4.40120   -4.27419   -4.25859   -4.01489
   1238.67     65000   -3.38939   -4.56706   -4.47835   -4.44241   -4.06523
   1262.04     70000   -3.44964   -4.86325   -4.96842   -4.85755   -4.16072
   1285.41     75000   -3.56446   -4.67286   -4.55963   -4.54717   -4.22258
   1308.78     80000   -3.61145   -4.63086   -4.50619   -4.49008   -4.24064
   1332.15     85000   -3.61796   -4.82215   -4.74409   -4.70531   -4.29716
   1355.52     90000   -3.68255   -5.08194   -5.15599   -5.07105   -4.39379
   1378.89     95000   -3.79849   -4.88114   -4.76080   -4.75058   -4.44866
   1402.26    100000   -3.82768   -4.86323   -4.73848   -4.72124   -4.46721
   1425.62      5000   -3.84703   -5.07788   -5.01258   -4.96659   -4.52947
   1448.99     10000   -3.91683   -5.29563   -5.32943   -5.26546   -4.62590
   1472.36     15000   -4.03078   -5.09270   -4.97004   -4.95862   -4.67377
   1495.73     20000   -4.04638   -5.09798   -4.97628   -4.95727   -4.69412
   1519.10     25000   -4.07490   -5.33731   -5.28924   -5.23699   -4.76232
   1542.47     30000   -4.15219   -5.49822   -5.49249   -5.44812   -4.85764
   1565.84     35000   -4.26313   -5.30521   -5.17954   -5.16856   -4.89891
   1589.21     40000   -4.26745   -5.33459   -5.21437   -5.19431   -4.92180
   1612.58     45000   -4.30326   -5.59682   -5.56935   -5.50733   -4.99550
   1635.95     50000   -4.38791   -5.69874   -5.66216   -5.63001   -5.08845
   1659.32     55000   -4.49511   -5.52185   -5.39480   -5.38319   -5.12359
   1682.69     60000   -4.49057   -5.57438   -5.45787   -5.43566   -5.14996
   1706.05     65000   -4.53217   -5.85849   -5.85831   -5.78482   -5.22899
   1729.42     70000   -4.62426   -5.89644   -5.83404   -5.81048   -5.31861
   1752.79     75000   -4.72680   -5.73958   -5.61129   -5.59918   -5.34842
   1776.16     80000   -4.71541   -5.81572   -5.70247   -5.67852   -5.37890
   1799.53     85000   -4.76037   -6.11760   -6.14929   -6.06120   -5.46265
   1822.90     90000   -4.86040   -6.09440   -6.01480   -5.99626   -5.54781
   1846.27     95000   -4.95796   -5.96074   -5.83224   -5.81955   -5.57313
   1869.64    100000   -4.94047   -6.06045   -5.95222   -5.92584   -5.60838
   1893.01      5000   -4.98973   -6.37474   -6.44278   -6.33898   -5.69637
   1916.37     10000   -5.09659   -6.29357   -6.19920   -6.18429   -5.77628
   1939.74     15000   -5.18869   -6.18359   -6.05483   -6.04129   -5.79815
   1963.11     20000   -5.16713   -6.30694   -6.20410   -6.17500   -5.83861
   1986.48     25000   -5.21957   -6.62473   -6.72444   -6.60696   -5.93004
   2009.85     30000   -5.33229   -6.49470   -6.39106   -6.37791   -6.00385
   2033.22     35000   -5.41743   -6.40931   -6.28129   -6.26693   -6.02333
   2056.59     40000   -5.39582   -6.55672   -6.46123   -6.42895   -6.06938
   2079.96     45000   -5.45239   -6.86619   -6.97964   -6.86118   -6.16352
   2103.33     50000   -5.56711   -6.69803   -6.58621   -6.57453   -6.23077
   2126.69     55000   -5.62884   -6.63700   -6.50956   -6.49419   -6.24899
   2150.06     60000   -5.62401   -6.80853   -6.72154   -6.68525   -6.30082
   2173.43     65000   -5.68568   -7.09642   -7.19697   -7.09149   -6.39668
   2196.80     70000   -5.80044   -6.90415   -6.78725   -6.77600   -6.45695
   2220.17     75000   -5.84331   -6.86736   -6.74146   -6.72498   -6.47500
   2243.54     80000   -5.85304   -7.06340   -6.98768   -6.94667   -6.53277
   2266.91     85000   -5.91834   -7.31535   -7.38011   -7.29926   -6.62939
   2290.27     90000   -6.03379   -7.11257   -6.99120   -6.98034   -6.68265
   2313.64     95000   -6.05999   -7.09979   -6.97535   -6.95765   -6.70160
   2337.01    100000   -6.08146   -7.32021   -7.25814   -7.21101   -6.76526
   2360.38      5000   -6.15298   -7.52498   -7.54915   -7.49028   -6.86153
   2383.75     10000   -6.26695   -7.32393   -7.19986   -7.18885   -6.90786
   2407.12     15000   -6.27933   -7.33487   -7.21280   -7.19368   -6.92870
   2430.49     20000   -6.30990   -7.57948   -7.53532   -7.48067   -6.99816
   2453.86     25000   -6.38878   -7.72769   -7.71372   -7.67254   -7.09300
   2477.23     30000   -6.49886   -7.53756   -7.41119   -7.39999   -7.13282
   2500.60     35000   -6.50078   -7.57210   -7.45254   -7.43186   -7.15647
   2523.98     40000   -6.53807   -7.83975   -7.81779   -7.75333   -7.23144
   2547.33     45000   -6.62475   -7.92685   -7.88327   -7.85338   -7.32371
   2570.68     50000   -6.73063   -7.75402   -7.62643   -7.61475   -7.35757
   2594.04     55000   -6.72453   -7.81201   -7.69591   -7.67342   -7.38482
   2617.41     60000   -6.76663   -8.10065   -8.10699   -8.03030   -7.46496
   2640.78     65000   -6.86096   -8.12448   -8.05750   -8.03534   -7.55362
   2664.14     70000   -6.96192   -7.97272   -7.84418   -7.83197   -7.58233
   2687.51     75000   -6.94917   -8.05419   -7.94198   -7.91743   -7.61387
   2710.88     80000   -6.99552   -8.35975   -8.39954   -8.30778   -7.69865
   2734.27     85000   -7.09709   -8.32262   -8.23881   -8.22127   -7.78268
   2757.63     90000   -7.19386   -8.19406   -8.06536   -8.05244   -7.80712
   2781.01     95000   -7.17488   -8.29913   -8.19195   -8.16500   -7.84353
   2804.39    100000   -7.22457   -8.61521   -8.69107   -8.58360   -7.93236
   2827.76      5000   -7.33306   -8.52204   -8.42526   -8.41081   -8.01093
   2851.14     10000   -7.42411   -8.41764   -8.28897   -8.27528   -8.03216
   2874.49     15000   -7.40172   -8.54646   -8.44520   -8.41542   -8.07387
   2897.84     20000   -7.45510   -8.86361   -8.96853   -8.84953   -8.16600
   2921.21     25000   -7.56864   -8.72366   -8.61766   -8.60496   -8.23836
   2944.57     30000   -7.64824   -8.64374   -8.51573   -8.50113   -8.25745
   2967.96     35000   -7.63107   -8.79659   -8.70287   -8.66971   -8.30481
   2991.34     40000   -7.68812   -9.10251   -9.21538   -9.09841   -8.39942
   3014.69     45000   -7.80330   -8.92757   -8.81443   -8.80285   -8.46508
   3038.07     50000   -7.86012   -8.87207   -8.74495   -8.72934   -8.48317
   3061.46     55000   -7.85867   -9.04918   -8.96461   -8.92733   -8.53636
   3084.84     60000   -7.92134   -9.33007   -9.42360   -9.32352   -8.63248
MyID= 0: Time=  0.1,has convergenced
     1683642 iterations for the convertgence of psi
 MyID=           0 has finish
