 START-UP FOR CHUNK...
     23.44      5000   -0.54270   -1.99611   -1.84130   -1.75387   -1.27845
     46.81     10000   -0.63340   -2.18500   -1.69581   -1.77043   -1.43827
     70.16     15000   -0.57992   -2.23884   -1.59473   -1.64804   -1.41242
     93.52     20000   -0.48980   -2.01071   -1.50548   -1.49579   -1.32584
    116.87     25000   -0.42774   -1.63723   -1.46349   -1.45040   -1.23620
    140.22     30000   -0.40174   -1.72904   -1.64953   -1.63463   -1.21327
    163.61     35000   -0.46457   -1.95330   -1.82008   -1.95290   -1.35058
    187.00     40000   -0.67742   -1.90721   -1.80911   -1.79497   -1.45842
    210.40     45000   -0.88686   -1.97216   -1.83098   -1.85542   -1.55942
    233.81     50000   -0.94833   -2.27942   -2.17699   -2.15205   -1.68382
    257.17     55000   -1.02669   -2.41591   -2.36464   -2.37483   -1.80477
    280.56     60000   -1.12670   -2.32790   -2.10384   -2.12462   -1.83185
    303.92     65000   -1.17163   -2.19972   -2.07320   -2.04673   -1.81490
    327.28     70000   -1.14302   -2.35006   -2.28112   -2.23359   -1.85170
    350.64     75000   -1.19762   -2.62043   -2.63848   -2.53814   -1.94976
    374.00     80000   -1.33021   -2.44028   -2.36531   -2.31996   -2.01275
    397.37     85000   -1.44029   -2.42662   -2.31839   -2.30964   -2.04836
    420.73     90000   -1.44092   -2.66149   -2.56773   -2.55422   -2.12213
    444.09     95000   -1.51097   -2.87552   -2.95985   -2.87285   -2.22986
    467.44    100000   -1.62875   -2.72673   -2.58279   -2.59394   -2.28594
 ITERATION...
    490.80      5000   -1.67578   -2.68457   -2.54654   -2.53692   -2.29346
    514.16     10000   -1.66108   -2.86464   -2.78369   -2.73142   -2.34272
    537.51     15000   -1.72369   -3.15495   -3.19824   -3.09761   -2.44135
    560.91     20000   -1.85044   -2.94701   -2.83678   -2.81042   -2.50524
    584.27     25000   -1.90550   -2.91505   -2.80011   -2.77848   -2.52996
    607.63     30000   -1.91787   -3.12782   -3.04270   -3.01309   -2.59268
    630.99     35000   -1.98439   -3.37667   -3.44820   -3.34577   -2.69438
    654.36     40000   -2.10697   -3.17652   -3.05798   -3.05342   -2.75404
    677.72     45000   -2.13903   -3.15799   -3.02559   -3.01874   -2.76988
    701.08     50000   -2.14670   -3.36200   -3.27538   -3.23382   -2.82577
    724.44     55000   -2.21365   -3.62889   -3.67061   -3.58193   -2.92495
    747.81     60000   -2.33830   -3.42169   -3.29841   -3.28635   -2.98574
    771.18     65000   -2.37347   -3.39938   -3.27729   -3.25685   -3.00716
    794.54     70000   -2.39076   -3.61348   -3.53529   -3.49323   -3.06880
    817.92     75000   -2.46027   -3.87059   -3.90259   -3.81250   -3.16917
    841.30     80000   -2.58323   -3.64663   -3.52837   -3.51610   -3.22713
    864.68     85000   -2.60836   -3.63378   -3.50793   -3.49653   -3.24583
    888.06     90000   -2.62582   -3.85249   -3.77042   -3.73188   -3.30605
    911.41     95000   -2.69595   -4.09606   -4.12822   -4.04651   -3.40551
    934.78    100000   -2.81964   -3.88780   -3.76334   -3.75543   -3.46275
    958.14      5000   -2.84424   -3.87903   -3.75439   -3.73778   -3.48342
    981.50     10000   -2.86672   -4.10221   -4.02989   -3.98326   -3.54661
   1004.89     15000   -2.93771   -4.34492   -4.34936   -4.27642   -3.64669
   1028.28     20000   -3.06160   -4.12008   -3.99579   -3.98329   -3.70187
   1051.67     25000   -3.07986   -4.11379   -3.99034   -3.97486   -3.72187
   1075.06     30000   -3.10453   -4.34278   -4.26917   -4.22676   -3.78546
   1098.46     35000   -3.17592   -4.56711   -4.58035   -4.50609   -3.88495
   1121.85     40000   -3.29984   -4.35535   -4.23104   -4.22218   -3.93872
   1145.22     45000   -3.31584   -4.35760   -4.23354   -4.21841   -3.95963
   1168.59     50000   -3.34358   -4.59160   -4.52560   -4.47752   -4.02516
   1191.95     55000   -3.41664   -4.80826   -4.79672   -4.73621   -4.12497
   1215.32     60000   -3.53997   -4.59141   -4.46292   -4.45229   -4.17707
   1238.68     65000   -3.55162   -4.59535   -4.47199   -4.45492   -4.19805
   1262.04     70000   -3.58216   -4.83438   -4.76948   -4.72131   -4.26461
   1285.40     75000   -3.65614   -5.03702   -5.02890   -4.96459   -4.36391
   1308.75     80000   -3.77874   -4.82534   -4.69966   -4.68941   -4.41433
   1332.12     85000   -3.78806   -4.83718   -4.71449   -4.69870   -4.43595
   1355.51     90000   -3.82031   -5.08231   -5.02344   -4.97311   -4.50409
   1378.90     95000   -3.89670   -5.26988   -5.24563   -5.19315   -4.60345
   1402.28    100000   -4.01888   -5.06123   -4.93116   -4.92161   -4.65238
   1425.68      5000   -4.02423   -5.07689   -4.95354   -4.93618   -4.67438
   1449.07     10000   -4.05857   -5.32687   -5.27027   -5.21697   -4.74373
   1472.46     15000   -4.13688   -5.50296   -5.47627   -5.42215   -4.84259
   1495.86     20000   -4.25819   -5.29622   -5.16857   -5.15792   -4.88979
   1519.25     25000   -4.26102   -5.31800   -5.19644   -5.17936   -4.91240
   1542.64     30000   -4.29689   -5.57440   -5.52348   -5.46919   -4.98321
   1566.00     35000   -4.37705   -5.73252   -5.69517   -5.64901   -5.08191
   1589.37     40000   -4.49793   -5.53108   -5.40058   -5.39111   -5.12769
   1612.74     45000   -4.49758   -5.55830   -5.43565   -5.41804   -5.15085
   1636.09     50000   -4.53548   -5.81979   -5.77167   -5.71383   -5.22291
   1659.44     55000   -4.61701   -5.96588   -5.92419   -5.87862   -5.32106
   1682.79     60000   -4.73664   -5.76709   -5.63792   -5.62746   -5.36516
   1706.14     65000   -4.73467   -5.79958   -5.67894   -5.66079   -5.38898
   1729.49     70000   -4.77414   -6.06736   -6.02521   -5.96587   -5.46244
   1752.84     75000   -4.85744   -6.19544   -6.14502   -6.10475   -5.56028
   1776.19     80000   -4.97622   -6.00160   -5.87086   -5.86108   -5.60298
   1799.55     85000   -4.97160   -6.03994   -5.91855   -5.90031   -5.62747
   1822.90     90000   -5.01304   -6.31301   -6.27414   -6.21156   -5.70217
   1846.26     95000   -5.09778   -6.42758   -6.37333   -6.33442   -5.79936
   1869.65    100000   -5.21531   -6.23798   -6.10798   -6.09771   -5.84046
   1893.04      5000   -5.20883   -6.28157   -6.16196   -6.14302   -5.86569
   1916.41     10000   -5.25196   -6.56066   -6.52821   -6.46330   -5.94176
   1939.80     15000   -5.33851   -6.65779   -6.59550   -6.56066   -6.03849
   1963.17     20000   -5.45517   -6.47280   -6.34178   -6.33172   -6.07823
   1986.54     25000   -5.44569   -6.52206   -6.40218   -6.38307   -6.10422
   2009.90     30000   -5.49021   -6.80644   -6.77790   -6.70988   -6.18150
   2033.27     35000   -5.57882   -6.88904   -6.82377   -6.79015   -6.27748
   2056.64     40000   -5.69430   -6.70922   -6.57882   -6.56855   -6.31572
   2080.00     45000   -5.68296   -6.76394   -6.64562   -6.62593   -6.34253
   2103.35     50000   -5.72852   -7.05401   -7.03232   -6.96145   -6.42113
   2126.70     55000   -5.81921   -7.11951   -7.04701   -7.01683   -6.51652
   2150.08     60000   -5.93335   -6.94454   -6.81328   -6.80304   -6.55346
   2173.46     65000   -5.92017   -7.00474   -6.88647   -6.86642   -6.58112
   2196.82     70000   -5.96709   -7.29991   -7.28287   -7.20864   -6.66090
   2220.17     75000   -6.05954   -7.35051   -7.27547   -7.24624   -6.75543
   2243.52     80000   -6.17215   -7.18102   -7.05040   -7.04000   -6.79095
   2266.88     85000   -6.15775   -7.24679   -7.13000   -7.10947   -6.81952
   2290.23     90000   -6.20572   -7.54728   -7.53746   -7.46010   -6.90056
   2313.58     95000   -6.30025   -7.58096   -7.49977   -7.47343   -6.99437
   2336.94    100000   -6.41148   -7.41677   -7.28539   -7.27499   -7.02867
   2360.31      5000   -6.39531   -7.48797   -7.37142   -7.35041   -7.05816
   2383.66     10000   -6.44461   -7.79324   -7.78881   -7.70769   -7.14035
   2407.01     15000   -6.54094   -7.81202   -7.72848   -7.70292   -7.23319
   2430.41     20000   -6.65063   -7.65341   -7.52267   -7.51206   -7.26618
   2453.80     25000   -6.63320   -7.73020   -7.61512   -7.59364   -7.29665
   2477.16     30000   -6.68310   -8.04032   -8.04344   -7.95897   -7.38004
   2500.52     35000   -6.78146   -8.04246   -7.95381   -7.93060   -7.47204
   2523.86     40000   -6.89026   -7.88952   -7.75814   -7.74754   -7.50387
   2547.22     45000   -6.87109   -7.97175   -7.85706   -7.83505   -7.53534
   2570.58     50000   -6.92165   -8.28621   -8.29538   -8.20678   -7.61983
   2593.93     55000   -7.02172   -8.27364   -8.18280   -8.16031   -7.71076
   2617.29     60000   -7.12927   -8.12639   -7.99558   -7.98475   -7.74140
   2640.65     65000   -7.10929   -8.21420   -8.10098   -8.07846   -7.77392
   2664.01     70000   -7.15995   -8.53293   -8.54986   -8.45771   -7.85956
   2687.36     75000   -7.26234   -8.50420   -8.40912   -8.38848   -7.94952
   2710.72     80000   -7.36813   -8.36280   -8.23151   -8.22067   -7.97909
   2734.08     85000   -7.34744   -8.45611   -8.34341   -8.32034   -8.01267
   2757.44     90000   -7.39844   -8.77858   -8.80206   -8.70554   -8.09935
   2780.78     95000   -7.50295   -8.73551   -8.63844   -8.61846   -8.18815
   2804.11    100000   -7.60689   -8.59991   -8.46912   -8.45806   -8.21664
   2827.44      5000   -7.58546   -8.69880   -8.58760   -8.56395   -8.25134
   2850.77     10000   -7.63705   -9.02482   -9.05607   -8.95590   -8.33909
   2874.09     15000   -7.74388   -8.96630   -8.86566   -8.84716   -8.42680
   2897.42     20000   -7.84601   -8.83662   -8.70549   -8.69438   -8.45433
   2920.74     25000   -7.82307   -8.94104   -8.83052   -8.80629   -8.49015
   2944.07     30000   -7.87587   -9.27004   -9.30805   -9.20347   -8.57889
   2967.39     35000   -7.98401   -9.19776   -9.09536   -9.07744   -8.66535
MyID= 0: Time=  0.1,has convergenced
     1682570 iterations for the convertgence of psi
 MyID=           0 has finish
