 START-UP FOR CHUNK...
     23.64      5000   -0.58507   -2.02441   -1.99489   -1.93139   -1.28530
     47.19     10000   -0.72667   -2.15476   -1.86771   -1.93724   -1.48940
     70.74     15000   -0.70855   -2.26945   -1.75867   -1.79899   -1.51011
     94.29     20000   -0.61907   -2.25069   -1.61739   -1.61772   -1.42832
    117.83     25000   -0.51278   -1.79227   -1.49222   -1.47867   -1.30891
    141.38     30000   -0.44633   -1.59190   -1.47230   -1.47542   -1.20859
    164.93     35000   -0.43201   -1.83962   -1.78182   -1.75899   -1.23672
    188.48     40000   -0.54723   -1.92179   -1.87175   -1.94712   -1.35618
    212.03     45000   -0.71591   -1.86230   -1.73583   -1.73663   -1.43283
    235.58     50000   -0.85840   -2.02267   -1.91241   -1.87027   -1.54938
    259.12     55000   -0.94933   -2.30618   -2.41473   -2.34510   -1.67890
    282.68     60000   -1.03023   -2.30119   -2.14988   -2.14671   -1.73680
    306.23     65000   -1.06257   -2.10021   -1.96242   -1.94080   -1.70758
    329.77     70000   -1.03076   -2.13256   -2.04974   -2.01908   -1.70754
    353.32     75000   -1.05327   -2.36992   -2.50225   -2.42236   -1.77804
    376.87     80000   -1.15322   -2.32648   -2.27210   -2.24483   -1.84281
    400.42     85000   -1.26204   -2.27989   -2.15392   -2.14118   -1.87699
    423.97     90000   -1.27761   -2.45364   -2.37612   -2.34250   -1.95120
    447.52     95000   -1.34145   -2.69225   -2.85139   -2.79964   -2.05039
    471.07    100000   -1.42605   -2.54722   -2.41241   -2.40539   -2.08696
 ITERATION...
    494.62      5000   -1.45053   -2.48894   -2.36479   -2.33990   -2.08651
    518.17     10000   -1.44802   -2.66916   -2.63113   -2.58201   -2.13893
    541.72     15000   -1.51435   -2.84085   -2.90692   -2.86754   -2.22433
    565.27     20000   -1.61494   -2.67991   -2.56553   -2.54505   -2.26147
    588.82     25000   -1.63925   -2.72419   -2.60616   -2.58421   -2.29618
    612.37     30000   -1.67704   -2.98129   -3.01399   -2.95960   -2.38053
    635.92     35000   -1.76540   -3.00701   -2.95937   -2.94857   -2.45713
    659.46     40000   -1.84306   -2.87222   -2.74101   -2.72699   -2.47071
    683.01     45000   -1.83102   -2.95330   -2.85422   -2.82434   -2.50188
    706.56     50000   -1.87212   -3.22984   -3.36000   -3.28154   -2.58599
    730.11     55000   -1.96895   -3.14319   -3.05197   -3.03659   -2.64850
    753.66     60000   -2.04814   -3.06600   -2.94117   -2.91950   -2.66726
    777.21     65000   -2.04249   -3.22325   -3.14817   -3.11402   -2.72372
    800.76     70000   -2.10166   -3.46834   -3.60114   -3.54443   -2.81471
    824.31     75000   -2.19592   -3.29875   -3.18333   -3.16921   -2.85620
    847.86     80000   -2.22583   -3.27826   -3.15732   -3.13615   -2.87184
    871.41     85000   -2.24162   -3.48616   -3.46078   -3.41719   -2.93790
    894.96     90000   -2.31754   -3.62893   -3.64505   -3.62424   -3.02286
    918.51     95000   -2.40964   -3.46602   -3.34027   -3.32426   -3.05131
    942.06    100000   -2.41750   -3.51111   -3.40036   -3.37396   -3.08092
    965.61      5000   -2.45320   -3.77416   -3.83191   -3.77004   -3.16271
    989.15     10000   -2.54564   -3.77639   -3.70931   -3.69483   -3.23547
   1012.71     15000   -2.63065   -3.65202   -3.52378   -3.50522   -3.25188
   1036.26     20000   -2.61808   -3.75603   -3.66333   -3.63339   -3.29269
   1059.81     25000   -2.66517   -4.02974   -4.18485   -4.11048   -3.38078
   1083.36     30000   -2.76306   -3.91519   -3.81230   -3.79901   -3.43696
   1106.91     35000   -2.82449   -3.85405   -3.72713   -3.70691   -3.45286
   1130.45     40000   -2.82491   -4.02192   -3.95990   -3.92266   -3.51082
   1154.00     45000   -2.88816   -4.24308   -4.34393   -4.30294   -3.60026
   1177.55     50000   -2.98293   -4.07363   -3.95188   -3.93721   -3.63795
   1201.10     55000   -3.00574   -4.07243   -3.95248   -3.92883   -3.65810
   1224.65     60000   -3.02922   -4.29837   -4.29226   -4.24369   -3.72999
   1248.20     65000   -3.11157   -4.39944   -4.38575   -4.36743   -3.81220
   1271.74     70000   -3.20035   -4.24537   -4.11739   -4.10072   -3.83601
   1295.29     75000   -3.20130   -4.30787   -4.19967   -4.17292   -3.86800
   1318.84     80000   -3.24027   -4.57686   -4.66712   -4.59915   -3.95183
   1342.39     85000   -3.33534   -4.53973   -4.46057   -4.44749   -4.02004
   1365.94     90000   -3.41923   -4.43571   -4.30652   -4.28788   -4.03579
   1389.49     95000   -3.40442   -4.55969   -4.47285   -4.44078   -4.08198
   1413.04    100000   -3.45613   -4.82577   -4.98600   -4.91541   -4.17148
   1436.59      5000   -3.55317   -4.68547   -4.57574   -4.56199   -4.22201
   1460.14     10000   -3.60188   -4.64202   -4.51657   -4.49527   -4.23820
   1483.69     15000   -3.60983   -4.82817   -4.77808   -4.73836   -4.30024
   1507.24     20000   -3.67881   -5.01739   -5.08256   -5.05068   -4.38828
   1530.79     25000   -3.77158   -4.84660   -4.72327   -4.70811   -4.42140
   1554.34     30000   -3.78718   -4.86518   -4.74796   -4.72381   -4.44467
   1577.89     35000   -3.81653   -5.10714   -5.12439   -5.07110   -4.52067
   1601.44     40000   -3.90269   -5.16611   -5.12841   -5.11290   -4.59941
   1624.99     45000   -3.99008   -5.02455   -4.89610   -4.87891   -4.61996
   1648.54     50000   -3.98637   -5.10516   -5.00240   -4.97419   -4.65577
   1672.09     55000   -4.02901   -5.38035   -5.50191   -5.42847   -4.74190
   1695.64     60000   -4.12433   -5.30623   -5.21608   -5.20279   -4.80514
   1719.19     65000   -4.20380   -5.21945   -5.09148   -5.07205   -4.82024
   1742.74     70000   -4.19098   -5.36205   -5.28416   -5.25041   -4.87116
   1766.29     75000   -4.24622   -5.61345   -5.75962   -5.69993   -4.96109
   1789.84     80000   -4.34333   -5.45621   -5.34150   -5.32747   -5.00623
   1813.39     85000   -4.38059   -5.43092   -5.30767   -5.28564   -5.02379
   1836.94     90000   -4.39600   -5.63438   -5.60053   -5.55757   -5.09016
   1860.48     95000   -4.47034   -5.78930   -5.81854   -5.79430   -5.17625
   1884.03    100000   -4.56148   -5.62241   -5.49700   -5.48121   -5.20505
   1907.58      5000   -4.56941   -5.65909   -5.54562   -5.52034   -5.23160
   1931.13     10000   -4.60255   -5.91445   -5.95973   -5.90090   -5.31111
   1954.68     15000   -4.69374   -5.93236   -5.87508   -5.86081   -5.38582
   1978.23     20000   -4.77992   -5.80539   -5.67668   -5.65886   -5.40394
   2001.78     25000   -4.77110   -5.90412   -5.80745   -5.77787   -5.44400
   2025.33     30000   -4.81704   -6.17963   -6.32786   -6.25164   -5.53196
   2048.87     35000   -4.91453   -6.07422   -5.97476   -5.96146   -5.58997
   2072.42     40000   -4.97995   -6.00525   -5.87822   -5.85806   -5.60503
   2095.97     45000   -4.97600   -6.16596   -6.09852   -6.06250   -5.66058
   2119.52     50000   -5.03712   -6.39603   -6.51268   -6.46590   -5.75021
   2143.07     55000   -5.13290   -6.22873   -6.10981   -6.09529   -5.79017
   2166.62     60000   -5.15974   -6.22161   -6.10067   -6.07774   -5.80976
   2190.17     65000   -5.18127   -6.44185   -6.42685   -6.38011   -5.88033
   2213.71     70000   -5.26125   -6.55836   -6.55634   -6.53687   -5.96380
   2237.26     75000   -5.35043   -6.39981   -6.27280   -6.25646   -5.98876
   2260.81     80000   -5.35361   -6.45472   -6.34526   -6.31887   -6.01892
   2284.36     85000   -5.39046   -6.72080   -6.79735   -6.73225   -6.10150
   2307.91     90000   -5.48522   -6.69867   -6.62550   -6.61196   -6.17171
   2331.46     95000   -5.56975   -6.58779   -6.45909   -6.44062   -6.18810
   2355.01    100000   -5.55609   -6.70474   -6.61503   -6.58383   -6.23261
   2378.56      5000   -5.60626   -6.97494   -7.13581   -7.06216   -6.32184
   2402.10     10000   -5.70339   -6.84341   -6.73655   -6.72300   -6.37449
   2425.65     15000   -5.75703   -6.79249   -6.66676   -6.64585   -6.39014
   2449.20     20000   -5.76184   -6.97120   -6.91604   -6.87748   -6.45026
   2472.75     25000   -5.82861   -7.17363   -7.25363   -7.21830   -6.53890
   2496.30     30000   -5.92179   -7.00262   -6.88045   -6.86543   -6.57396
   2519.85     35000   -5.94087   -7.01374   -6.89552   -6.87168   -6.59612
   2543.40     40000   -5.96802   -7.24976   -7.25710   -7.20585   -6.67064
   2566.95     45000   -6.05229   -7.32574   -7.29740   -7.28091   -6.75086
   2590.49     50000   -6.14079   -7.17868   -7.05063   -7.03368   -6.77253
   2614.02     55000   -6.13812   -7.25179   -7.14708   -7.11945   -6.80663
   2637.56     60000   -6.17920   -7.52511   -7.63428   -7.56309   -6.89182
   2661.09     65000   -6.27482   -7.46545   -7.37957   -7.36632   -6.95714
   2684.64     70000   -6.35924   -7.37160   -7.24332   -7.22417   -6.97250
   2708.17     75000   -6.34285   -7.50678   -7.42525   -7.39224   -7.02157
   2731.69     80000   -6.39611   -7.76506   -7.91939   -7.85465   -7.11143
   2755.20     85000   -6.49394   -7.61390   -7.50117   -7.48726   -7.15871
   2778.71     90000   -6.53497   -7.58116   -7.45713   -7.43541   -7.17559
   2802.23     95000   -6.54732   -7.77755   -7.73705   -7.69548   -7.24019
   2825.74    100000   -6.61956   -7.94702   -7.99019   -7.96337   -7.32714
   2849.26      5000   -6.71190   -7.77798   -7.65333   -7.63778   -7.35767
   2872.77     10000   -6.72238   -7.80731   -7.69233   -7.66748   -7.38287
   2896.32     15000   -6.75403   -8.05751   -8.09109   -8.03455   -7.46102
   2919.86     20000   -6.84377   -8.09214   -8.04232   -8.02758   -7.53742
   2943.41     25000   -6.92982   -7.95902   -7.83039   -7.81282   -7.55643
   2966.96     30000   -6.92351   -8.05035   -7.95118   -7.92218   -7.59472
   2990.50     35000   -6.96796   -8.32633   -8.46503   -8.38952   -7.68200
   3014.05     40000   -7.06426   -8.23306   -8.13704   -8.12379   -7.74216
   3037.59     45000   -7.13572   -8.15684   -8.02935   -8.00949   -7.75717
   3061.13     50000   -7.12796   -8.31022   -8.23834   -8.20325   -7.81085
   3084.68     55000   -7.18713   -8.54977   -8.67976   -8.62768   -7.90069
   3108.22     60000   -7.28291   -8.38576   -8.26840   -8.25408   -7.94271
   3131.76     65000   -7.31397   -8.37125   -8.24933   -8.22677   -7.96141
   3155.31     70000   -7.33320   -8.58479   -8.56178   -8.51667   -8.03030
   3178.85     75000   -7.41070   -8.71717   -8.72712   -8.70601   -8.11491
   3202.40     80000   -7.50069   -8.55480   -8.42833   -8.41222   -8.14136
   3225.95     85000   -7.50579   -8.60234   -8.49115   -8.46522   -8.17002
   3249.50     90000   -7.54114   -8.86445   -8.92800   -8.86545   -8.25142
   3273.05     95000   -7.63446   -8.85833   -8.79116   -8.77739   -8.32350
   3296.60    100000   -7.72057   -8.74079   -8.61203   -8.59382   -8.34051
   3320.13      5000   -7.70795   -8.85036   -8.75770   -8.72717   -8.38319
   3343.66     10000   -7.75640   -9.12347   -9.28130   -9.20588   -8.47198
   3367.19     15000   -7.85379   -9.00175   -8.89765   -8.88421   -8.52681
   3390.72     20000   -7.91226   -8.94350   -8.81718   -8.79658   -8.54214
   3414.26     25000   -7.91386   -9.11496   -9.05455   -9.01706   -8.60043
   3437.79     30000   -7.97786   -9.32929   -9.42449   -9.38481   -8.68955
MyID= 0: Time=  0.1,has convergenced
     1686153 iterations for the convertgence of psi
 MyID=           0 has finish
