 START-UP FOR CHUNK...
     23.54      5000   -0.64915   -2.04442   -2.27996   -2.40515   -1.29131
     46.88     10000   -0.88357   -2.11885   -2.30932   -2.40628   -1.53927
     70.23     15000   -0.96362   -2.19943   -2.21515   -2.26095   -1.66219
     93.57     20000   -0.95826   -2.56767   -2.05888   -2.05934   -1.70258
    116.92     25000   -0.87499   -2.33103   -1.85742   -1.85284   -1.62934
    140.27     30000   -0.73760   -2.05666   -1.63819   -1.64831   -1.47011
    163.62     35000   -0.60084   -1.78578   -1.47857   -1.48168   -1.29371
    186.96     40000   -0.48210   -1.61010   -1.47137   -1.45439   -1.17004
    210.31     45000   -0.47166   -1.75036   -1.75989   -1.79739   -1.18323
    233.65     50000   -0.54874   -1.88140   -1.74896   -1.72354   -1.27459
    257.00     55000   -0.72882   -1.80027   -1.65886   -1.63502   -1.37123
    280.34     60000   -0.81606   -2.01681   -1.91280   -1.88743   -1.50912
    303.69     65000   -0.89156   -2.24643   -2.28481   -2.30301   -1.60501
    327.04     70000   -0.92151   -2.07764   -1.89095   -1.87704   -1.58761
    350.38     75000   -0.89224   -1.95301   -1.82204   -1.79810   -1.54502
    373.73     80000   -0.85726   -2.06632   -2.07062   -2.06189   -1.57307
    397.07     85000   -0.91972   -2.24946   -2.19057   -2.17190   -1.63817
    420.42     90000   -1.03950   -2.10472   -1.96822   -1.94504   -1.68024
    443.77     95000   -1.07947   -2.20466   -2.10528   -2.08825   -1.76080
    467.11    100000   -1.13895   -2.46835   -2.57819   -2.58730   -1.85778
 ITERATION...
    490.46      5000   -1.20213   -2.40305   -2.24275   -2.22816   -1.88094
    513.81     10000   -1.22438   -2.28286   -2.14755   -2.12519   -1.86976
    537.15     15000   -1.20523   -2.39659   -2.37764   -2.36539   -1.91496
    560.50     20000   -1.26750   -2.61486   -2.58529   -2.58244   -1.98533
    583.84     25000   -1.36382   -2.45694   -2.30944   -2.28440   -2.01442
    607.19     30000   -1.39127   -2.49762   -2.39117   -2.37074   -2.06868
    630.54     35000   -1.43618   -2.74620   -2.83538   -2.83748   -2.15845
    653.88     40000   -1.50873   -2.73956   -2.59892   -2.58193   -2.19731
    677.23     45000   -1.56099   -2.61633   -2.47419   -2.45272   -2.19846
    700.58     50000   -1.54495   -2.72107   -2.67896   -2.66412   -2.24896
    723.92     55000   -1.60450   -2.95459   -2.97303   -2.97839   -2.32304
    747.27     60000   -1.68955   -2.80552   -2.65286   -2.62975   -2.34792
    770.62     65000   -1.71605   -2.80691   -2.69259   -2.67097   -2.38653
    793.97     70000   -1.74767   -3.03549   -3.09239   -3.08751   -2.47027
    817.31     75000   -1.82250   -3.08443   -2.96263   -2.94522   -2.51950
    840.66     80000   -1.89900   -2.94680   -2.80120   -2.77909   -2.52569
    864.00     85000   -1.87807   -3.03504   -2.97238   -2.95570   -2.57543
    887.35     90000   -1.93236   -3.28361   -3.34953   -3.36155   -2.65302
    910.70     95000   -2.01184   -3.15368   -3.00113   -2.97881   -2.67943
    934.05    100000   -2.04306   -3.12206   -3.00068   -2.97907   -2.70782
    957.39      5000   -2.06624   -3.32491   -3.35026   -3.34170   -2.78606
    980.74     10000   -2.14122   -3.43239   -3.33469   -3.31921   -2.84380
   1004.09     15000   -2.22400   -3.27946   -3.13067   -3.10833   -2.85269
   1027.44     20000   -2.20831   -3.34425   -3.26591   -3.24739   -2.89851
   1050.79     25000   -2.25608   -3.60008   -3.69773   -3.71498   -2.97855
   1074.14     30000   -2.33318   -3.50489   -3.35435   -3.33255   -3.00969
   1097.48     35000   -2.37532   -3.44267   -3.31438   -3.29231   -3.03101
   1120.83     40000   -2.38805   -3.61781   -3.61428   -3.60271   -3.10365
   1144.17     45000   -2.46063   -3.77856   -3.71451   -3.70250   -3.16866
   1167.52     50000   -2.54142   -3.61616   -3.46413   -3.44176   -3.18013
   1190.87     55000   -2.53793   -3.65468   -3.56265   -3.54298   -3.22053
   1214.22     60000   -2.57746   -3.90514   -4.00777   -4.02248   -3.30149
   1237.56     65000   -2.65427   -3.85789   -3.71268   -3.69198   -3.33913
   1260.91     70000   -2.70830   -3.76764   -3.63262   -3.61024   -3.35549
   1284.26     75000   -2.71207   -3.91454   -3.88586   -3.87144   -3.42220
   1307.60     80000   -2.77996   -4.11881   -4.09899   -4.09272   -3.49329
   1330.95     85000   -2.85861   -3.95635   -3.80214   -3.77978   -3.50813
   1354.30     90000   -2.86589   -3.96780   -3.86385   -3.84332   -3.54256
   1377.65     95000   -2.89847   -4.20411   -4.28678   -4.29356   -3.62285
   1400.99    100000   -2.97584   -4.21143   -4.07690   -4.05758   -3.66786
   1424.34      5000   -3.04436   -4.09591   -3.95505   -3.93257   -3.68099
   1447.68     10000   -3.03833   -4.21454   -4.16452   -4.14801   -3.74135
   1471.03     15000   -3.09983   -4.44975   -4.48142   -4.48310   -3.81723
   1494.38     20000   -3.17805   -4.29972   -4.14488   -4.12274   -3.83656
   1517.73     25000   -3.19535   -4.28367   -4.16970   -4.14853   -3.86508
   1541.07     30000   -3.22064   -4.50004   -4.55152   -4.55030   -3.94323
   1564.42     35000   -3.29619   -4.56482   -4.44751   -4.43004   -3.99584
   1587.77     40000   -3.38281   -4.42731   -4.28167   -4.25910   -4.00736
   1611.12     45000   -3.36537   -4.51770   -4.44982   -4.43179   -4.06105
   1634.47     50000   -3.41972   -4.77002   -4.84861   -4.85871   -4.14028
   1657.82     55000   -3.49653   -4.64627   -4.49268   -4.47091   -4.16526
   1681.17     60000   -3.52581   -4.60260   -4.48010   -4.45846   -4.18832
   1704.51     65000   -3.54444   -4.79513   -4.81460   -4.80730   -4.26301
   1727.86     70000   -3.61848   -4.91630   -4.82468   -4.81000   -4.32298
   1751.20     75000   -3.70335   -4.76203   -4.61246   -4.58987   -4.33448
   1774.55     80000   -3.69291   -4.82414   -4.74123   -4.72202   -4.38134
   1797.90     85000   -3.73948   -5.08014   -5.18422   -5.19846   -4.46240
   1821.24     90000   -3.81534   -4.99579   -4.84586   -4.82466   -4.49402
   1844.59     95000   -3.85871   -4.92483   -4.79491   -4.77290   -4.51239
   1867.94    100000   -3.86792   -5.09125   -5.08200   -5.07043   -4.58249
   1891.29      5000   -3.93950   -5.26308   -5.20771   -5.19729   -4.64917
   1914.63     10000   -4.02169   -5.10010   -4.94754   -4.92500   -4.66224
   1937.98     15000   -4.02072   -5.13395   -5.03824   -5.01812   -4.70229
   1961.33     20000   -4.05931   -5.38232   -5.48261   -5.49358   -4.78364
   1984.68     25000   -4.13663   -5.34765   -5.20483   -5.18453   -4.82261
   2008.02     30000   -4.19242   -5.25038   -5.11399   -5.09172   -4.83732
   2031.37     35000   -4.19346   -5.38953   -5.35576   -5.34119   -4.90194
   2054.72     40000   -4.25958   -5.60215   -5.59359   -5.58948   -4.97431
   2078.07     45000   -4.33849   -5.44144   -5.28706   -5.26468   -4.99051
   2101.42     50000   -4.34927   -5.44711   -5.34040   -5.31959   -5.02399
   2124.76     55000   -4.37979   -5.67958   -5.75525   -5.75896   -5.10413
   2148.11     60000   -4.45762   -5.70080   -5.57007   -5.55110   -5.15082
   2171.46     65000   -4.52913   -5.57924   -5.43728   -5.41484   -5.16309
   2194.80     70000   -4.51993   -5.69057   -5.63622   -5.61951   -5.22156
   2218.15     75000   -4.57981   -5.93108   -5.97448   -5.97873   -5.29837
   2241.49     80000   -4.65771   -5.78599   -5.63129   -5.60918   -5.31914
   2264.84     85000   -4.67813   -5.76359   -5.64738   -5.62603   -5.34651
   2288.19     90000   -4.70199   -5.97471   -6.01824   -6.01494   -5.42406
   2311.53     95000   -4.77734   -6.05371   -5.94194   -5.92500   -5.47844
   2334.88    100000   -4.86455   -5.91140   -5.76477   -5.74222   -5.48965
   2358.23      5000   -4.84784   -5.99467   -5.92307   -5.90482   -5.54155
   2381.58     10000   -4.89993   -6.24898   -6.33588   -6.34803   -5.62135
   2404.92     15000   -4.97725   -6.13357   -5.98054   -5.95886   -5.64793
   2428.27     20000   -5.00968   -6.08336   -5.95892   -5.93714   -5.66988
   2451.62     25000   -5.02649   -6.26983   -6.28190   -6.27325   -5.74361
   2474.96     30000   -5.09922   -6.40414   -6.32044   -6.30659   -5.80527
   2498.31     35000   -5.18313   -6.24688   -6.09649   -6.07392   -5.81694
   2521.65     40000   -5.17584   -6.30200   -6.21586   -6.19645   -5.86206
   2545.00     45000   -5.21988   -6.55700   -6.66261   -6.67700   -5.94332
   2568.34     50000   -5.29579   -6.48383   -6.33519   -6.31418   -5.97670
   2591.68     55000   -5.34249   -6.40644   -6.27482   -6.25272   -5.99413
   2615.03     60000   -5.34983   -6.56639   -6.55074   -6.53826   -6.06301
   2638.37     65000   -5.42045   -6.74922   -6.70445   -6.69530   -6.13116
   2661.72     70000   -5.50151   -6.58568   -6.43256   -6.41007   -6.14483
   2685.06     75000   -5.50296   -6.61263   -6.51412   -6.49385   -6.18322
   2708.41     80000   -5.53994   -6.85775   -6.95340   -6.96294   -6.26440
   2731.75     85000   -5.61704   -6.83615   -6.69571   -6.67569   -6.30524
   2755.10     90000   -5.67680   -6.73280   -6.59496   -6.57263   -6.31926
   2778.44     95000   -5.67590   -6.86528   -6.82614   -6.81095   -6.38246
   2801.78    100000   -5.74035   -7.08596   -7.09000   -7.08772   -6.45603
   2825.13      5000   -5.81892   -6.92777   -6.77317   -6.75084   -6.47320
   2848.47     10000   -5.83267   -6.92659   -6.81746   -6.79652   -6.50513
   2871.82     15000   -5.86073   -7.15428   -7.22242   -7.22439   -6.58476
   2895.16     20000   -5.93791   -7.18944   -7.06257   -7.04403   -6.63334
   2918.51     25000   -6.01413   -7.06247   -6.91929   -6.89681   -6.64522
   2941.85     30000   -6.00215   -7.16703   -7.10820   -7.09106   -6.70215
   2965.20     35000   -6.06049   -7.41219   -7.46766   -7.47400   -6.77981
   2988.54     40000   -6.13782   -7.27304   -7.11856   -7.09654   -6.80188
   3011.89     45000   -6.16111   -7.24386   -7.12556   -7.10409   -6.82785
   3035.23     50000   -6.18332   -7.44923   -7.48490   -7.48017   -6.90458
   3058.58     55000   -6.25853   -7.54200   -7.43610   -7.41980   -6.96078
   3081.92     60000   -6.34558   -7.39544   -7.24781   -7.22525   -6.97197
   3105.26     65000   -6.32996   -7.47190   -7.39654   -7.37797   -7.02224
   3128.61     70000   -6.38061   -7.72751   -7.82173   -7.83508   -7.10253
   3151.95     75000   -6.45769   -7.62130   -7.46906   -7.44752   -7.13068
   3175.28     80000   -6.49347   -7.56443   -7.43816   -7.41630   -7.15144
   3198.61     85000   -6.50748   -7.74459   -7.74956   -7.73986   -7.22408
   3221.94     90000   -6.58012   -7.89143   -7.81613   -7.80325   -7.28740
   3245.27     95000   -6.66319   -7.73174   -7.58058   -7.55802   -7.29941
   3268.60    100000   -6.65844   -7.78003   -7.69071   -7.67106   -7.34290
   3291.92      5000   -6.70065   -8.03350   -8.13908   -8.15281   -7.42427
   3315.25     10000   -6.77657   -7.97214   -7.82509   -7.80428   -7.45942
   3338.57     15000   -6.82657   -7.88830   -7.75509   -7.73293   -7.47591
   3361.90     20000   -6.83181   -8.04165   -8.01993   -8.00671   -7.54348
   3385.22     25000   -6.90147   -8.23476   -8.20104   -8.19335   -7.61305
   3408.54     30000   -6.98106   -8.07134   -7.91774   -7.89527   -7.62743
   3431.86     35000   -6.98549   -8.09147   -7.99024   -7.96978   -7.66423
   3455.16     40000   -7.02090   -8.33295   -8.42299   -8.43074   -7.74516
   3478.46     45000   -7.09774   -8.32481   -8.18710   -8.16738   -7.78787
   3501.76     50000   -7.16149   -8.21546   -8.07625   -8.05387   -7.80124
   3525.06     55000   -7.15859   -8.34119   -8.29696   -8.28124   -7.86297
   3548.36     60000   -7.22137   -8.56910   -8.58582   -8.58554   -7.93766
   3571.66     65000   -7.29962   -8.41422   -8.25948   -8.23722   -7.95589
   3594.96     70000   -7.31526   -8.40623   -8.29476   -8.27368   -7.98633
   3618.26     75000   -7.34197   -8.62887   -8.68924   -8.68943   -8.06537
   3641.58     80000   -7.41824   -8.67810   -8.55555   -8.53747   -8.11582
   3664.90     85000   -7.49944   -8.54593   -8.40159   -8.37908   -8.12740
   3688.22     90000   -7.48464   -8.64368   -8.58058   -8.56305   -8.18274
   3711.52     95000   -7.54143   -8.89264   -8.95936   -8.96776   -8.26118
   3734.83    100000   -7.61820   -8.76025   -8.60608   -8.58416   -8.28462
   3758.13      5000   -7.64436   -8.72430   -8.60397   -8.58240   -8.30926
   3781.38     10000   -7.66494   -8.92377   -8.95169   -8.94561   -8.38510
   3804.69     15000   -7.74000   -9.03015   -8.93070   -8.91510   -8.44308
   3828.00     20000   -7.82648   -8.87970   -8.73113   -8.70856   -8.45433
   3851.31     25000   -7.81236   -8.94933   -8.87038   -8.85152   -8.50296
   3874.62     30000   -7.86155   -9.20549   -9.30528   -9.31946   -8.58366
   3897.90     35000   -7.93759   -9.10918   -8.95789   -8.93650   -8.61343
   3920.41     40000   -7.97720   -9.04568   -8.91763   -8.89569   -8.63306
   3942.92     45000   -7.98875   -9.21945   -9.21755   -9.20688   -8.70455
MyID= 0: Time=  0.1,has convergenced
     1686108 iterations for the convertgence of psi
 MyID=           0 has finish
