 START-UP FOR CHUNK...
     23.52      5000   -0.58700   -2.02497   -2.00248   -1.93927   -1.28592
     46.93     10000   -0.73060   -2.15230   -1.87624   -1.94491   -1.49144
     70.34     15000   -0.71376   -2.26995   -1.76612   -1.80678   -1.51430
     93.75     20000   -0.62427   -2.26095   -1.62350   -1.62460   -1.43340
    117.16     25000   -0.51655   -1.80057   -1.49560   -1.48243   -1.31302
    140.58     30000   -0.45069   -1.59330   -1.47017   -1.47302   -1.21060
    163.99     35000   -0.43299   -1.83128   -1.77184   -1.74576   -1.23323
    187.40     40000   -0.54276   -1.92274   -1.87469   -1.95995   -1.35238
    210.81     45000   -0.71002   -1.85952   -1.73463   -1.73392   -1.42899
    234.23     50000   -0.85618   -2.01407   -1.90249   -1.86255   -1.54503
    257.64     55000   -0.94674   -2.29847   -2.40051   -2.33342   -1.67473
    281.05     60000   -1.02752   -2.30032   -2.15391   -2.15228   -1.73416
    304.46     65000   -1.05952   -2.09900   -1.95944   -1.93918   -1.70488
    327.87     70000   -1.02772   -2.12598   -2.04233   -2.01171   -1.70321
    351.28     75000   -1.04867   -2.36299   -2.49138   -2.41370   -1.77257
    374.69     80000   -1.14733   -2.32588   -2.27098   -2.24347   -1.83763
    398.10     85000   -1.25631   -2.27449   -2.14887   -2.13509   -1.87177
    421.51     90000   -1.27254   -2.44532   -2.36749   -2.33465   -1.94583
    444.93     95000   -1.33602   -2.68525   -2.84910   -2.79752   -2.04490
    468.33    100000   -1.41985   -2.54250   -2.40803   -2.40088   -2.08127
 ITERATION...
    491.75      5000   -1.44434   -2.48294   -2.35823   -2.33392   -2.08039
    515.16     10000   -1.44113   -2.66019   -2.62382   -2.57551   -2.13243
    538.57     15000   -1.50746   -2.83283   -2.89855   -2.86233   -2.21749
    561.99     20000   -1.60766   -2.67412   -2.55787   -2.53749   -2.25430
    585.40     25000   -1.63183   -2.71793   -2.59978   -2.57723   -2.28930
    608.82     30000   -1.66968   -2.97394   -3.01042   -2.95621   -2.37390
    632.23     35000   -1.75827   -2.99805   -2.94866   -2.93767   -2.44961
    655.64     40000   -1.83506   -2.86456   -2.73272   -2.71823   -2.46247
    679.05     45000   -1.82244   -2.94692   -2.84847   -2.81873   -2.49406
    702.46     50000   -1.86351   -3.22053   -3.35760   -3.28124   -2.57828
    725.87     55000   -1.96065   -3.13122   -3.03803   -3.02305   -2.63952
    749.28     60000   -2.03666   -3.05799   -2.93220   -2.91055   -2.65818
    772.69     65000   -2.03312   -3.21818   -3.14539   -3.11077   -2.71568
    796.10     70000   -2.09355   -3.45674   -3.58360   -3.53177   -2.80629
    819.51     75000   -2.18669   -3.28637   -3.16923   -3.15478   -2.84589
    842.92     80000   -2.21358   -3.27020   -3.14950   -3.12785   -2.86192
    866.33     85000   -2.23080   -3.48207   -3.46278   -3.41883   -2.92919
    889.74     90000   -2.30869   -3.61202   -3.61902   -3.60001   -3.01296
    913.15     95000   -2.39964   -3.45268   -3.32602   -3.30972   -3.03980
    936.57    100000   -2.40613   -3.50397   -3.39437   -3.36778   -3.07071
    959.98      5000   -2.44299   -3.76969   -3.84069   -3.77775   -3.15355
    983.39     10000   -2.53643   -3.75690   -3.68357   -3.66962   -3.22396
   1006.80     15000   -2.61985   -3.63928   -3.51067   -3.49173   -3.23935
   1030.21     20000   -2.60572   -3.75051   -3.66127   -3.63068   -3.28212
   1053.62     25000   -2.65464   -4.02068   -4.18129   -4.11117   -3.37058
   1077.03     30000   -2.75158   -3.89502   -3.78814   -3.77450   -3.42370
   1100.44     35000   -2.80698   -3.84229   -3.71587   -3.69512   -3.43981
   1123.86     40000   -2.81165   -4.01857   -3.96395   -3.92583   -3.50016
   1147.26     45000   -2.87820   -4.22398   -4.30481   -4.27134   -3.58865
   1170.67     50000   -2.97039   -4.05392   -3.92988   -3.91480   -3.62311
   1194.08     55000   -2.98924   -4.06260   -3.94428   -3.92006   -3.64474
   1217.49     60000   -3.01600   -4.29661   -4.30600   -4.25553   -3.71895
   1240.91     65000   -3.10000   -4.37344   -4.34322   -4.32713   -3.79862
   1264.32     70000   -3.18814   -4.22712   -4.09784   -4.08057   -3.82006
   1287.73     75000   -3.18596   -4.30077   -4.19606   -4.16846   -3.85473
   1311.14     80000   -3.22733   -4.57260   -4.68703   -4.61688   -3.94012
   1334.55     85000   -3.32199   -4.51151   -4.42306   -4.41008   -4.00429
   1357.96     90000   -3.40457   -4.41948   -4.29013   -4.27083   -4.01918
   1381.37     95000   -3.38913   -4.55602   -4.47618   -4.44292   -4.06882
   1404.79    100000   -3.44311   -4.81039   -4.96187   -4.90219   -4.15842
   1428.20      5000   -3.53993   -4.65800   -4.54293   -4.52882   -4.20422
   1451.61     10000   -3.57900   -4.62860   -4.50416   -4.48209   -4.22146
   1475.02     15000   -3.59324   -4.82804   -4.79192   -4.74999   -4.28718
   1498.43     20000   -3.66676   -4.98819   -5.02238   -4.99811   -4.37320
   1521.84     25000   -3.75749   -4.82131   -4.69510   -4.67928   -4.40205
   1545.25     30000   -3.76614   -4.85531   -4.74095   -4.71583   -4.42816
   1568.66     35000   -3.79862   -5.10807   -5.15225   -5.09502   -4.50729
   1592.07     40000   -3.88920   -5.12979   -5.07280   -5.05886   -4.58178
   1615.48     45000   -3.97524   -5.00217   -4.87251   -4.85458   -4.59973
   1638.89     50000   -3.96656   -5.09967   -5.00275   -4.97323   -4.63974
   1662.30     55000   -4.01229   -5.37392   -5.52336   -5.44932   -4.72755
   1685.71     60000   -4.10925   -5.26952   -5.16903   -5.15564   -4.78491
   1709.12     65000   -4.17378   -5.20072   -5.07310   -5.05278   -4.79977
   1732.53     70000   -4.17046   -5.36151   -5.29518   -5.25936   -4.85560
   1755.94     75000   -4.23182   -5.58878   -5.70274   -5.65917   -4.94487
   1779.35     80000   -4.32706   -5.42206   -5.30185   -5.28719   -4.98384
   1802.76     85000   -4.35251   -5.41654   -5.29545   -5.27237   -5.00366
   1826.17     90000   -4.37470   -5.63788   -5.62691   -5.58022   -5.07481
   1849.58     95000   -4.45565   -5.74849   -5.74135   -5.72317   -5.15735
   1873.00    100000   -4.54388   -5.59212   -5.46406   -5.44745   -5.18125
   1896.41      5000   -4.54596   -5.64993   -5.54130   -5.51466   -5.21219
   1919.82     10000   -4.58382   -5.91654   -6.00207   -5.93716   -5.29530
   1943.23     15000   -4.67810   -5.88638   -5.80902   -5.79569   -5.36382
   1966.64     20000   -4.76220   -5.77970   -5.65038   -5.63158   -5.37962
   1990.05     25000   -4.74801   -5.90098   -5.81373   -5.78219   -5.42546
   2013.46     30000   -4.79919   -6.16694   -6.32906   -6.26017   -5.51474
   2036.87     35000   -4.89558   -6.02999   -5.92016   -5.90643   -5.56508
   2060.28     40000   -4.94452   -5.98483   -5.85915   -5.83785   -5.58095
   2083.70     45000   -4.95203   -6.16902   -6.11980   -6.08058   -5.64277
   2107.11     50000   -5.02085   -6.35887   -6.42406   -6.39398   -5.73047
   2130.52     55000   -5.11310   -6.18897   -6.06480   -6.04942   -5.76315
   2153.93     60000   -5.12849   -6.20724   -6.09007   -6.06575   -5.78654
   2177.34     65000   -5.15774   -6.44855   -6.46872   -6.41608   -5.86271
   2200.75     70000   -5.24436   -6.50595   -6.46630   -6.45115   -5.94071
   2224.16     75000   -5.33089   -6.36563   -6.23646   -6.21905   -5.96063
   2247.57     80000   -5.32697   -6.44729   -6.34536   -6.31710   -5.99688
   2270.98     85000   -5.36999   -6.72116   -6.84868   -6.77687   -6.08312
   2294.39     90000   -5.46463   -6.64396   -6.55130   -6.53810   -6.14506
   2317.80     95000   -5.54140   -6.55984   -6.43133   -6.41164   -6.15992
   2341.22    100000   -5.53033   -6.70494   -6.62944   -6.59543   -6.21179
   2364.63      5000   -5.58698   -6.95145   -7.09296   -7.03836   -6.30144
   2388.04     10000   -5.68269   -6.79279   -6.67608   -6.66180   -6.34482
   2411.45     15000   -5.71717   -6.77145   -6.64834   -6.62598   -6.36274
   2434.86     20000   -5.73433   -6.97841   -6.95053   -6.90716   -6.43029
   2458.27     25000   -5.80995   -7.12240   -7.14140   -7.11982   -6.51526
   2481.69     30000   -5.89989   -6.95835   -6.83147   -6.81536   -6.54237
   2505.10     35000   -5.90647   -7.00045   -6.88806   -6.86240   -6.57010
   2528.51     40000   -5.94071   -7.25857   -7.31641   -7.25656   -6.65069
   2551.92     45000   -6.03289   -7.26246   -7.19798   -7.18425   -6.72323
   2575.31     50000   -6.11901   -7.14164   -7.01214   -6.99391   -6.74028
   2598.70     55000   -6.10728   -7.24716   -7.15347   -7.12333   -6.78222
   2622.09     60000   -6.15491   -7.51972   -7.67700   -7.60373   -6.87063
   2645.47     65000   -6.25164   -7.40319   -7.29915   -7.28570   -6.92563
   2668.86     70000   -6.31118   -7.34241   -7.21538   -7.19473   -6.94073
   2692.25     75000   -6.31207   -7.51118   -7.45031   -7.41337   -6.99863
   2715.64     80000   -6.37563   -7.72692   -7.82479   -7.78625   -7.08750
   2739.03     85000   -6.46939   -7.55801   -7.43631   -7.42139   -7.12425
   2762.41     90000   -6.49165   -7.56054   -7.44074   -7.41723   -7.14518
   2785.80     95000   -6.51637   -7.78892   -7.78789   -7.73934   -7.21809
   2809.19    100000   -6.59901   -7.88163   -7.86240   -7.84552   -7.29920
   2832.58      5000   -6.68746   -7.73023   -7.60167   -7.58479   -7.32164
   2855.97     10000   -6.68664   -7.79616   -7.68964   -7.66247   -7.35434
   2879.36     15000   -6.72624   -8.06606   -8.16631   -8.09871   -7.43862
   2902.75     20000   -6.82126   -8.01927   -7.93620   -7.92296   -7.50495
   2926.14     25000   -6.90521   -7.92013   -7.79101   -7.77191   -7.52029
   2949.53     30000   -6.88989   -8.04951   -7.96600   -7.93367   -7.56817
   2972.91     35000   -6.94208   -8.31016   -8.46877   -8.40408   -7.65770
   2996.30     40000   -7.03913   -8.16449   -8.05204   -8.03813   -7.70566
   3019.69     45000   -7.08241   -8.12743   -8.00252   -7.98087   -7.72211
   3043.07     50000   -7.09335   -8.31947   -8.27694   -8.23640   -7.78592
   3066.46     55000   -7.16463   -8.49454   -8.54334   -8.51663   -7.87282
   3089.85     60000   -7.25652   -8.32572   -8.20050   -8.18488   -7.90351
   3113.24     65000   -7.26805   -8.35210   -8.23645   -8.21169   -7.92829
   3136.63     70000   -7.29899   -8.59957   -8.63185   -8.57691   -8.00605
   3160.02     75000   -7.38806   -8.63863   -8.58967   -8.57517   -8.08228
   3183.41     80000   -7.47390   -8.50461   -8.37523   -8.35755   -8.10110
   3206.80     85000   -7.46787   -8.59439   -8.49506   -8.46619   -8.13925
   3230.16     90000   -7.51191   -8.86891   -9.00879   -8.93553   -8.22634
   3253.51     95000   -7.60789   -8.77732   -8.68041   -8.66714   -8.28595
   3276.86    100000   -7.67844   -8.70108   -8.57300   -8.55299   -8.30076
   3300.21      5000   -7.67117   -8.85426   -8.78338   -8.74844   -8.35469
   3323.56     10000   -7.73051   -9.09152   -9.21977   -9.17091   -8.44421
   3346.91     15000   -7.82572   -8.92810   -8.80949   -8.79500   -8.48528
   3370.26     20000   -7.85552   -8.91489   -8.79281   -8.77007   -8.50412
   3393.61     25000   -7.87527   -9.12932   -9.10990   -9.06489   -8.57355
   3416.96     30000   -7.95364   -9.25634   -9.26135   -9.24171   -8.65732
MyID= 0: Time=  0.1,has convergenced
     1686109 iterations for the convertgence of psi
 MyID=           0 has finish
