 START-UP FOR CHUNK...
     23.58      5000   -0.60939   -2.03443   -2.09755   -2.06211   -1.28863
     46.95     10000   -0.78527   -2.13669   -1.99560   -2.06452   -1.51318
     70.31     15000   -0.79410   -2.24308   -1.88553   -1.92220   -1.57107
     93.68     20000   -0.72103   -2.40267   -1.73084   -1.73043   -1.51322
    117.06     25000   -0.60315   -1.94343   -1.56109   -1.55585   -1.38535
    140.42     30000   -0.50501   -1.65650   -1.45815   -1.45897   -1.25326
    163.79     35000   -0.43369   -1.66638   -1.57648   -1.55210   -1.19081
    187.16     40000   -0.48296   -1.87998   -1.89717   -2.10811   -1.27761
    210.53     45000   -0.62632   -1.86027   -1.75680   -1.73701   -1.36525
    233.89     50000   -0.81599   -1.88078   -1.75813   -1.74327   -1.46302
    257.26     55000   -0.89258   -2.12846   -2.10345   -2.06292   -1.59372
    280.63     60000   -0.97011   -2.30479   -2.29445   -2.33085   -1.68539
    303.99     65000   -1.01254   -2.11682   -1.94961   -1.93987   -1.67074
    327.36     70000   -0.99226   -2.03727   -1.93143   -1.90152   -1.64310
    350.73     75000   -0.97945   -2.21288   -2.24359   -2.19249   -1.68652
    374.09     80000   -1.04922   -2.32865   -2.32577   -2.29462   -1.75784
    397.46     85000   -1.15736   -2.20741   -2.08446   -2.06200   -1.79366
    420.83     90000   -1.19307   -2.31140   -2.20993   -2.18845   -1.85965
    444.19     95000   -1.24787   -2.56724   -2.73538   -2.69288   -1.95858
    467.56    100000   -1.32699   -2.50992   -2.39126   -2.38527   -2.00434
 ITERATION...
    490.92      5000   -1.37268   -2.40441   -2.26779   -2.24867   -1.99783
    514.29     10000   -1.34859   -2.51640   -2.46503   -2.42972   -2.03677
    537.65     15000   -1.40124   -2.74494   -2.86176   -2.84860   -2.11804
    561.02     20000   -1.49562   -2.60781   -2.48226   -2.46090   -2.15742
    584.38     25000   -1.53599   -2.61345   -2.49123   -2.46621   -2.19176
    607.75     30000   -1.56784   -2.84123   -2.85774   -2.82188   -2.27492
    631.12     35000   -1.64917   -2.91739   -2.87669   -2.86325   -2.34687
    654.48     40000   -1.72223   -2.77176   -2.63399   -2.61587   -2.35604
    677.85     45000   -1.71134   -2.83329   -2.73716   -2.71137   -2.38648
    701.22     50000   -1.74875   -3.08418   -3.22750   -3.19206   -2.46800
    724.58     55000   -1.83894   -3.01710   -2.91111   -2.89595   -2.52116
    747.95     60000   -1.90691   -2.94822   -2.81709   -2.79490   -2.54040
    771.31     65000   -1.91187   -3.10852   -3.05415   -3.02254   -2.60427
    794.68     70000   -1.97726   -3.31887   -3.39746   -3.37985   -2.68899
    818.04     75000   -2.05945   -3.15597   -3.02433   -3.00609   -2.71489
    841.41     80000   -2.07439   -3.15563   -3.03973   -3.01539   -2.73530
    864.78     85000   -2.09792   -3.37883   -3.41494   -3.38108   -2.80972
    888.14     90000   -2.18222   -3.43909   -3.38335   -3.36967   -2.87946
    911.51     95000   -2.26842   -3.30784   -3.17317   -3.15306   -2.89656
    934.87    100000   -2.26365   -3.39648   -3.30523   -3.27838   -2.94104
    958.24      5000   -2.30933   -3.65689   -3.81264   -3.77622   -3.02781
    981.61     10000   -2.39731   -3.56060   -3.44441   -3.42892   -3.07367
   1004.97     15000   -2.44760   -3.49527   -3.36682   -3.34421   -3.08707
   1028.34     20000   -2.45153   -3.65898   -3.61967   -3.58855   -3.14834
   1051.71     25000   -2.51953   -3.85016   -3.89997   -3.88741   -3.23041
   1075.08     30000   -2.60459   -3.69062   -3.55728   -3.53846   -3.25649
   1098.44     35000   -2.62109   -3.70945   -3.59563   -3.57087   -3.28431
   1121.81     40000   -2.65076   -3.94550   -4.00477   -3.96737   -3.36398
   1145.17     45000   -2.73588   -3.97776   -3.90522   -3.89189   -3.42958
   1168.54     50000   -2.81858   -3.85397   -3.71853   -3.69805   -3.44301
   1191.91     55000   -2.80757   -3.95171   -3.86784   -3.84008   -3.48809
   1215.27     60000   -2.85605   -4.20656   -4.36291   -4.33471   -3.57410
   1238.64     65000   -2.94389   -4.09249   -3.97150   -3.95520   -3.61697
   1262.01     70000   -2.98862   -4.04362   -3.91586   -3.89289   -3.63364
   1285.37     75000   -2.99946   -4.22269   -4.19449   -4.16206   -3.69978
   1308.74     80000   -3.07170   -4.38963   -4.41423   -4.40126   -3.77999
   1332.11     85000   -3.15543   -4.23138   -4.09652   -4.07774   -3.80224
   1355.48     90000   -3.16511   -4.26266   -4.15256   -4.12742   -3.83164
   1378.84     95000   -3.19821   -4.50618   -4.58820   -4.55083   -3.91260
   1402.21    100000   -3.28358   -4.50856   -4.42378   -4.41011   -3.97472
   1425.58      5000   -3.36884   -4.39716   -4.26230   -4.24132   -3.98835
   1448.94     10000   -3.35438   -4.51029   -4.43249   -4.40398   -4.03774
   1472.31     15000   -3.40663   -4.75876   -4.90824   -4.88199   -4.12395
   1495.67     20000   -3.49389   -4.62806   -4.50382   -4.48706   -4.16254
   1519.04     25000   -3.53047   -4.59250   -4.46728   -4.44411   -4.18026
   1542.41     30000   -3.54619   -4.78406   -4.77031   -4.73736   -4.24909
   1565.78     35000   -3.62127   -4.92500   -4.92358   -4.91151   -4.32696
   1589.14     40000   -3.70493   -4.77032   -4.63486   -4.61570   -4.34704
   1612.51     45000   -3.71004   -4.81606   -4.71007   -4.68438   -4.37985
   1635.87     50000   -3.74584   -5.06717   -5.17222   -5.13360   -4.46271
   1659.24     55000   -3.83349   -5.04166   -4.94727   -4.93288   -4.52085
   1682.60     60000   -3.91209   -4.94191   -4.80846   -4.78712   -4.53408
   1705.97     65000   -3.90032   -5.06852   -4.99912   -4.97011   -4.58675
   1729.34     70000   -3.95663   -5.30669   -5.43713   -5.41651   -4.67248
   1752.70     75000   -4.04232   -5.16343   -5.03592   -5.01872   -4.70742
   1776.07     80000   -4.07332   -5.14174   -5.01904   -4.99545   -4.72721
   1799.44     85000   -4.09237   -5.34581   -5.34805   -5.31388   -4.79908
   1822.80     90000   -4.17129   -5.46020   -5.43682   -5.42445   -4.87423
   1846.17     95000   -4.25429   -5.31117   -5.17546   -5.15591   -4.89212
   1869.54    100000   -4.25550   -5.37050   -5.26943   -5.24327   -4.92803
   1892.90      5000   -4.29415   -5.62642   -5.75339   -5.71569   -5.01224
   1916.27     10000   -4.38178   -5.57445   -5.47133   -5.45646   -5.06645
   1939.63     15000   -4.45158   -5.48730   -5.35500   -5.33327   -5.07996
   1963.00     20000   -4.44571   -5.62758   -5.56708   -5.53728   -5.13617
   1986.37     25000   -4.50669   -5.85213   -5.95815   -5.94068   -5.22104
   2009.73     30000   -4.59206   -5.70028   -5.57023   -5.55260   -5.25237
   2033.10     35000   -4.61630   -5.69224   -5.57238   -5.54840   -5.27433
   2056.47     40000   -4.63920   -5.90798   -5.92827   -5.89316   -5.34891
   2079.83     45000   -4.72126   -5.99396   -5.95082   -5.93830   -5.42107
   2103.20     50000   -4.80480   -5.85259   -5.71671   -5.69678   -5.43727
   2126.57     55000   -4.80115   -5.92575   -5.82979   -5.80308   -5.47652
   2149.93     60000   -4.84319   -6.18415   -6.32913   -6.29257   -5.56178
   2173.30     65000   -4.93130   -6.10795   -5.99786   -5.98247   -5.61193
   2196.67     70000   -4.99143   -6.03376   -5.90295   -5.88085   -5.62603
   2220.03     75000   -4.99220   -6.18756   -6.13715   -6.10663   -5.68565
   2243.40     80000   -5.05677   -6.39481   -6.47216   -6.45745   -5.76928
   2266.76     85000   -5.14195   -6.23768   -6.10553   -6.08750   -5.79728
   2290.13     90000   -5.16047   -6.24344   -6.12662   -6.10222   -5.82171
   2313.50     95000   -5.18717   -6.47012   -6.51019   -6.47393   -5.89880
   2336.86    100000   -5.27130   -6.52713   -6.46745   -6.45448   -5.96767
   2360.23      5000   -5.35462   -6.39496   -6.25932   -6.23902   -5.98253
   2383.59     10000   -5.34728   -6.48192   -6.39175   -6.36451   -6.02518
   2406.96     15000   -5.39237   -6.73991   -6.89570   -6.86215   -6.11112
   2430.33     20000   -5.48102   -6.64183   -6.52586   -6.50998   -6.15724
   2453.69     25000   -5.53220   -6.58091   -6.45180   -6.42933   -6.17232
   2477.06     30000   -5.53803   -6.74810   -6.70900   -6.67763   -6.23527
   2500.43     35000   -5.60698   -6.93502   -6.98357   -6.97031   -6.31725
   2523.79     40000   -5.69088   -6.77598   -6.64232   -6.62388   -6.34218
   2547.16     45000   -5.70577   -6.79552   -6.68217   -6.65734   -6.36930
   2570.52     50000   -5.73514   -7.03205   -7.09377   -7.05658   -6.44866
   2593.89     55000   -5.82040   -7.05984   -6.98598   -6.97256   -6.51399
   2617.25     60000   -5.90415   -6.93809   -6.80293   -6.78225   -6.52793
   2640.62     65000   -5.89328   -7.03883   -6.95510   -6.92726   -6.57405
   2663.99     70000   -5.94232   -7.29326   -7.45023   -7.42064   -6.66028
   2687.35     75000   -6.02991   -7.17639   -7.05564   -7.03929   -6.70241
   2710.71     80000   -6.07322   -7.12894   -7.00181   -6.97897   -6.71881
   2734.08     85000   -6.08427   -7.30926   -7.28296   -7.25071   -6.78499
   2757.44     90000   -6.15684   -7.47301   -7.49401   -7.48156   -6.86494
   2780.81     95000   -6.24099   -7.31505   -7.18029   -7.16145   -6.88711
   2804.17    100000   -6.25015   -7.34840   -7.23886   -7.21358   -6.91714
   2827.54      5000   -6.28373   -7.59339   -7.67802   -7.64005   -6.99847
   2850.90     10000   -6.36938   -7.59245   -7.50675   -7.49282   -7.06007
   2874.27     15000   -6.45418   -7.48208   -7.34768   -7.32664   -7.07348
   2897.63     20000   -6.43938   -7.59658   -7.52006   -7.49161   -7.12310
   2921.00     25000   -6.49208   -7.84399   -7.99128   -7.96639   -7.20924
   2944.36     30000   -6.57917   -7.71162   -7.58694   -7.57014   -7.24747
   2967.72     35000   -6.61520   -7.67778   -7.55288   -7.52965   -7.26552
   2991.09     40000   -6.63167   -7.87088   -7.85899   -7.82577   -7.33479
   3014.46     45000   -6.70709   -8.00919   -8.00521   -7.99300   -7.41235
   3037.82     50000   -6.79043   -7.85497   -7.71951   -7.70029   -7.43210
   3061.18     55000   -6.79508   -7.90213   -7.79685   -7.77110   -7.46519
   3084.55     60000   -6.83112   -8.15386   -8.26165   -8.22339   -7.54820
   3107.91     65000   -6.91880   -8.12516   -8.02949   -8.01505   -7.60591
   3131.28     70000   -6.99639   -8.02688   -7.89348   -7.87208   -7.61920
   3154.64     75000   -6.98537   -8.15510   -8.08665   -8.05752   -7.67232
   3178.01     80000   -7.04223   -8.39191   -8.52010   -8.49961   -7.75797
   3201.37     85000   -7.12786   -8.24760   -8.11975   -8.10251   -7.79245
   3224.73     90000   -7.15805   -8.22745   -8.10507   -8.08145   -7.81246
   3248.10     95000   -7.17752   -8.43287   -8.43720   -8.40296   -7.88464
   3271.47    100000   -7.25681   -8.54394   -8.51788   -8.50558   -7.95947
   3294.83      5000   -7.33990   -8.39571   -8.25990   -8.24029   -7.97716
   3318.20     10000   -7.34055   -8.45668   -8.35613   -8.32988   -8.01347
   3341.56     15000   -7.37968   -8.71305   -8.84239   -8.80460   -8.09782
   3364.93     20000   -7.46728   -8.65817   -8.55421   -8.53926   -8.15155
   3388.29     25000   -7.53605   -8.57251   -8.44038   -8.41861   -8.16510
   3411.66     30000   -7.53084   -8.71438   -8.65500   -8.62515   -8.22170
   3435.03     35000   -7.59237   -8.93702   -9.03962   -9.02266   -8.30645
   3458.39     40000   -7.67771   -8.78435   -8.65397   -8.63630   -8.33738
   3481.76     45000   -7.70117   -8.77794   -8.65838   -8.63435   -8.35962
   3505.12     50000   -7.72453   -8.99503   -9.01749   -8.98219   -8.43451
   3528.48     55000   -7.80695   -9.07766   -9.03250   -9.01990   -8.50630
   3551.85     60000   -7.89055   -8.93730   -8.80144   -8.78146   -8.52232
   3575.21     65000   -7.88632   -9.01207   -8.91677   -8.89000   -8.56196
   3598.58     70000   -7.92864   -9.27057   -9.41720   -9.38103   -8.64731
MyID= 0: Time=  0.1,has convergenced
     1686577 iterations for the convertgence of psi
 MyID=           0 has finish
