 START-UP FOR CHUNK...
     23.42      5000   -0.67334   -2.04609   -2.35887   -2.86862   -1.29245
     46.76     10000   -0.95000   -2.11329   -2.61693   -2.89548   -1.54654
     70.09     15000   -1.08895   -2.19157   -2.58130   -2.76707   -1.69269
     93.43     20000   -1.16939   -2.65946   -2.46844   -2.56478   -1.80465
    116.76     25000   -1.17509   -2.84090   -2.35827   -2.35034   -1.86557
    140.10     30000   -1.10849   -2.54186   -2.10679   -2.12263   -1.83096
    163.43     35000   -0.97846   -2.31803   -1.86207   -1.88114   -1.68348
    186.77     40000   -0.80407   -2.08427   -1.62897   -1.64027   -1.46740
    210.11     45000   -0.62252   -1.75494   -1.45439   -1.44425   -1.25087
    233.44     50000   -0.43152   -1.53495   -1.42803   -1.41242   -1.11066
    256.78     55000   -0.37255   -1.72180   -1.65482   -1.69986   -1.12158
    280.12     60000   -0.47644   -1.78799   -1.60842   -1.56099   -1.21532
    303.45     65000   -0.68726   -1.78701   -1.63365   -1.59763   -1.34585
    326.79     70000   -0.76450   -2.02925   -1.96691   -1.94607   -1.49384
    350.12     75000   -0.84028   -2.17006   -2.02961   -2.02831   -1.54687
    373.46     80000   -0.84222   -1.97258   -1.75419   -1.73973   -1.49056
    396.80     85000   -0.78019   -1.87748   -1.77474   -1.76037   -1.45686
    420.13     90000   -0.77212   -2.08989   -2.09747   -2.14802   -1.50756
    443.46     95000   -0.85679   -2.11286   -1.95060   -1.91874   -1.56521
    466.80    100000   -0.98018   -2.04611   -1.90760   -1.88463   -1.63081
 ITERATION...
    490.13      5000   -1.02041   -2.24553   -2.19506   -2.18758   -1.73833
    513.47     10000   -1.09429   -2.44083   -2.35234   -2.34536   -1.80326
    536.80     15000   -1.14071   -2.25399   -2.07073   -2.05102   -1.78718
    560.14     20000   -1.11207   -2.21445   -2.11822   -2.10393   -1.79415
    583.47     25000   -1.12851   -2.44789   -2.48518   -2.52658   -1.86029
    606.81     30000   -1.20778   -2.44841   -2.28600   -2.25845   -1.90561
    630.14     35000   -1.29401   -2.35423   -2.21688   -2.19467   -1.94460
    653.48     40000   -1.31357   -2.51918   -2.47691   -2.46983   -2.03065
    676.81     45000   -1.38365   -2.73937   -2.67092   -2.66273   -2.09685
    700.15     50000   -1.44885   -2.55920   -2.38619   -2.36430   -2.09615
    723.48     55000   -1.43653   -2.53761   -2.43930   -2.42387   -2.11887
    746.82     60000   -1.46174   -2.77243   -2.82249   -2.85566   -2.19125
    770.15     65000   -1.53660   -2.78407   -2.61973   -2.59484   -2.23223
    793.49     70000   -1.61114   -2.66886   -2.52811   -2.50584   -2.25771
    816.82     75000   -1.61704   -2.80722   -2.76311   -2.75499   -2.33199
    840.16     80000   -1.68404   -3.04606   -2.99857   -2.99327   -2.40020
    863.49     85000   -1.75525   -2.87424   -2.70288   -2.68011   -2.40728
    886.83     90000   -1.75491   -2.85256   -2.74811   -2.73151   -2.43544
    910.17     95000   -1.78157   -3.08125   -3.13082   -3.15605   -2.51067
    933.50    100000   -1.85529   -3.11688   -2.95424   -2.93113   -2.55189
    956.84      5000   -1.92875   -2.98487   -2.83976   -2.81744   -2.57007
    980.17     10000   -1.92539   -3.10180   -3.05070   -3.04139   -2.63693
   1003.51     15000   -1.98799   -3.35420   -3.33032   -3.32960   -2.70747
   1026.84     20000   -2.06194   -3.19294   -3.02153   -2.99831   -2.71927
   1050.18     25000   -2.07087   -3.16325   -3.05250   -3.03499   -2.74825
   1073.52     30000   -2.09636   -3.38255   -3.42392   -3.44229   -2.82453
   1096.85     35000   -2.16859   -3.44702   -3.28962   -3.26778   -2.86816
   1120.19     40000   -2.24681   -3.30100   -3.15214   -3.12972   -2.88228
   1143.52     45000   -2.23626   -3.39939   -3.34025   -3.32980   -2.94375
   1166.86     50000   -2.29476   -3.66134   -3.66163   -3.66664   -3.01653
   1190.19     55000   -2.36988   -3.51400   -3.34221   -3.31867   -3.03186
   1213.53     60000   -2.38657   -3.47236   -3.35610   -3.33782   -3.05957
   1236.86     65000   -2.40786   -3.68007   -3.70996   -3.72278   -3.13575
   1260.20     70000   -2.48046   -3.77561   -3.62594   -3.60530   -3.18274
   1283.53     75000   -2.56539   -3.61770   -3.46544   -3.44282   -3.19457
   1306.87     80000   -2.54770   -3.69891   -3.63185   -3.62025   -3.25162
   1330.20     85000   -2.60288   -3.96623   -3.98919   -4.00062   -3.32637
   1353.54     90000   -2.67713   -3.83710   -3.66475   -3.64102   -3.34487
   1376.87     95000   -2.70133   -3.78161   -3.66029   -3.64130   -3.37041
   1400.21    100000   -2.71937   -3.97614   -3.99340   -4.00159   -3.44570
   1423.54      5000   -2.78983   -4.10279   -3.96331   -3.94412   -3.49640
   1446.88     10000   -2.87998   -3.93528   -3.77972   -3.75688   -3.50702
   1470.22     15000   -2.85986   -4.00006   -3.92531   -3.91255   -3.56010
   1493.55     20000   -2.91145   -4.26856   -4.31055   -4.32801   -3.63649
   1516.89     25000   -2.98476   -4.16171   -3.98899   -3.96522   -3.65815
   1540.22     30000   -3.01559   -4.09165   -3.96549   -3.94587   -3.68120
   1563.56     35000   -3.03037   -4.27203   -4.27641   -4.28065   -3.75502
   1586.89     40000   -3.10005   -4.42822   -4.30178   -4.28445   -3.80951
   1610.23     45000   -3.18946   -4.25373   -4.09504   -4.07198   -3.81964
   1633.56     50000   -3.17360   -4.30255   -4.22041   -4.20655   -3.86896
   1656.90     55000   -3.22047   -4.56858   -4.62402   -4.64594   -3.94661
   1680.24     60000   -3.29357   -4.48734   -4.31485   -4.29116   -3.97157
   1703.57     65000   -3.33107   -4.40258   -4.27183   -4.25166   -3.99211
   1726.91     70000   -3.34205   -4.56827   -4.56007   -4.56091   -4.06402
   1750.24     75000   -3.41124   -4.75155   -4.64126   -4.62630   -4.12222
   1773.58     80000   -3.49596   -4.57300   -4.41145   -4.38818   -4.13243
   1796.91     85000   -3.48641   -4.60614   -4.51702   -4.50215   -4.17810
   1820.25     90000   -3.52966   -4.86668   -4.92901   -4.95305   -4.25661
   1843.58     95000   -3.60146   -4.81375   -4.64230   -4.61881   -4.28506
   1866.92    100000   -3.64705   -4.71440   -4.57933   -4.55866   -4.30320
   1890.25      5000   -3.65354   -4.86508   -4.84490   -4.84284   -4.37285
   1913.59     10000   -3.72057   -5.07242   -4.98141   -4.96947   -4.43460
   1936.92     15000   -3.80352   -4.89314   -4.72899   -4.70552   -4.44539
   1960.26     20000   -3.79994   -4.91072   -4.81505   -4.79925   -4.48745
   1983.59     25000   -3.83859   -5.16328   -5.22610   -5.24983   -4.56642
   2006.93     30000   -3.90984   -5.14076   -4.97134   -4.94816   -4.59855
   2030.26     35000   -3.96371   -5.02715   -4.88799   -4.86688   -4.61452
   2053.60     40000   -3.96434   -5.16261   -5.13118   -5.12662   -4.68161
   2076.94     45000   -4.03031   -5.39043   -5.32164   -5.31352   -4.74668
   2100.27     50000   -4.11139   -5.21419   -5.04770   -5.02407   -4.75849
   2123.61     55000   -4.11340   -5.21627   -5.11444   -5.09780   -4.79701
   2146.94     60000   -4.14811   -5.45884   -5.51679   -5.53825   -4.87602
   2170.28     65000   -4.21956   -5.46817   -5.30199   -5.27926   -4.91199
   2193.61     70000   -4.28147   -5.34085   -5.19779   -5.17627   -4.92607
   2216.95     75000   -4.27641   -5.46097   -5.41904   -5.41230   -4.99034
   2240.28     80000   -4.34036   -5.70525   -5.66100   -5.65759   -5.05846
   2263.62     85000   -4.41793   -5.53617   -5.36763   -5.34387   -5.07173
   2286.96     90000   -4.42644   -5.52278   -5.41514   -5.39773   -5.10679
   2310.29     95000   -4.45699   -5.75379   -5.80298   -5.82096   -5.18543
   2333.63    100000   -4.52908   -5.79570   -5.63425   -5.61216   -5.22535
   2356.96      5000   -4.59854   -5.65550   -5.50874   -5.48684   -5.23785
   2380.30     10000   -4.58886   -5.76022   -5.70850   -5.69989   -5.29910
   2403.63     15000   -4.64891   -6.01667   -5.99814   -6.00030   -5.36993
   2426.97     20000   -4.72580   -5.85908   -5.68881   -5.66496   -5.38508
   2450.30     25000   -4.74032   -5.83024   -5.71712   -5.69901   -5.41678
   2473.64     30000   -4.76664   -6.04851   -6.08648   -6.10045   -5.49466
   2496.97     35000   -4.83878   -6.12306   -5.96815   -5.94692   -5.53858
   2520.33     40000   -4.91679   -5.97111   -5.82082   -5.79858   -5.54985
   2543.68     45000   -4.90228   -6.06040   -5.99958   -5.98931   -5.60792
   2567.04     50000   -4.95868   -6.32468   -6.33133   -6.33967   -5.68112
   2590.40     55000   -5.03487   -6.18287   -6.01129   -5.98740   -5.69853
   2613.76     60000   -5.05552   -6.13865   -6.02034   -6.00159   -5.72698
   2637.11     65000   -5.07628   -6.34329   -6.36876   -6.37869   -5.80373
   2660.47     70000   -5.14798   -6.44986   -6.30365   -6.28357   -5.85166
   2683.82     75000   -5.23484   -6.28767   -6.13404   -6.11149   -5.86208
   2707.18     80000   -5.21409   -6.36152   -6.29223   -6.28051   -5.91682
   2730.54     85000   -5.26766   -6.62948   -6.65863   -6.67316   -5.99200
   2753.89     90000   -5.34215   -6.50753   -6.33512   -6.31123   -6.01204
   2777.25     95000   -5.36934   -6.44800   -6.32478   -6.30544   -6.03742
   2800.61    100000   -5.38703   -6.63838   -6.65093   -6.65705   -6.11267
   2823.96      5000   -5.45694   -6.77567   -6.64069   -6.62213   -6.16456
   2847.32     10000   -5.54620   -6.60519   -6.44840   -6.42557   -6.17452
   2870.68     15000   -5.52721   -6.66359   -6.58641   -6.57342   -6.22583
   2894.03     20000   -5.57735   -6.93141   -6.97830   -6.99813   -6.30259
   2917.39     25000   -5.65040   -6.83299   -6.66033   -6.63651   -6.32560
   2940.75     30000   -5.68390   -6.75829   -6.63041   -6.61052   -6.34809
   2964.10     35000   -5.69764   -6.93396   -6.93373   -6.93640   -6.42150
   2987.46     40000   -5.76720   -7.10000   -6.97911   -6.96252   -6.47726
   3010.82     45000   -5.85480   -6.92367   -6.76392   -6.74083   -6.48715
   3034.17     50000   -5.84098   -6.96661   -6.88209   -6.86795   -6.53497
   3057.53     55000   -5.88628   -7.23092   -7.28930   -7.31259   -6.61291
   3080.88     60000   -5.95959   -7.15918   -6.98698   -6.96332   -6.63917
   3104.24     65000   -5.99979   -7.06951   -6.93720   -6.91682   -6.65900
   3127.60     70000   -6.00954   -7.23019   -7.21763   -7.21724   -6.73027
   3150.95     75000   -6.07752   -7.42234   -7.31861   -7.30460   -6.78972
   3174.31     80000   -6.16148   -7.24310   -7.08061   -7.05729   -6.79998
   3197.67     85000   -6.15406   -7.27060   -7.17920   -7.16404   -6.84427
   3221.02     90000   -6.19592   -7.52854   -7.59163   -7.61603   -6.92295
   3244.38     95000   -6.26716   -7.48598   -7.31512   -7.29171   -6.95272
   3267.74    100000   -6.31572   -7.38168   -7.24515   -7.22431   -6.97015
   3291.09      5000   -6.32024   -7.52715   -7.50291   -7.49985   -7.03898
   3314.45     10000   -6.38720   -7.74216   -7.65873   -7.64800   -7.10192
   3337.81     15000   -6.46949   -7.56349   -7.39849   -7.37498   -7.11297
   3361.16     20000   -6.46747   -7.57554   -7.47770   -7.46162   -7.15374
   3384.52     25000   -6.50475   -7.82477   -7.88639   -7.90963   -7.23275
   3407.88     30000   -6.57605   -7.81324   -7.64479   -7.62175   -7.26623
   3431.23     35000   -6.63287   -7.69479   -7.55424   -7.53297   -7.28154
   3454.59     40000   -6.63145   -7.82494   -7.78972   -7.78432   -7.34769
   3477.95     45000   -6.69671   -8.05904   -7.99870   -7.99210   -7.41386
   3501.30     50000   -6.77653   -7.88483   -7.71758   -7.69391   -7.42612
   3524.66     55000   -6.78111   -7.88143   -7.77754   -7.76064   -7.46339
   3548.01     60000   -6.81404   -8.12009   -8.17533   -8.19573   -7.54231
   3571.37     65000   -6.88624   -8.14077   -7.97605   -7.95352   -7.57966
   3594.72     70000   -6.95028   -8.00885   -7.86446   -7.84280   -7.59316
   3618.08     75000   -6.94384   -8.12360   -8.07814   -8.07070   -7.65641
   3641.44     80000   -7.00627   -8.37265   -8.33740   -8.33584   -7.72552
   3664.79     85000   -7.08353   -8.20712   -8.03793   -8.01413   -7.73939
   3688.15     90000   -7.09414   -8.18828   -8.07869   -8.06104   -7.77325
   3711.50     95000   -7.12339   -8.41493   -8.46040   -8.47703   -7.85167
   3734.86    100000   -7.19531   -8.46830   -8.30891   -8.28709   -7.89298
   3758.21      5000   -7.26783   -8.32384   -8.17582   -8.15380   -7.90502
   3781.57     10000   -7.25642   -8.42317   -8.36817   -8.35895   -7.96518
   3804.93     15000   -7.31518   -8.68286   -8.67334   -8.67762   -8.03688
   3828.28     20000   -7.39186   -8.53032   -8.35955   -8.33568   -8.05278
   3851.45     25000   -7.40849   -8.49607   -8.38111   -8.36277   -8.08331
   3874.34     30000   -7.43286   -8.70965   -8.74333   -8.75588   -8.16084
   3897.12     35000   -7.50548   -8.79552   -8.64338   -8.62253   -8.20617
   3920.12     40000   -7.58614   -8.63979   -8.48830   -8.46595   -8.21710
   3943.43     45000   -7.56927   -8.72367   -8.65981   -8.64901   -8.27402
   3966.68     50000   -7.62506   -8.98971   -9.00467   -9.01522   -8.34796
   3990.03     55000   -7.70026   -8.85442   -8.68249   -8.65859   -8.36625
   4013.12     60000   -7.72358   -8.80481   -8.68476   -8.66579   -8.39360
   4035.84     65000   -7.74295   -9.00451   -9.02547   -9.03403   -8.46986
   4058.41     70000   -7.81396   -9.12203   -8.97945   -8.95985   -8.51920
   4081.02     75000   -7.90332   -8.95669   -8.80193   -8.77927   -8.52940
   4103.36     80000   -7.88153   -9.02512   -8.95300   -8.94082   -8.58296
   4125.53     85000   -7.93390   -9.29345   -9.32947   -9.34600   -8.65874
MyID= 0: Time=  0.1,has convergenced
     1684948 iterations for the convertgence of psi
 MyID=           0 has finish
