 START-UP FOR CHUNK...
     23.53      5000   -0.67908   -2.04531   -2.36895   -3.03497   -1.29365
     46.97     10000   -0.96510   -2.11136   -2.70235   -3.10229   -1.54826
     70.41     15000   -1.11786   -2.19650   -2.65334   -3.01153   -1.69657
     93.84     20000   -1.22193   -2.73491   -2.59436   -2.81276   -1.81688
    117.28     25000   -1.26442   -3.08250   -2.59888   -2.59834   -1.90246
    140.72     30000   -1.23796   -2.66430   -2.34027   -2.36746   -1.93011
    164.15     35000   -1.14634   -2.44443   -2.10012   -2.12034   -1.86133
    187.59     40000   -0.99498   -2.30415   -1.84325   -1.86308   -1.67816
    211.03     45000   -0.79874   -2.01346   -1.60315   -1.61202   -1.43867
    234.46     50000   -0.55297   -1.69501   -1.43004   -1.41403   -1.21321
    257.89     55000   -0.36549   -1.50514   -1.41330   -1.40989   -1.08139
    281.32     60000   -0.33236   -1.79609   -1.61957   -1.64165   -1.10702
    304.75     65000   -0.47518   -1.72607   -1.56073   -1.50834   -1.20901
    328.18     70000   -0.67629   -1.80029   -1.65547   -1.61481   -1.35729
    351.61     75000   -0.76136   -2.05965   -2.03951   -2.01777   -1.49994
    375.04     80000   -0.82367   -2.13037   -1.91436   -1.90866   -1.52031
    398.47     85000   -0.81485   -1.90959   -1.70625   -1.69188   -1.45038
    421.90     90000   -0.74139   -1.86147   -1.78714   -1.78360   -1.43192
    445.33     95000   -0.75725   -2.15103   -2.08937   -2.12799   -1.49503
    468.76    100000   -0.86063   -2.04576   -1.88368   -1.84980   -1.55139
 ITERATION...
    492.19      5000   -0.96279   -2.05399   -1.92421   -1.90256   -1.63398
    515.62     10000   -1.01684   -2.29560   -2.29700   -2.29894   -1.74406
    539.05     15000   -1.08404   -2.39164   -2.22262   -2.20879   -1.78309
    562.48     20000   -1.12891   -2.20169   -2.03009   -2.01082   -1.75955
    585.92     25000   -1.08081   -2.21987   -2.15528   -2.14885   -1.78215
    609.35     30000   -1.12011   -2.49820   -2.48277   -2.50864   -1.85093
    632.78     35000   -1.21105   -2.37433   -2.20717   -2.17911   -1.88664
    656.21     40000   -1.26759   -2.35123   -2.22589   -2.20623   -1.93950
    679.64     45000   -1.30435   -2.57298   -2.58070   -2.58429   -2.03158
    703.07     50000   -1.37353   -2.68631   -2.53173   -2.51408   -2.07607
    726.51     55000   -1.44183   -2.50613   -2.34338   -2.32231   -2.07032
    749.94     60000   -1.40664   -2.54766   -2.47929   -2.47078   -2.10858
    773.37     65000   -1.45212   -2.82033   -2.82990   -2.85304   -2.18030
    796.80     70000   -1.53387   -2.70249   -2.53057   -2.50443   -2.20795
    820.23     75000   -1.57675   -2.65422   -2.52845   -2.50894   -2.24558
    843.66     80000   -1.60208   -2.85582   -2.86102   -2.86457   -2.32857
    867.09     85000   -1.67128   -2.99512   -2.85183   -2.83375   -2.37772
    890.52     90000   -1.75084   -2.81559   -2.65399   -2.63203   -2.37981
    913.96     95000   -1.72400   -2.85909   -2.78405   -2.77332   -2.42354
    937.39    100000   -1.77023   -3.12937   -3.15931   -3.18421   -2.49763
    960.82      5000   -1.84677   -3.02941   -2.85414   -2.82890   -2.52312
    984.25     10000   -1.88589   -2.96021   -2.83133   -2.81143   -2.55192
   1007.68     15000   -1.90423   -3.14324   -3.14029   -3.14274   -2.62946
   1031.11     20000   -1.97320   -3.30962   -3.17878   -3.16168   -2.68285
   1054.54     25000   -2.05738   -3.12793   -2.96472   -2.94218   -2.68869
   1077.97     30000   -2.03779   -3.16426   -3.08165   -3.06925   -2.73332
   1101.40     35000   -2.08179   -3.43059   -3.47571   -3.50249   -2.80928
   1124.84     40000   -2.15582   -3.35479   -3.17794   -3.15341   -2.83554
   1148.27     45000   -2.19692   -3.26787   -3.13496   -3.11469   -2.85876
   1171.70     50000   -2.20947   -3.43389   -3.42093   -3.42142   -2.93246
   1195.13     55000   -2.27818   -3.62547   -3.50945   -3.49436   -2.98969
   1218.56     60000   -2.36077   -3.44198   -3.27652   -3.25352   -2.99758
   1241.99     65000   -2.34866   -3.46730   -3.37744   -3.36367   -3.04093
   1265.42     70000   -2.39015   -3.72777   -3.78109   -3.80835   -3.11820
   1288.86     75000   -2.46218   -3.67908   -3.50235   -3.47830   -3.14667
   1312.29     80000   -2.50905   -3.57650   -3.43952   -3.41892   -3.16606
   1335.72     85000   -2.51657   -3.72655   -3.70328   -3.70169   -3.23659
   1359.15     90000   -2.58276   -3.94042   -3.84216   -3.82987   -3.29733
   1382.58     95000   -2.66478   -3.75733   -3.58958   -3.56625   -3.30666
   1406.01    100000   -2.65930   -3.76976   -3.67337   -3.65847   -3.34768
   1429.45      5000   -2.69716   -4.02245   -4.07760   -4.10373   -3.42572
   1452.88     10000   -2.76783   -4.00298   -3.82762   -3.80398   -3.45716
   1476.31     15000   -2.82160   -3.88594   -3.74505   -3.72408   -3.47369
   1499.74     20000   -2.82292   -4.02061   -3.98734   -3.98371   -3.54131
   1523.17     25000   -2.88843   -4.25350   -4.17569   -4.16698   -3.60528
   1546.60     30000   -2.96935   -4.07389   -3.90391   -3.88031   -3.61595
   1570.04     35000   -2.96917   -4.07250   -3.97010   -3.95426   -3.65416
   1593.47     40000   -3.00368   -4.31558   -4.36745   -4.39111   -3.73248
   1616.90     45000   -3.07426   -4.32676   -4.15395   -4.13078   -3.76729
   1640.33     50000   -3.13545   -4.19620   -4.05154   -4.03020   -3.78161
   1663.76     55000   -3.13077   -4.31580   -4.27300   -4.26744   -3.84634
   1687.19     60000   -3.19436   -4.56404   -4.50885   -4.50460   -3.91326
   1710.62     65000   -3.27228   -4.39158   -4.21948   -4.19567   -3.92544
   1734.05     70000   -3.27914   -4.37591   -4.26789   -4.25120   -3.96062
   1757.48     75000   -3.30958   -4.60790   -4.65275   -4.67303   -4.03879
   1780.91     80000   -3.38092   -4.65041   -4.48149   -4.45891   -4.07720
   1804.35     85000   -3.44908   -4.50730   -4.35899   -4.33728   -4.08977
   1827.78     90000   -3.43955   -4.61199   -4.56017   -4.55283   -4.15156
   1851.21     95000   -3.49988   -4.87165   -4.84038   -4.84142   -4.22113
   1874.64    100000   -3.57643   -4.71025   -4.53625   -4.51229   -4.23507
   1898.07      5000   -3.58900   -4.68010   -4.56677   -4.54933   -4.26718
   1921.50     10000   -3.61601   -4.89992   -4.93528   -4.95173   -4.34479
   1944.93     15000   -3.68690   -4.97376   -4.81032   -4.78852   -4.38692
   1968.37     20000   -3.76321   -4.81924   -4.66741   -4.64535   -4.39814
   1991.80     25000   -3.74879   -4.90912   -4.84880   -4.83984   -4.45691
   2015.23     30000   -3.80567   -5.17625   -5.16879   -5.17574   -4.52881
   2038.66     35000   -3.88177   -5.02981   -4.85422   -4.83016   -4.54481
   2062.08     40000   -3.90000   -4.98511   -4.86675   -4.84863   -4.57389
   2085.51     45000   -3.92200   -5.19194   -5.21641   -5.22897   -4.65058
   2108.94     50000   -3.99362   -5.29656   -5.14049   -5.11970   -4.69647
   2132.37     55000   -4.07771   -5.13200   -4.97682   -4.95443   -4.70672
   2155.81     60000   -4.05778   -5.20713   -5.13882   -5.12840   -4.76236
   2179.24     65000   -4.11190   -5.47794   -5.49248   -5.50550   -4.83627
   2202.67     70000   -4.18616   -5.35020   -5.17340   -5.14930   -4.85464
   2226.10     75000   -4.21123   -5.29096   -5.16781   -5.14907   -4.88079
   2249.53     80000   -4.22890   -5.48422   -5.49717   -5.50600   -4.95622
   2272.96     85000   -4.29866   -5.61846   -5.47196   -5.45250   -5.00586
   2296.39     90000   -4.38838   -5.44560   -5.28721   -5.26451   -5.01549
   2319.82     95000   -4.36664   -5.50602   -5.43020   -5.41847   -5.06792
   2343.25    100000   -4.41753   -5.77701   -5.80995   -5.82850   -5.14349
   2366.68      5000   -4.49070   -5.67134   -5.49381   -5.46973   -5.16452
   2390.11     10000   -4.52148   -5.59764   -5.46993   -5.45062   -5.18788
   2413.54     15000   -4.53607   -5.77692   -5.77826   -5.78365   -5.26173
   2436.97     20000   -4.60485   -5.93909   -5.80463   -5.78689   -5.31506
   2460.40     25000   -4.69429   -5.76005   -5.59861   -5.57564   -5.32444
   2483.83     30000   -4.67666   -5.80577   -5.72290   -5.70999   -5.37359
   2507.24     35000   -4.72380   -6.07383   -6.12013   -6.14289   -5.45046
   2530.66     40000   -4.79605   -5.99318   -5.81549   -5.79149   -5.47443
   2554.08     45000   -4.83291   -5.90517   -5.77310   -5.75325   -5.49518
   2577.51     50000   -4.84372   -6.07018   -6.06015   -6.06244   -5.56716
   2600.94     55000   -4.91218   -6.25800   -6.13831   -6.12278   -5.62406
   2624.36     60000   -4.99775   -6.07535   -5.91104   -5.88781   -5.63357
   2647.79     65000   -4.98639   -6.10638   -6.01688   -6.00290   -5.67940
   2671.22     70000   -5.02941   -6.36884   -6.42274   -6.44775   -5.75719
   2694.64     75000   -5.10105   -6.31561   -6.13846   -6.11462   -5.78434
   2718.07     80000   -5.14515   -6.21353   -6.07729   -6.05694   -5.80269
   2741.49     85000   -5.15234   -6.36410   -6.34314   -6.34267   -5.87254
   2764.92     90000   -5.21843   -6.57476   -6.47266   -6.45994   -5.93284
   2788.34     95000   -5.30169   -6.39151   -6.22451   -6.20105   -5.94285
   2811.77    100000   -5.29625   -6.40785   -6.31209   -6.29715   -5.98535
   2835.20      5000   -5.33540   -6.66249   -6.71831   -6.74346   -6.06370
   2858.63     10000   -5.40576   -6.63852   -6.46277   -6.43919   -6.09423
   2882.06     15000   -5.45760   -6.52274   -6.38249   -6.36169   -6.11041
   2905.50     20000   -5.45917   -6.65874   -6.62739   -6.62448   -6.17788
   2928.93     25000   -5.52487   -6.88895   -6.80717   -6.79797   -6.24139
   2952.36     30000   -5.60677   -6.70852   -6.53904   -6.51538   -6.25227
   2975.79     35000   -5.60582   -6.71018   -6.60851   -6.59269   -6.29147
   2999.22     40000   -5.64117   -6.95520   -7.00806   -7.03151   -6.36999
   3022.66     45000   -5.71163   -6.96175   -6.78844   -6.76525   -6.40407
   3046.09     50000   -5.77127   -6.83279   -6.68870   -6.66748   -6.41834
   3069.52     55000   -5.76715   -6.95416   -6.91301   -6.90794   -6.48322
   3092.95     60000   -5.83096   -7.20026   -7.14105   -7.13618   -6.54969
   3116.38     65000   -5.90960   -7.02638   -6.85466   -6.83082   -6.56183
   3139.82     70000   -5.91581   -7.01336   -6.90609   -6.88947   -6.59775
   3163.25     75000   -5.94694   -7.24735   -7.29352   -7.31401   -6.67608
   3186.69     80000   -6.01829   -7.28511   -7.11550   -7.09285   -6.71384
   3210.12     85000   -6.08503   -7.14368   -6.99591   -6.97429   -6.72648
   3233.56     90000   -6.07607   -7.25039   -7.20003   -7.19305   -6.78858
   3257.00     95000   -6.13690   -7.50850   -7.47326   -7.47354   -6.85775
   3280.43    100000   -6.21362   -7.34509   -7.17138   -7.14742   -6.87150
   3303.87      5000   -6.22543   -7.31739   -7.20481   -7.18745   -6.90421
   3327.30     10000   -6.25307   -7.53926   -7.57620   -7.59307   -6.98199
   3350.74     15000   -6.32400   -7.60834   -7.44397   -7.42205   -7.02350
   3374.18     20000   -6.39896   -7.45542   -7.30412   -7.28213   -7.03483
   3397.61     25000   -6.38520   -7.54745   -7.48846   -7.47978   -7.09399
   3421.05     30000   -6.44259   -7.81364   -7.80245   -7.80853   -7.16554
   3444.48     35000   -6.51881   -7.66461   -7.48925   -7.46519   -7.18126
   3467.92     40000   -6.53622   -7.62226   -7.50464   -7.48660   -7.21086
   3491.36     45000   -6.55909   -7.83120   -7.85740   -7.87046   -7.28775
   3514.79     50000   -6.63086   -7.93115   -7.77384   -7.75289   -7.33304
   3538.23     55000   -6.71344   -7.76801   -7.61334   -7.59101   -7.34338
   3561.66     60000   -6.69447   -7.84535   -7.77827   -7.76809   -7.39946
   3585.10     65000   -6.74908   -8.11581   -8.12708   -8.13921   -7.47308
   3608.54     70000   -6.82351   -7.98492   -7.80829   -7.78418   -7.49109
   3631.97     75000   -6.84774   -7.92798   -7.80555   -7.78689   -7.51771
   3655.41     80000   -6.86577   -8.12340   -8.13814   -8.14748   -7.59337
   3678.84     85000   -6.93582   -8.25318   -8.10506   -8.08538   -7.64243
   3702.28     90000   -7.02556   -8.08146   -7.92355   -7.90091   -7.65211
   3725.71     95000   -7.00316   -8.14412   -8.06944   -8.05792   -7.70502
   3749.15    100000   -7.05455   -8.41528   -8.44564   -8.46344   -7.78035
   3772.59      5000   -7.12795   -8.30598   -8.12853   -8.10444   -7.80097
   3796.02     10000   -7.15781   -8.23453   -8.10751   -8.08828   -7.82477
   3819.46     15000   -7.17300   -8.41601   -8.41913   -8.42501   -7.89889
   3842.89     20000   -7.24182   -8.57401   -8.43753   -8.41949   -7.95165
   3866.33     25000   -7.33129   -8.39576   -8.23479   -8.21186   -7.96104
   3889.76     30000   -7.31302   -8.44374   -8.36194   -8.34921   -8.01069
   3913.20     35000   -7.36101   -8.71243   -8.75702   -8.77927   -8.08738
   3936.42     40000   -7.43313   -8.62773   -8.45003   -8.42600   -8.11088
   3959.62     45000   -7.46905   -8.54193   -8.41052   -8.39075   -8.13203
   3982.36     50000   -7.48046   -8.70917   -8.70087   -8.70361   -8.20432
   4004.97     55000   -7.54897   -8.89321   -8.77106   -8.75514   -8.26067
   4027.60     60000   -7.63523   -8.71093   -8.54705   -8.52385   -8.27013
   4050.21     65000   -7.62296   -8.74422   -8.65572   -8.64190   -8.31648
   4072.81     70000   -7.66645   -9.00770   -9.06080   -9.08562   -8.39415
   4095.41     75000   -7.73842   -8.95008   -8.77280   -8.74893   -8.42080
   4118.03     80000   -7.78132   -8.85017   -8.71456   -8.69429   -8.43950
   4140.26     85000   -7.78907   -9.00298   -8.98367   -8.98360   -8.50970
   4162.08     90000   -7.85550   -9.21032   -9.10533   -9.09212   -8.56949
   4183.92     95000   -7.93899   -9.02695   -8.86035   -8.83692   -8.57939
   4205.75    100000   -7.93264   -9.04556   -8.95074   -8.93594   -8.62241
   4227.58      5000   -7.97259   -9.30153   -9.35740   -9.38266   -8.70069
MyID= 0: Time=  0.1,has convergenced
     1684378 iterations for the convertgence of psi
 MyID=           0 has finish
