 START-UP FOR CHUNK...
     23.50      5000   -0.62398   -2.03797   -2.16300   -2.15470   -1.29100
     46.84     10000   -0.81843   -2.12691   -2.08763   -2.15592   -1.52518
     70.18     15000   -0.84890   -2.23015   -1.97523   -2.01326   -1.60609
     93.51     20000   -0.79172   -2.48754   -1.81693   -1.81696   -1.57249
    116.85     25000   -0.67315   -2.05453   -1.62886   -1.62671   -1.44786
    140.19     30000   -0.55607   -1.75234   -1.48288   -1.48315   -1.29910
    163.53     35000   -0.46270   -1.61874   -1.48962   -1.48088   -1.19244
    186.86     40000   -0.46599   -1.80770   -1.81588   -1.84173   -1.22479
    210.20     45000   -0.57818   -1.90874   -1.82123   -1.81598   -1.32408
    233.53     50000   -0.73760   -1.82495   -1.69715   -1.68471   -1.40736
    256.86     55000   -0.85068   -2.02746   -1.93707   -1.89633   -1.53662
    280.20     60000   -0.93112   -2.30620   -2.41039   -2.44189   -1.64830
    303.53     65000   -0.98480   -2.15878   -1.98637   -1.97371   -1.65581
    326.87     70000   -0.98592   -2.00922   -1.88055   -1.85328   -1.61498
    350.21     75000   -0.94014   -2.10880   -2.07866   -2.04438   -1.63467
    373.54     80000   -0.98578   -2.31031   -2.39687   -2.37962   -1.70567
    396.88     85000   -1.08836   -2.18387   -2.06154   -2.03902   -1.74685
    420.22     90000   -1.14599   -2.23029   -2.11297   -2.09610   -1.80497
    443.55     95000   -1.19489   -2.47157   -2.54556   -2.51760   -1.90341
    466.89    100000   -1.27198   -2.52007   -2.42227   -2.42101   -1.96169
 ITERATION...
    490.22      5000   -1.32543   -2.37190   -2.22418   -2.20541   -1.95367
    513.56     10000   -1.29641   -2.42733   -2.35469   -2.32392   -1.97905
    536.90     15000   -1.33469   -2.67921   -2.81719   -2.81846   -2.05658
    560.23     20000   -1.42553   -2.58572   -2.46016   -2.43699   -2.10221
    583.57     25000   -1.48532   -2.54711   -2.41792   -2.39379   -2.13322
    606.90     30000   -1.50828   -2.73953   -2.71886   -2.69435   -2.21233
    630.24     35000   -1.58288   -2.88752   -2.88478   -2.87405   -2.28808
    653.57     40000   -1.65362   -2.73106   -2.58541   -2.56768   -2.29832
    676.91     45000   -1.64984   -2.75465   -2.65059   -2.62721   -2.32199
    700.24     50000   -1.67892   -2.98913   -3.09739   -3.07844   -2.39938
    723.58     55000   -1.76396   -2.97928   -2.87205   -2.85710   -2.45476
    746.91     60000   -1.84468   -2.88479   -2.74751   -2.72486   -2.47336
    770.25     65000   -1.84272   -3.02015   -2.95679   -2.92952   -2.53488
    793.58     70000   -1.90384   -3.25095   -3.34716   -3.33717   -2.61870
    816.92     75000   -1.98282   -3.10075   -2.96198   -2.94271   -2.64390
    840.26     80000   -2.00218   -3.08090   -2.96090   -2.93754   -2.66225
    863.59     85000   -2.02105   -3.28707   -3.31571   -3.29270   -2.73468
    886.93     90000   -2.10137   -3.37244   -3.31168   -3.29875   -2.80206
    910.26     95000   -2.18744   -3.23563   -3.09490   -3.07411   -2.81814
    933.60    100000   -2.18337   -3.31488   -3.22418   -3.19946   -2.86369
    956.94      5000   -2.22931   -3.57072   -3.71779   -3.70034   -2.94910
    980.27     10000   -2.31188   -3.48268   -3.35576   -3.33880   -2.98988
   1003.61     15000   -2.35850   -3.41435   -3.28384   -3.26097   -3.00318
   1026.94     20000   -2.36410   -3.57607   -3.54707   -3.52146   -3.06652
   1050.28     25000   -2.43338   -3.75863   -3.77581   -3.76796   -3.14411
   1073.62     30000   -2.51664   -3.60060   -3.45948   -3.43903   -3.16522
   1096.95     35000   -2.52748   -3.62540   -3.51554   -3.49153   -3.19697
   1120.29     40000   -2.55993   -3.86419   -3.95025   -3.92618   -3.27845
   1143.62     45000   -2.64271   -3.87249   -3.77331   -3.75833   -3.33484
   1166.96     50000   -2.72371   -3.75894   -3.62073   -3.59910   -3.34632
   1190.30     55000   -2.70839   -3.87023   -3.80200   -3.77673   -3.39790
   1213.63     60000   -2.76381   -4.11169   -4.23021   -4.22555   -3.48130
   1236.96     65000   -2.84616   -3.97760   -3.84085   -3.82208   -3.51313
   1260.30     70000   -2.87711   -3.94928   -3.82542   -3.80191   -3.53405
   1283.64     75000   -2.89629   -4.14834   -4.15944   -4.13317   -3.60723
   1306.97     80000   -2.97484   -4.26320   -4.21817   -4.20635   -3.67729
   1330.31     85000   -3.05677   -4.11492   -3.97294   -3.95209   -3.69176
   1353.64     90000   -3.05344   -4.17510   -4.07969   -4.05514   -3.73075
   1376.98     95000   -3.09390   -4.42760   -4.56409   -4.54864   -3.81451
   1400.31    100000   -3.17839   -4.36384   -4.24223   -4.22549   -3.86043
   1423.65      5000   -3.23533   -4.28510   -4.15124   -4.12874   -3.87460
   1446.98     10000   -3.23714   -4.43526   -4.39310   -4.36700   -3.93643
   1470.32     15000   -3.30363   -4.63803   -4.68556   -4.67827   -4.01620
   1493.65     20000   -3.38480   -4.48229   -4.34110   -4.32141   -4.03882
   1516.99     25000   -3.40003   -4.49093   -4.37695   -4.35306   -4.06611
   1540.34     30000   -3.42875   -4.71934   -4.78369   -4.75971   -4.14507
   1563.67     35000   -3.51054   -4.75612   -4.66766   -4.65353   -4.20568
   1587.01     40000   -3.59583   -4.63238   -4.49243   -4.47084   -4.21819
   1610.34     45000   -3.58199   -4.73122   -4.65362   -4.62834   -4.26711
   1633.68     50000   -3.63276   -4.98011   -5.11837   -5.10963   -4.35133
   1657.01     55000   -3.71475   -4.86073   -4.72720   -4.70902   -4.38640
   1680.35     60000   -3.75200   -4.81809   -4.69123   -4.66816   -4.40451
   1703.69     65000   -3.76617   -5.00386   -4.99861   -4.97272   -4.47449
   1727.02     70000   -3.84150   -5.14482   -5.12047   -5.11032   -4.54768
   1750.35     75000   -3.92322   -4.99131   -4.84900   -4.82843   -4.56416
   1773.69     80000   -3.92590   -5.03821   -4.93678   -4.91228   -4.60017
   1797.02     85000   -3.96295   -5.28742   -5.40834   -5.38845   -4.68325
   1820.36     90000   -4.04690   -5.24880   -5.13438   -5.11816   -4.73308
   1843.69     95000   -4.11248   -5.15682   -5.02120   -4.99898   -4.74603
   1867.03    100000   -4.10908   -5.29301   -5.23999   -5.21431   -4.80426
   1890.36      5000   -4.17115   -5.51269   -5.58871   -5.58271   -4.88578
   1913.70     10000   -4.25272   -5.36188   -5.22200   -5.20268   -4.91153
   1937.03     15000   -4.27424   -5.35685   -5.23886   -5.21516   -4.93617
   1960.37     20000   -4.29869   -5.57509   -5.61842   -5.59315   -5.01314
   1983.70     25000   -4.37915   -5.64126   -5.56680   -5.55352   -5.07744
   2007.04     30000   -4.46273   -5.50722   -5.36639   -5.34508   -5.09036
   2030.37     35000   -4.45358   -5.59186   -5.50709   -5.48208   -5.13563
   2053.71     40000   -4.50029   -5.84495   -5.99071   -5.97988   -5.22006
   2077.04     45000   -4.58395   -5.74345   -5.61360   -5.59587   -5.25905
   2100.38     50000   -4.62705   -5.68719   -5.55757   -5.53470   -5.27538
   2123.71     55000   -4.63796   -5.85998   -5.83973   -5.81369   -5.34243
   2147.05     60000   -4.70995   -6.02607   -6.02640   -6.01736   -5.41836
   2170.38     65000   -4.79100   -5.86932   -5.72717   -5.70693   -5.43682
   2193.72     70000   -4.79824   -5.90204   -5.79562   -5.77137   -5.46949
   2217.05     75000   -4.83190   -6.14507   -6.24607   -6.22421   -5.55135
   2240.39     80000   -4.91498   -6.13359   -6.02725   -6.01174   -5.60526
   2263.73     85000   -4.99053   -6.02915   -5.89173   -5.86973   -5.61769
   2287.06     90000   -4.98055   -6.15149   -6.08854   -6.06297   -5.67249
   2310.39     95000   -5.03918   -6.38516   -6.48898   -6.48290   -5.75535
   2333.73    100000   -5.12147   -6.24294   -6.10489   -6.08596   -5.78437
   2357.06      5000   -5.14709   -6.22387   -6.10234   -6.07888   -5.80637
   2380.40     10000   -5.16835   -6.43066   -6.45452   -6.42889   -5.88096
   2403.73     15000   -5.24789   -6.52554   -6.46724   -6.45502   -5.94879
   2427.07     20000   -5.33063   -6.38275   -6.24111   -6.22006   -5.96268
   2450.40     25000   -5.32483   -6.45335   -6.36187   -6.33704   -6.00444
   2473.74     30000   -5.36863   -6.70742   -6.85103   -6.83664   -6.08870
   2497.07     35000   -5.45214   -6.62716   -6.50203   -6.48482   -6.13167
   2520.41     40000   -5.50326   -6.55736   -6.42528   -6.40264   -6.14645
   2543.74     45000   -5.50885   -6.71673   -6.68313   -6.65720   -6.21034
   2567.07     50000   -5.57743   -6.90527   -6.93251   -6.92477   -6.28867
   2590.41     55000   -5.65955   -6.74802   -6.60633   -6.58641   -6.30955
   2613.74     60000   -5.67052   -6.76668   -6.65561   -6.63156   -6.33908
   2637.07     65000   -5.70133   -7.00173   -7.08108   -7.05749   -6.41938
   2660.41     70000   -5.78431   -7.01869   -6.92238   -6.90763   -6.47727
   2683.74     75000   -5.86901   -6.90245   -6.76353   -6.74178   -6.48955
   2707.08     80000   -5.85255   -7.01082   -6.93901   -6.91364   -6.54082
   2730.41     85000   -5.90672   -7.25473   -7.38125   -7.37437   -6.62461
   2753.75     90000   -5.98866   -7.12468   -6.98903   -6.97051   -6.65717
   2777.08     95000   -6.02118   -7.09169   -6.96689   -6.94364   -6.67682
   2800.42    100000   -6.03850   -7.28630   -7.29230   -7.26639   -6.74879
   2823.75      5000   -6.11614   -7.40904   -7.36995   -7.35884   -6.81989
   2847.09     10000   -6.19823   -7.25920   -7.11709   -7.09633   -6.83514
   2870.42     15000   -6.19728   -7.31573   -7.21823   -7.19361   -6.87344
   2893.76     20000   -6.23649   -7.56779   -7.70022   -7.68259   -6.95712
   2917.09     25000   -6.32126   -7.51136   -7.39203   -7.37540   -7.00415
   2940.43     30000   -6.38015   -7.42832   -7.29404   -7.27163   -7.01775
   2963.76     35000   -6.38020   -7.57406   -7.52850   -7.50268   -7.07834
   2987.10     40000   -6.44573   -7.78220   -7.83831   -7.83163   -7.15869
   3010.43     45000   -6.52671   -7.62760   -7.48683   -7.46726   -7.18234
   3033.77     50000   -6.54403   -7.63222   -7.51694   -7.49311   -7.20889
   3057.10     55000   -6.57197   -7.85773   -7.91547   -7.89080   -7.28732
   3080.43     60000   -6.65280   -7.90372   -7.81946   -7.80556   -7.34906
   3103.77     65000   -6.73765   -7.77657   -7.63641   -7.61491   -7.36159
   3127.10     70000   -6.72511   -7.87093   -7.79116   -7.76598   -7.40931
   3150.44     75000   -6.77491   -8.12149   -8.26289   -8.25391   -7.49363
   3173.77     80000   -6.85707   -8.00719   -7.87469   -7.85662   -7.52993
   3197.10     85000   -6.89625   -7.96037   -7.83263   -7.80961   -7.54750
   3220.44     90000   -6.90937   -8.14222   -8.13213   -8.10614   -7.61662
   3243.78     95000   -6.98367   -8.29127   -8.27439   -8.26452   -7.69070
   3267.11    100000   -7.06515   -8.13649   -7.99422   -7.97376   -7.70772
   3290.45      5000   -7.06928   -8.17894   -8.07598   -8.05157   -7.74265
   3313.78     10000   -7.10545   -8.42643   -8.54151   -8.52110   -7.82538
   3337.11     15000   -7.18889   -8.39603   -8.28387   -8.26787   -7.87649
   3360.45     20000   -7.25767   -8.30015   -8.16393   -8.14176   -7.88926
   3383.78     25000   -7.25261   -8.43209   -8.37585   -8.35018   -7.94645
   3407.11     30000   -7.31316   -8.65653   -8.74157   -8.73554   -8.02843
   3430.45     35000   -7.39510   -8.50800   -8.36864   -8.34943   -8.05515
   3453.78     40000   -7.41772   -8.49860   -8.37949   -8.35588   -8.07894
   3477.12     45000   -7.44118   -8.71337   -8.75054   -8.72518   -8.15519
   3500.45     50000   -7.52164   -8.78845   -8.71864   -8.70569   -8.22061
   3523.79     55000   -7.60469   -8.65156   -8.51042   -8.48919   -8.23380
   3547.12     60000   -7.59658   -8.73187   -8.64493   -8.61996   -8.27799
   3570.45     65000   -7.64239   -8.98561   -9.13183   -9.11984   -8.36240
   3593.79     70000   -7.72620   -8.89039   -8.76190   -8.74433   -8.40261
   3617.12     75000   -7.77157   -8.82991   -8.69950   -8.67671   -8.41842
   3640.46     80000   -7.78136   -8.99857   -8.97404   -8.94805   -8.48450
   3663.79     85000   -7.85206   -9.17186   -9.18020   -9.17159   -8.56122
   3687.13     90000   -7.93329   -9.01464   -8.87258   -8.85243   -8.58039
   3710.46     95000   -7.94155   -9.04302   -8.93510   -8.91091   -8.61208
   3733.80    100000   -7.97434   -9.28377   -9.37816   -9.35566   -8.69349
MyID= 0: Time=  0.1,has convergenced
     1686289 iterations for the convertgence of psi
 MyID=           0 has finish
