 START-UP FOR CHUNK...
     23.52      5000   -0.58531   -2.02300   -1.99524   -1.92649   -1.28676
     46.97     10000   -0.72515   -2.15064   -1.86632   -1.93279   -1.48954
     70.43     15000   -0.70584   -2.27810   -1.75344   -1.79683   -1.50825
     93.89     20000   -0.61556   -2.24206   -1.61249   -1.61577   -1.42545
    117.35     25000   -0.51053   -1.78577   -1.49161   -1.47728   -1.30641
    140.80     30000   -0.44505   -1.59572   -1.47875   -1.47976   -1.20818
    164.26     35000   -0.43418   -1.85957   -1.79608   -1.78052   -1.24261
    187.71     40000   -0.55370   -1.92567   -1.86909   -1.92669   -1.36213
    211.16     45000   -0.72551   -1.86158   -1.73664   -1.73943   -1.43935
    234.60     50000   -0.86319   -2.03333   -1.92364   -1.88437   -1.55702
    258.05     55000   -0.95532   -2.31825   -2.43105   -2.36587   -1.68643
    281.50     60000   -1.03574   -2.30208   -2.13853   -2.13942   -1.74116
    304.94     65000   -1.06710   -2.10121   -1.96375   -1.94221   -1.71064
    328.39     70000   -1.03362   -2.14106   -2.06174   -2.02822   -1.71245
    351.83     75000   -1.05937   -2.38692   -2.51970   -2.43984   -1.78476
    375.28     80000   -1.16129   -2.32746   -2.26706   -2.23732   -1.84857
    398.73     85000   -1.26998   -2.28279   -2.15878   -2.14544   -1.88282
    422.19     90000   -1.28400   -2.46232   -2.38870   -2.35735   -1.95796
    445.63     95000   -1.34862   -2.69207   -2.84513   -2.79853   -2.05709
    469.08    100000   -1.43333   -2.54757   -2.41023   -2.40536   -2.09225
 ITERATION...
    492.53      5000   -1.45391   -2.49472   -2.36997   -2.34633   -2.09184
    515.97     10000   -1.45395   -2.67769   -2.64677   -2.59472   -2.14532
    539.41     15000   -1.52192   -2.84628   -2.89873   -2.86507   -2.23102
    562.86     20000   -1.62284   -2.68580   -2.56769   -2.54662   -2.26755
    586.31     25000   -1.64476   -2.73183   -2.61409   -2.59042   -2.30242
    609.76     30000   -1.68376   -2.99064   -3.02940   -2.97330   -2.38716
    633.22     35000   -1.77292   -3.00866   -2.95969   -2.94719   -2.46364
    656.67     40000   -1.85048   -2.87751   -2.74502   -2.73148   -2.47691
    680.11     45000   -1.83720   -2.96165   -2.86100   -2.83222   -2.50810
    703.57     50000   -1.87898   -3.23390   -3.37363   -3.29157   -2.59248
    727.03     55000   -1.97647   -3.14727   -3.05399   -3.04085   -2.65528
    750.48     60000   -2.05463   -3.07355   -2.94586   -2.92477   -2.67379
    773.94     65000   -2.04919   -3.23185   -3.15531   -3.11944   -2.72995
    797.39     70000   -2.10827   -3.47654   -3.61085   -3.55141   -2.82125
    820.85     75000   -2.20327   -3.30507   -3.18911   -3.17463   -2.86325
    844.30     80000   -2.23298   -3.28507   -3.16258   -3.14133   -2.87845
    867.76     85000   -2.24883   -3.49409   -3.46486   -3.42147   -2.94397
    891.21     90000   -2.32429   -3.63445   -3.65581   -3.63293   -3.02958
    914.66     95000   -2.41699   -3.47193   -3.34609   -3.33106   -3.05865
    938.11    100000   -2.42428   -3.51704   -3.40378   -3.37829   -3.08733
    961.56      5000   -2.45986   -3.77988   -3.83280   -3.76944   -3.16855
    985.01     10000   -2.55216   -3.78564   -3.72068   -3.70687   -3.24265
   1008.46     15000   -2.63714   -3.65873   -3.52991   -3.51177   -3.25937
   1031.91     20000   -2.62533   -3.76035   -3.66512   -3.63513   -3.29878
   1055.37     25000   -2.67163   -4.03778   -4.18882   -4.11114   -3.38664
   1078.81     30000   -2.77040   -3.92504   -3.82410   -3.81062   -3.44471
   1102.26     35000   -2.83430   -3.85938   -3.73198   -3.71226   -3.46021
   1125.71     40000   -2.83189   -4.02361   -3.95686   -3.92065   -3.51640
   1149.16     45000   -2.89377   -4.25322   -4.36609   -4.31918   -3.60642
   1172.60     50000   -2.98972   -4.08371   -3.96264   -3.94876   -3.64622
   1196.06     55000   -3.01489   -4.07659   -3.95523   -3.93228   -3.66508
   1219.51     60000   -3.03656   -4.29775   -4.28328   -4.23547   -3.73515
   1242.97     65000   -3.11655   -4.41526   -4.41028   -4.39075   -3.81910
   1266.43     70000   -3.20652   -4.25499   -4.12675   -4.11049   -3.84456
   1289.87     75000   -3.20905   -4.30963   -4.19907   -4.17280   -3.87436
   1313.32     80000   -3.24616   -4.57653   -4.65160   -4.58513   -3.95679
   1336.77     85000   -3.34098   -4.55675   -4.48273   -4.46943   -4.02793
   1360.22     90000   -3.42603   -4.44374   -4.31358   -4.29563   -4.04428
   1383.66     95000   -3.41163   -4.55848   -4.46699   -4.43591   -4.08757
   1407.10    100000   -3.46123   -4.83115   -4.99256   -4.91556   -4.17670
   1430.55      5000   -3.55935   -4.70227   -4.59429   -4.58125   -4.23088
   1453.99     10000   -3.61441   -4.64792   -4.52044   -4.49983   -4.24622
   1477.44     15000   -3.61831   -4.82356   -4.76455   -4.72602   -4.30507
   1500.88     20000   -3.68322   -5.03389   -5.12173   -5.08259   -4.39434
   1524.33     25000   -3.77803   -4.86170   -4.73857   -4.72403   -4.43096
   1547.78     30000   -3.79796   -4.86797   -4.74759   -4.72421   -4.45189
   1571.23     35000   -3.82366   -5.10031   -5.09996   -5.04922   -4.52495
   1594.68     40000   -3.90731   -5.18873   -5.16604   -5.14894   -4.60679
   1618.13     45000   -3.99617   -5.03697   -4.90750   -4.89119   -4.62971
   1641.58     50000   -3.99440   -5.10400   -4.99602   -4.96888   -4.66192
   1665.03     55000   -4.03447   -5.37642   -5.47354   -5.40206   -4.74612
   1688.48     60000   -4.13045   -5.32997   -5.24685   -5.23384   -4.81403
   1711.93     65000   -4.21447   -5.22860   -5.09862   -5.08005   -4.82962
   1735.38     70000   -4.19844   -5.35623   -5.26954   -5.23723   -4.87616
   1758.82     75000   -4.25087   -5.62218   -5.78289   -5.71055   -4.96595
   1782.27     80000   -4.34855   -5.47773   -5.36590   -5.35258   -5.01640
   1805.73     85000   -4.39544   -5.43595   -5.30952   -5.28850   -5.03229
   1829.19     90000   -4.40405   -5.62386   -5.57393   -5.53353   -5.09415
   1852.64     95000   -4.47328   -5.81254   -5.87459   -5.84259   -5.18251
   1876.10    100000   -4.56666   -5.64043   -5.51550   -5.50068   -5.21593
   1899.55      5000   -4.58144   -5.65925   -5.54089   -5.51681   -5.23882
   1923.01     10000   -4.61125   -5.90210   -5.91822   -5.86387   -5.31453
   1946.47     15000   -4.69715   -5.96222   -5.92347   -5.90790   -5.39398
   1969.92     20000   -4.78513   -5.81910   -5.68928   -5.67249   -5.41479
   1993.38     25000   -4.78038   -5.89852   -5.79408   -5.76606   -5.44971
   2016.83     30000   -4.82293   -6.17461   -6.29371   -6.21828   -5.53555
   2040.28     35000   -4.91919   -6.10341   -6.01267   -5.99979   -5.60007
   2063.74     40000   -5.00046   -6.01396   -5.88444   -5.86543   -5.61512
   2087.19     45000   -4.98568   -6.15404   -6.07330   -6.03966   -5.66481
   2110.65     50000   -5.03993   -6.41011   -6.56106   -6.49642   -5.75492
   2134.10     55000   -5.13837   -6.25406   -6.13864   -6.12508   -5.80171
   2157.56     60000   -5.17695   -6.22461   -6.09951   -6.07789   -5.81852
   2181.01     65000   -5.19051   -6.42446   -6.38514   -6.34250   -5.88340
   2204.46     70000   -5.26342   -6.58966   -6.62688   -6.60040   -5.97052
   2227.92     75000   -5.35622   -6.41994   -6.29353   -6.27832   -6.00090
   2251.37     80000   -5.36511   -6.45115   -6.33510   -6.31032   -6.02592
   2274.83     85000   -5.39741   -6.70338   -6.73810   -6.67984   -6.10408
   2298.28     90000   -5.48769   -6.73525   -6.68265   -6.66819   -6.18089
   2321.73     95000   -5.57385   -6.60198   -6.47187   -6.45466   -6.19992
   2345.17    100000   -5.56672   -6.69376   -6.59322   -6.56422   -6.23770
   2368.61      5000   -5.61146   -6.97120   -7.11018   -7.03181   -6.32495
   2392.06     10000   -5.70810   -6.87748   -6.78007   -6.76720   -6.38594
   2415.50     15000   -5.78027   -6.80008   -6.67113   -6.65162   -6.40076
   2438.96     20000   -5.77165   -6.95253   -6.87843   -6.84330   -6.45359
   2462.41     25000   -5.82988   -7.19550   -7.32889   -7.27337   -6.54372
   2485.87     30000   -5.92672   -7.03101   -6.91254   -6.89869   -6.58691
   2509.33     35000   -5.95874   -7.01397   -6.89031   -6.86811   -6.60492
   2532.77     40000   -5.97735   -7.22550   -7.19809   -7.15294   -6.67274
   2556.21     45000   -6.05364   -7.36533   -7.37972   -7.35740   -6.75832
   2579.63     50000   -6.14452   -7.20018   -7.07254   -7.05695   -6.78588
   2603.07     55000   -6.14969   -7.24377   -7.13027   -7.10472   -6.81321
   2626.52     60000   -6.18445   -7.50433   -7.55939   -7.49681   -6.89364
   2649.95     65000   -6.27714   -7.50824   -7.44363   -7.42992   -6.96757
   2673.39     70000   -6.36346   -7.38553   -7.25532   -7.23766   -6.98512
   2696.83     75000   -6.35216   -7.48971   -7.39347   -7.36342   -7.02587
   2720.27     80000   -6.39929   -7.76593   -7.91997   -7.84076   -7.11426
   2743.71     85000   -6.49774   -7.65206   -7.54895   -7.53599   -7.17165
   2767.13     90000   -6.56000   -7.58686   -7.45866   -7.43864   -7.18654
   2790.54     95000   -6.55768   -7.75164   -7.68500   -7.64824   -7.24252
   2813.97    100000   -6.61967   -7.97848   -8.08898   -8.04266   -7.33233
   2837.40      5000   -6.71596   -7.80863   -7.68757   -7.67340   -7.37202
   2860.81     10000   -6.74088   -7.80399   -7.68197   -7.65915   -7.39149
   2884.23     15000   -6.76329   -8.02685   -8.01285   -7.96488   -7.46216
   2907.64     20000   -6.84373   -8.13995   -8.13378   -8.11454   -7.54590
   2931.07     25000   -6.93324   -7.98110   -7.85251   -7.83651   -7.57087
   2954.50     30000   -6.93517   -8.03706   -7.92639   -7.90005   -7.60068
   2977.93     35000   -6.97238   -8.30462   -8.38148   -8.31433   -7.68318
   3001.37     40000   -7.06749   -8.28134   -8.20638   -8.19313   -7.75403
   3024.81     45000   -7.15248   -8.16975   -8.03961   -8.02149   -7.77041
   3048.25     50000   -7.13806   -8.28632   -8.19488   -8.16369   -7.81420
   3071.69     55000   -7.18802   -8.55851   -8.72023   -8.64312   -7.90347
   3095.13     60000   -7.28602   -8.42721   -8.31922   -8.30609   -7.95719
   3118.56     65000   -7.34012   -8.37431   -8.24702   -8.22647   -7.97247
   3142.01     70000   -7.34460   -8.55133   -8.49309   -8.45450   -8.03156
   3165.46     75000   -7.40984   -8.75919   -8.84427   -8.80618   -8.12075
   3188.91     80000   -7.50448   -8.58692   -8.46368   -8.44917   -8.15707
   3212.34     85000   -7.52397   -8.59467   -8.47450   -8.45104   -8.17825
   3235.75     90000   -7.55012   -8.82836   -8.82946   -8.77829   -8.25164
   3259.15     95000   -7.63398   -8.91378   -8.88946   -8.87244   -8.33324
   3282.57    100000   -7.72286   -8.76271   -8.63339   -8.61699   -8.35588
   3305.98      5000   -7.72059   -8.83103   -8.72352   -8.69632   -8.38833
   3329.40     10000   -7.76089   -9.10395   -9.20334   -9.13164   -8.47270
   3352.83     15000   -7.85703   -9.05468   -8.97082   -8.95784   -8.54027
   3376.25     20000   -7.94104   -8.95463   -8.82474   -8.80615   -8.55582
   3399.67     25000   -7.92484   -9.08360   -8.99752   -8.96509   -8.60270
   3423.09     30000   -7.97743   -9.34870   -9.50897   -9.43719   -8.69255
MyID= 0: Time=  0.1,has convergenced
     1685689 iterations for the convertgence of psi
 MyID=           0 has finish
