 START-UP FOR CHUNK...
     23.61      5000   -0.55714   -2.00744   -1.89019   -1.80955   -1.28089
     46.94     10000   -0.66612   -2.17705   -1.74900   -1.82160   -1.45683
     70.26     15000   -0.62167   -2.26624   -1.64407   -1.69214   -1.44386
     93.59     20000   -0.52734   -2.08314   -1.53256   -1.52817   -1.35508
    116.92     25000   -0.45181   -1.67497   -1.46293   -1.44683   -1.25460
    140.25     30000   -0.40606   -1.65346   -1.57135   -1.56231   -1.19990
    163.58     35000   -0.44426   -1.94467   -1.84053   -1.96391   -1.31326
    186.91     40000   -0.63089   -1.90436   -1.82187   -1.80691   -1.42417
    210.24     45000   -0.82906   -1.92303   -1.78751   -1.80976   -1.51525
    233.57     50000   -0.91632   -2.18560   -2.09182   -2.05419   -1.63765
    256.90     55000   -0.99887   -2.39313   -2.41438   -2.41639   -1.76221
    280.23     60000   -1.09111   -2.31555   -2.09812   -2.10995   -1.79504
    303.56     65000   -1.12860   -2.15320   -2.02964   -1.99809   -1.77104
    326.89     70000   -1.09850   -2.27067   -2.20681   -2.15973   -1.79768
    350.21     75000   -1.14588   -2.53210   -2.62057   -2.51628   -1.88721
    373.54     80000   -1.26737   -2.37850   -2.31742   -2.27645   -1.94803
    396.87     85000   -1.37189   -2.37155   -2.25727   -2.25107   -1.98317
    420.20     90000   -1.38184   -2.59539   -2.51659   -2.49315   -2.05907
    443.53     95000   -1.45075   -2.79055   -2.89370   -2.83460   -2.16272
    466.86    100000   -1.55474   -2.64643   -2.50406   -2.51172   -2.20712
 ITERATION...
    490.18      5000   -1.58009   -2.60936   -2.48110   -2.46161   -2.21165
    513.51     10000   -1.58133   -2.80683   -2.75101   -2.68814   -2.26591
    536.84     15000   -1.64703   -3.02719   -3.07321   -3.00284   -2.36014
    560.17     20000   -1.76245   -2.82501   -2.72141   -2.69533   -2.40882
    583.50     25000   -1.79253   -2.84045   -2.72712   -2.70566   -2.43631
    606.83     30000   -1.82542   -3.09538   -3.04919   -3.00661   -2.51122
    630.16     35000   -1.90363   -3.20886   -3.22442   -3.18213   -2.60611
    653.48     40000   -2.00604   -3.03830   -2.91494   -2.91099   -2.64092
    676.81     45000   -2.00526   -3.07520   -2.95459   -2.93717   -2.66014
    700.14     50000   -2.03786   -3.33888   -3.32498   -3.25257   -2.73315
    723.47     55000   -2.12425   -3.41968   -3.37924   -3.35575   -2.82345
    746.80     60000   -2.22950   -3.25284   -3.13208   -3.11537   -2.85638
    770.13     65000   -2.22770   -3.31859   -3.21022   -3.18250   -2.88762
    793.46     70000   -2.27057   -3.61906   -3.63791   -3.56126   -2.97114
    816.78     75000   -2.36702   -3.60406   -3.54180   -3.51717   -3.05634
    840.11     80000   -2.46169   -3.46294   -3.34130   -3.32915   -3.08046
    863.44     85000   -2.44579   -3.55735   -3.44987   -3.42710   -3.11314
    886.77     90000   -2.49199   -3.86262   -3.93097   -3.83280   -3.19929
    910.10     95000   -2.59683   -3.79540   -3.71133   -3.69904   -3.27829
    933.43    100000   -2.68908   -3.68710   -3.56235   -3.54818   -3.30030
    956.76      5000   -2.67081   -3.80970   -3.71269   -3.68075   -3.34200
    980.09     10000   -2.72301   -4.12789   -4.23175   -4.12044   -3.43379
   1003.41     15000   -2.83387   -3.99138   -3.89024   -3.87530   -3.50490
   1026.74     20000   -2.91367   -3.90649   -3.78360   -3.76722   -3.52293
   1050.07     25000   -2.89588   -4.05772   -3.96803   -3.93586   -3.57016
   1073.40     30000   -2.95238   -4.35512   -4.47957   -4.36656   -3.66397
   1096.73     35000   -3.06460   -4.18465   -4.07761   -4.06631   -3.72697
   1120.06     40000   -3.11937   -4.13521   -4.01156   -3.99576   -3.74497
   1143.40     45000   -3.12140   -4.31665   -4.24042   -4.20121   -3.80033
   1166.72     50000   -3.18429   -4.58302   -4.66984   -4.58621   -3.89606
   1190.05     55000   -3.29707   -4.38741   -4.26941   -4.25786   -3.95023
   1213.38     60000   -3.32958   -4.36406   -4.24216   -4.22306   -3.96843
   1236.71     65000   -3.34686   -4.57476   -4.51341   -4.46789   -4.03063
   1260.04     70000   -3.41647   -4.78723   -4.83080   -4.76845   -4.12583
   1283.37     75000   -3.52773   -4.58969   -4.47033   -4.45837   -4.17154
   1306.70     80000   -3.54390   -4.59830   -4.47866   -4.45931   -4.19238
   1330.03     85000   -3.57283   -4.83899   -4.80029   -4.74651   -4.26202
   1353.36     90000   -3.65127   -4.98265   -4.97396   -4.93719   -4.35549
   1376.69     95000   -3.75886   -4.79827   -4.67335   -4.66178   -4.39319
   1400.03    100000   -3.76105   -4.83514   -4.71808   -4.69587   -4.41749
   1423.36      5000   -3.79834   -5.10355   -5.09303   -5.02609   -4.49368
   1446.69     10000   -3.88591   -5.17392   -5.13014   -5.10312   -4.58342
   1470.02     15000   -3.98822   -5.00968   -4.88458   -4.87156   -4.61415
   1493.35     20000   -3.98152   -5.07630   -4.96410   -4.94009   -4.64345
   1516.68     25000   -4.02362   -5.36861   -5.39711   -5.31574   -4.72582
   1540.01     30000   -4.12125   -5.36099   -5.28987   -5.27145   -4.81043
   1563.34     35000   -4.21747   -5.22480   -5.09770   -5.08457   -4.83548
   1586.67     40000   -4.20272   -5.32065   -5.21332   -5.18643   -4.87050
   1610.00     45000   -4.25009   -5.62868   -5.70192   -5.60044   -4.95799
   1633.33     50000   -4.35591   -5.55196   -5.46279   -5.44776   -5.03592
   1656.66     55000   -4.44642   -5.44420   -5.31769   -5.30307   -5.05683
   1679.99     60000   -4.42656   -5.56953   -5.47013   -5.43990   -5.09848
   1703.32     65000   -4.47886   -5.88030   -5.99229   -5.87806   -5.19009
   1726.65     70000   -4.59041   -5.74379   -5.64148   -5.62874   -5.26038
   1749.98     75000   -4.66739   -5.66645   -5.54008   -5.52464   -5.27884
   1773.31     80000   -4.65244   -5.82161   -5.73120   -5.69698   -5.32747
   1796.64     85000   -4.71042   -6.11644   -6.23679   -6.12573   -5.42177
   1819.98     90000   -4.82214   -5.94056   -5.82967   -5.81792   -5.48360
   1843.31     95000   -4.87394   -5.89317   -5.76835   -5.75145   -5.50132
   1866.64    100000   -4.87794   -6.07839   -6.00114   -5.96154   -5.55729
   1889.97      5000   -4.94112   -6.33680   -6.42193   -6.33768   -5.65287
   1913.30     10000   -5.05374   -6.14038   -6.02297   -6.01150   -5.70605
   1936.63     15000   -5.08455   -6.12278   -5.99964   -5.98131   -5.72469
   1959.97     20000   -5.10336   -6.33807   -6.27725   -6.23089   -5.78795
   1983.30     25000   -5.17418   -6.54125   -6.57666   -6.51920   -5.88308
   2006.63     30000   -5.28476   -6.34475   -6.22345   -6.21187   -5.92773
   2029.96     35000   -5.29933   -6.35668   -6.23641   -6.21637   -5.94884
   2053.29     40000   -5.32906   -6.60148   -6.56385   -6.50833   -6.01922
   2076.62     45000   -5.40868   -6.73588   -6.72298   -6.68635   -6.11228
   2099.95     50000   -5.51563   -6.55269   -6.42828   -6.41627   -6.14909
   2123.28     55000   -5.51693   -6.59378   -6.47684   -6.45477   -6.17401
   2146.61     60000   -5.55493   -6.86600   -6.85855   -6.79062   -6.25103
   2169.94     65000   -5.64370   -6.92535   -6.87771   -6.85244   -6.34024
   2193.27     70000   -5.74498   -6.76479   -6.63899   -6.62630   -6.37019
   2216.60     75000   -5.73724   -6.83509   -6.72289   -6.69853   -6.40010
   2239.93     80000   -5.78033   -7.13022   -7.16279   -7.07877   -6.48312
   2263.26     85000   -5.87889   -7.11374   -7.04007   -7.02194   -6.56698
   2286.59     90000   -5.97465   -6.98043   -6.85360   -6.84009   -6.59144
   2309.92     95000   -5.95908   -7.07991   -6.97341   -6.94621   -6.62726
   2333.25    100000   -6.00677   -7.38937   -7.46745   -7.36445   -6.71532
   2356.58      5000   -6.11372   -7.30394   -7.21304   -7.19838   -6.79239
   2379.91     10000   -6.20354   -7.20001   -7.07335   -7.05881   -6.81291
   2403.24     15000   -6.18306   -7.32899   -7.23026   -7.19970   -6.85536
   2426.57     20000   -6.23604   -7.63885   -7.75383   -7.63853   -6.94736
   2449.90     25000   -6.34758   -7.49685   -7.39336   -7.38081   -7.01665
   2473.23     30000   -6.42134   -7.42304   -7.29686   -7.28119   -7.03493
   2496.56     35000   -6.40872   -7.58176   -7.49280   -7.45796   -7.08444
   2519.89     40000   -6.46764   -7.87339   -7.99107   -7.88276   -7.17900
   2543.22     45000   -6.57934   -7.69368   -7.58187   -7.57014   -7.23980
   2566.54     50000   -6.62853   -7.64990   -7.52517   -7.50815   -7.25754
   2589.88     55000   -6.63475   -7.83872   -7.76301   -7.72279   -7.31438
   2613.21     60000   -6.69847   -8.09123   -8.17131   -8.09015   -7.40999
   2636.52     65000   -6.81077   -7.89421   -7.77632   -7.76489   -7.46212
   2659.85     70000   -6.83952   -7.88021   -7.75736   -7.73884   -7.48098
   2683.18     75000   -6.85977   -8.09906   -8.04071   -7.99337   -7.54511
   2706.51     80000   -6.93173   -8.29451   -8.32339   -8.26916   -7.64010
   2729.84     85000   -7.04175   -8.09892   -7.97713   -7.96549   -7.68377
   2753.15     90000   -7.05486   -8.11435   -7.99436   -7.97408   -7.70526
   2776.45     95000   -7.08542   -8.36255   -8.32793   -8.27115   -7.77647
   2799.76    100000   -7.16633   -8.48812   -8.47087   -8.43577   -7.86914
   2823.07      5000   -7.27249   -8.30741   -8.18287   -8.17079   -7.90507
   2846.38     10000   -7.27280   -8.35205   -8.23560   -8.21331   -7.93053
   2869.68     15000   -7.31119   -8.62730   -8.62419   -8.55456   -8.00832
   2893.00     20000   -7.40147   -8.67734   -8.62601   -8.60193   -8.09697
   2916.30     25000   -7.50175   -8.51989   -8.39388   -8.38111   -8.12619
   2939.62     30000   -7.49307   -8.59369   -8.48202   -8.45734   -8.15676
   2962.92     35000   -7.53715   -8.89107   -8.92878   -8.84252   -8.24043
   2986.24     40000   -7.63668   -8.86588   -8.79000   -8.77233   -8.32354
   3009.54     45000   -7.73189   -8.73604   -8.60926   -8.59564   -8.34744
   3032.86     50000   -7.71545   -8.83907   -8.73341   -8.70586   -8.38402
   3056.18     55000   -7.76349   -9.14939   -9.23283   -9.12785   -8.47262
   3079.50     60000   -7.87156   -9.05631   -8.96364   -8.94936   -8.54882
   3102.81     65000   -7.96069   -8.95600   -8.82933   -8.81468   -8.56898
   3126.14     70000   -7.93965   -9.08852   -8.99077   -8.95975   -8.61225
   3149.48     75000   -7.99331   -9.39727   -9.51483   -9.39898   -8.70462
MyID= 0: Time=  0.1,has convergenced
     1684348 iterations for the convertgence of psi
 MyID=           0 has finish
