 START-UP FOR CHUNK...
     23.44      5000   -0.60198   -2.03031   -2.06400   -2.01166   -1.28912
     46.78     10000   -0.76448   -2.13869   -1.95025   -2.01533   -1.50658
     70.12     15000   -0.76384   -2.26051   -1.83580   -1.87619   -1.54998
     93.46     20000   -0.68120   -2.35172   -1.68412   -1.68743   -1.48058
    116.79     25000   -0.56579   -1.88305   -1.53085   -1.52249   -1.35375
    140.14     30000   -0.48182   -1.62194   -1.45802   -1.45894   -1.23309
    163.47     35000   -0.43123   -1.73524   -1.65838   -1.62463   -1.20425
    186.81     40000   -0.50399   -1.91424   -1.89725   -2.10901   -1.31182
    210.15     45000   -0.66227   -1.84800   -1.73610   -1.72179   -1.39225
    233.49     50000   -0.83243   -1.93525   -1.81330   -1.79079   -1.50010
    256.82     55000   -0.91952   -2.21070   -2.22993   -2.18759   -1.63100
    280.16     60000   -0.99702   -2.29711   -2.21762   -2.23338   -1.70794
    303.49     65000   -1.03227   -2.09978   -1.94335   -1.93310   -1.68330
    326.83     70000   -1.00327   -2.07031   -1.97383   -1.94463   -1.66599
    350.17     75000   -1.00652   -2.28556   -2.36005   -2.29751   -1.72197
    373.51     80000   -1.09088   -2.32805   -2.28452   -2.25560   -1.79080
    396.84     85000   -1.20100   -2.23036   -2.10660   -2.08562   -1.82515
    420.18     90000   -1.22559   -2.36807   -2.27829   -2.25154   -1.89576
    443.51     95000   -1.28467   -2.62625   -2.81432   -2.76480   -1.99458
    466.85    100000   -1.36418   -2.51350   -2.38621   -2.37747   -2.03370
 ITERATION...
    490.19      5000   -1.39588   -2.43134   -2.30132   -2.28107   -2.02894
    513.52     10000   -1.38322   -2.57532   -2.53686   -2.49840   -2.07476
    536.86     15000   -1.44461   -2.77515   -2.86011   -2.84189   -2.15743
    560.20     20000   -1.54169   -2.62889   -2.50283   -2.48330   -2.19415
    583.54     25000   -1.57131   -2.65637   -2.53696   -2.51195   -2.22980
    606.87     30000   -1.60747   -2.89924   -2.93981   -2.89370   -2.31461
    630.21     35000   -1.69250   -2.94206   -2.88557   -2.87360   -2.38589
    653.55     40000   -1.76675   -2.80454   -2.66824   -2.65022   -2.39511
    676.88     45000   -1.75217   -2.88172   -2.78754   -2.75941   -2.42764
    700.22     50000   -1.79297   -3.13816   -3.29537   -3.24548   -2.51094
    723.55     55000   -1.88617   -3.05033   -2.94558   -2.93085   -2.56494
    746.89     60000   -1.95089   -2.99039   -2.85953   -2.83797   -2.58388
    770.23     65000   -1.95652   -3.15829   -3.10229   -3.06804   -2.64708
    793.56     70000   -2.02275   -3.36339   -3.44819   -3.42455   -2.73363
    816.90     75000   -2.10746   -3.19866   -3.06929   -3.05291   -2.76219
    840.23     80000   -2.12235   -3.20154   -3.08332   -3.05896   -2.78160
    863.57     85000   -2.14608   -3.42797   -3.45425   -3.41227   -2.85516
    886.91     90000   -2.23091   -3.49218   -3.44823   -3.43460   -2.92903
    910.25     95000   -2.31773   -3.35689   -3.22369   -3.20464   -2.94770
    933.58    100000   -2.31425   -3.44145   -3.34305   -3.31554   -2.98840
    956.93      5000   -2.35842   -3.70687   -3.85674   -3.80282   -3.07533
    980.26     10000   -2.44874   -3.62043   -3.51441   -3.50048   -3.12821
   1003.60     15000   -2.51018   -3.54558   -3.41554   -3.39421   -3.14074
   1026.94     20000   -2.50705   -3.69939   -3.64218   -3.60922   -3.19701
   1050.27     25000   -2.56986   -3.91542   -4.01122   -3.98828   -3.28294
   1073.61     30000   -2.65867   -3.75496   -3.62724   -3.61044   -3.31588
   1096.95     35000   -2.68081   -3.75649   -3.63661   -3.61252   -3.33854
   1120.28     40000   -2.70624   -3.98149   -4.00008   -3.95801   -3.41371
   1143.62     45000   -2.78969   -4.06000   -4.02082   -4.00749   -3.48854
   1166.96     50000   -2.87315   -3.91737   -3.78336   -3.76462   -3.50561
   1190.29     55000   -2.86926   -3.99137   -3.89235   -3.86492   -3.54227
   1213.63     60000   -2.91045   -4.25453   -4.39543   -4.34491   -3.62756
   1236.97     65000   -3.00173   -4.18061   -4.07690   -4.06290   -3.68295
   1260.30     70000   -3.06891   -4.10180   -3.97036   -3.94907   -3.69704
   1283.64     75000   -3.06513   -4.25129   -4.18915   -4.15647   -3.75333
   1306.98     80000   -3.12645   -4.47503   -4.58498   -4.55823   -3.83993
   1330.32     85000   -3.21439   -4.31723   -4.18970   -4.17336   -3.87360
   1353.66     90000   -3.23828   -4.31119   -4.19006   -4.16621   -3.89417
   1376.99     95000   -3.26129   -4.52961   -4.54069   -4.49990   -3.96739
   1400.33    100000   -3.34349   -4.62077   -4.58884   -4.57594   -4.04359
   1423.67      5000   -3.42764   -4.47536   -4.34081   -4.32217   -4.06212
   1447.01     10000   -3.42655   -4.54446   -4.44237   -4.41512   -4.09810
   1470.35     15000   -3.46656   -4.80678   -4.93951   -4.88721   -4.18314
   1493.68     20000   -3.55766   -4.74344   -4.64314   -4.62929   -4.24003
   1517.02     25000   -3.62811   -4.65872   -4.52666   -4.50565   -4.25353
   1540.36     30000   -3.62155   -4.80186   -4.73573   -4.70371   -4.30791
   1563.69     35000   -3.68082   -5.03178   -5.15256   -5.12447   -4.39479
   1587.03     40000   -3.76920   -4.87698   -4.75038   -4.73428   -4.43026
   1610.37     45000   -3.79619   -4.86565   -4.74297   -4.71934   -4.45024
   1633.70     50000   -3.81801   -5.07945   -5.08218   -5.04185   -4.52243
   1657.04     55000   -3.89853   -5.18298   -5.16031   -5.14689   -4.59979
   1680.38     60000   -3.98263   -5.03401   -4.89978   -4.88136   -4.61901
   1703.72     65000   -3.98287   -5.09705   -4.99302   -4.96615   -4.65342
   1727.05     70000   -4.02184   -5.35783   -5.48064   -5.42942   -4.73777
   1750.39     75000   -4.11299   -5.30495   -5.20803   -5.19440   -4.79644
   1773.73     80000   -4.18744   -5.21492   -5.08233   -5.06153   -4.81003
   1797.06     85000   -4.17779   -5.35245   -5.28229   -5.25069   -4.86301
   1820.40     90000   -4.23527   -5.58888   -5.72128   -5.68972   -4.95016
   1843.74     95000   -4.32450   -5.43755   -5.31242   -5.29649   -4.98717
   1867.07    100000   -4.35377   -5.42021   -5.29666   -5.27328   -5.00621
   1890.41      5000   -4.37430   -5.62882   -5.62429   -5.58497   -5.07708
   1913.75     10000   -4.45274   -5.74446   -5.73059   -5.71706   -5.15562
   1937.08     15000   -4.53778   -5.59231   -5.45829   -5.44004   -5.17583
   1960.42     20000   -4.53954   -5.64950   -5.54351   -5.51692   -5.20892
   1983.76     25000   -4.57760   -5.90847   -6.02117   -5.97017   -5.29262
   2007.09     30000   -4.66760   -5.86714   -5.77416   -5.76062   -5.35297
   2030.43     35000   -4.74696   -5.77155   -5.63868   -5.61808   -5.36655
   2053.76     40000   -4.73395   -5.90314   -5.82955   -5.79845   -5.41798
   2077.10     45000   -4.78969   -6.14523   -6.28699   -6.25300   -5.50533
   2100.44     50000   -4.87995   -5.99802   -5.87417   -5.85845   -5.54401
   2123.77     55000   -4.91158   -5.97479   -5.85022   -5.82706   -5.56226
   2147.11     60000   -4.92998   -6.17810   -6.16654   -6.12794   -5.63185
   2170.45     65000   -5.00725   -6.30601   -6.30205   -6.28803   -5.71147
   2193.78     70000   -5.09314   -6.15105   -6.01737   -5.99930   -5.73268
   2217.12     75000   -5.09639   -6.20227   -6.09452   -6.06823   -5.76442
   2240.46     80000   -5.13350   -6.45888   -6.56118   -6.51109   -5.84738
   2263.79     85000   -5.22240   -6.42924   -6.34019   -6.32683   -5.90943
   2287.13     90000   -5.30626   -6.32824   -6.19498   -6.17457   -5.92311
   2310.47     95000   -5.29038   -6.45392   -6.37692   -6.34623   -5.97304
   2333.80    100000   -5.34436   -6.70108   -6.85130   -6.81418   -6.06049
   2357.14      5000   -5.43486   -6.55881   -6.43647   -6.42093   -6.10084
   2380.48     10000   -5.46962   -6.52965   -6.40418   -6.38123   -6.11834
   2403.81     15000   -5.48585   -6.72755   -6.70940   -6.67160   -6.18659
   2427.15     20000   -5.56196   -6.86723   -6.87342   -6.85898   -6.26725
   2450.49     25000   -5.64760   -6.70985   -6.57647   -6.55859   -6.28954
   2473.82     30000   -5.65320   -6.75513   -6.64562   -6.61960   -6.31998
   2497.16     35000   -5.68870   -7.00902   -7.10075   -7.05142   -6.40215
   2520.53     40000   -5.77742   -6.99150   -6.90683   -6.89358   -6.46584
   2543.90     45000   -5.86207   -6.88517   -6.75161   -6.73139   -6.47970
   2567.27     50000   -5.84699   -7.00492   -6.92472   -6.89447   -6.52810
   2590.64     55000   -5.89924   -7.25641   -7.41304   -7.37315   -6.61561
   2614.00     60000   -5.98965   -7.11967   -6.99891   -6.98355   -6.65765
   2637.35     65000   -6.02788   -7.08461   -6.95824   -6.93550   -6.67447
   2660.70     70000   -6.04194   -7.27702   -7.25256   -7.21547   -6.74136
   2684.04     75000   -6.11688   -7.42823   -7.44530   -7.43020   -6.82298
   2707.40     80000   -6.20212   -7.26886   -7.13590   -7.11820   -6.84641
   2730.75     85000   -6.20984   -7.30819   -7.19703   -7.17129   -6.87557
   2754.09     90000   -6.24381   -7.55900   -7.64019   -7.59183   -6.95690
   2777.43     95000   -6.33265   -7.55375   -7.47373   -7.46061   -7.02221
   2800.78    100000   -6.41659   -7.44221   -7.30837   -7.28834   -7.03632
   2824.09      5000   -6.40311   -7.55603   -7.47276   -7.44291   -7.08321
   2847.41     10000   -6.45386   -7.81119   -7.97239   -7.92971   -7.17068
   2870.73     15000   -6.54466   -7.68070   -7.56169   -7.54652   -7.21445
   2894.07     20000   -6.58637   -7.63975   -7.51255   -7.49003   -7.23064
   2917.42     25000   -6.59824   -7.82660   -7.79619   -7.75980   -7.29615
   2940.77     30000   -6.67125   -7.98893   -8.01729   -8.00144   -7.37865
   2964.12     35000   -6.75686   -7.82799   -7.69549   -7.67798   -7.40329
   2987.47     40000   -6.76669   -7.86138   -7.74863   -7.72317   -7.43121
   3010.82     45000   -6.79914   -8.10877   -8.17956   -8.13216   -7.51164
   3034.16     50000   -6.88792   -8.11606   -8.04108   -8.02805   -7.57854
   3057.49     55000   -6.97133   -7.99942   -7.86536   -7.84552   -7.59297
   3080.84     60000   -6.95944   -8.10731   -8.02114   -7.99168   -7.63835
   3104.19     65000   -7.00841   -8.36545   -8.52905   -8.48391   -7.72572
   3127.51     70000   -7.09988   -8.24186   -8.12473   -8.10975   -7.77122
   3150.86     75000   -7.14501   -8.19503   -8.06703   -8.04473   -7.78685
   3174.20     80000   -7.15475   -8.37625   -8.34019   -8.30447   -7.85095
   3197.55     85000   -7.22562   -8.54929   -8.58949   -8.57269   -7.93427
   3220.89     90000   -7.31181   -8.38730   -8.25534   -8.23801   -7.96017
   3244.24     95000   -7.32326   -8.41474   -8.30048   -8.27528   -7.98689
   3267.59    100000   -7.35468   -8.65842   -8.71904   -8.67264   -8.06637
   3290.94      5000   -7.44274   -8.67837   -8.60880   -8.59586   -8.13481
   3314.29     10000   -7.52629   -8.55677   -8.42253   -8.40288   -8.14964
   3337.62     15000   -7.51598   -8.65873   -8.56979   -8.54071   -8.19353
   3360.97     20000   -7.56317   -8.91919   -9.08306   -9.03576   -8.28072
   3384.31     25000   -7.65531   -8.80315   -8.68808   -8.67328   -8.32797
   3407.63     30000   -7.70340   -8.75047   -8.62173   -8.59963   -8.34310
   3430.94     35000   -7.71148   -8.92600   -8.88461   -8.84952   -8.40577
   3454.26     40000   -7.78020   -9.10929   -9.16170   -9.14378   -8.48984
   3477.60     45000   -7.86698   -8.94675   -8.81541   -8.79826   -8.51706
   3500.94     50000   -7.87998   -8.96825   -8.85255   -8.82761   -8.54261
   3524.26     55000   -7.91005   -9.20794   -9.25868   -9.21329   -8.62109
   3547.58     60000   -7.99778   -9.24068   -9.17695   -9.16405   -8.69104
MyID= 0: Time=  0.1,has convergenced
     1686097 iterations for the convertgence of psi
 MyID=           0 has finish
