 START-UP FOR CHUNK...
     24.03      5000   -0.68595   -2.04471   -2.37462   -3.19995   -1.29454
     47.79     10000   -0.98294   -2.11001   -2.76891   -3.39237   -1.54945
     71.55     15000   -1.15525   -2.20119   -2.69255   -3.69849   -1.69895
     95.31     20000   -1.29505   -2.80623   -2.70608   -3.68528   -1.82373
    119.06     25000   -1.39880   -3.50720   -3.20292   -4.04556   -1.92255
    142.82     30000   -1.47440   -2.71845   -2.89093   -3.77152   -2.00052
    166.58     35000   -1.54301   -2.52905   -3.48011   -3.67573   -2.07732
    190.35     40000   -1.61459   -2.67821   -3.06527   -3.63369   -2.16670
    214.11     45000   -1.68131   -3.29853   -3.13411   -3.56029   -2.26553
    237.86     50000   -1.71966   -3.74721   -3.32364   -3.36741   -2.35678
    261.61     55000   -1.71950   -3.11717   -3.11592   -3.14975   -2.43480
    285.37     60000   -1.68524   -2.94656   -2.96565   -2.95631   -2.49899
    309.14     65000   -1.61597   -3.13634   -2.74631   -2.77405   -2.51003
    332.90     70000   -1.50635   -3.36907   -2.57020   -2.59058   -2.40859
    356.65     75000   -1.36658   -3.13135   -2.39607   -2.40485   -2.23654
    380.40     80000   -1.21323   -2.95232   -2.22258   -2.22658   -2.05544
    404.15     85000   -1.06960   -2.76849   -2.06815   -2.06947   -1.89200
    427.91     90000   -0.98005   -2.56679   -1.96006   -1.95547   -1.76940
    451.67     95000   -1.03634   -2.43280   -1.93468   -1.92518   -1.72126
    475.42    100000   -1.20096   -2.46067   -2.03736   -2.04367   -1.78199
 ITERATION...
    499.19      5000   -1.37435   -2.72253   -2.34380   -2.40817   -1.96996
    522.94     10000   -1.50736   -3.22189   -2.92108   -3.00550   -2.26878
    546.70     15000   -1.71488   -3.33693   -2.92487   -2.87369   -2.57645
    570.45     20000   -1.97787   -3.47386   -3.03925   -3.05068   -2.80524
    594.22     25000   -2.22483   -3.65836   -3.32184   -3.48308   -2.97024
    617.98     30000   -2.43299   -3.78523   -3.61046   -3.80712   -3.07696
    641.73     35000   -2.52016   -3.92103   -3.88616   -3.88211   -3.17800
    665.49     40000   -2.61552   -3.98317   -4.14532   -4.08854   -3.28710
    689.24     45000   -2.71507   -4.01233   -4.11806   -4.12284   -3.39561
    713.00     50000   -2.81809   -4.10300   -4.09069   -4.16959   -3.50010
    736.75     55000   -2.92804   -4.27898   -4.15685   -4.29403   -3.59883
    760.51     60000   -3.03653   -4.43464   -4.28196   -4.41810   -3.69194
    784.27     65000   -3.13752   -4.46905   -4.41667   -4.50945   -3.78323
    808.02     70000   -3.22914   -4.51193   -4.53215   -4.58355   -3.87676
    831.78     75000   -3.31939   -4.62559   -4.61361   -4.69339   -3.97293
    855.54     80000   -3.41128   -4.81903   -4.69805   -4.80510   -4.06885
    879.30     85000   -3.50483   -4.93263   -4.79509   -4.89132   -4.16236
    903.06     90000   -3.59967   -4.89398   -4.89263   -4.96811   -4.25472
    926.82     95000   -3.69373   -4.90788   -4.98145   -5.04914   -4.34835
    950.58    100000   -3.78157   -5.03976   -5.02277   -5.14070   -4.44140
    974.34      5000   -3.84072   -5.21372   -4.98324   -5.08791   -4.51615
    998.10     10000   -3.68118   -5.05573   -4.75425   -4.83558   -4.49622
   1021.85     15000   -3.37330   -4.74282   -4.42623   -4.50486   -4.28355
   1045.62     20000   -3.02566   -4.40473   -4.08109   -4.16003   -3.96211
   1069.37     25000   -2.67804   -4.05900   -3.73376   -3.81280   -3.61815
   1093.13     30000   -2.33045   -3.71160   -3.38617   -3.46521   -3.27102
   1116.88     35000   -1.98305   -3.36399   -3.03856   -3.11759   -2.92348
   1140.63     40000   -1.63648   -3.01635   -2.69099   -2.76998   -2.57594
   1164.39     45000   -1.29405   -2.66861   -2.34364   -2.42244   -2.22860
   1188.14     50000   -0.94418   -2.32048   -1.99743   -2.07526   -1.88237
   1211.90     55000   -0.60558   -1.97156   -1.65679   -1.73007   -1.54168
   1235.65     60000   -0.30241   -1.63672   -1.33903   -1.39514   -1.22584
   1259.41     65000   -0.11661   -1.44575   -1.08813   -1.09279   -0.97690
   1283.17     70000    0.08059   -1.22535   -0.97305   -1.03480   -0.83758
   1306.93     75000   -0.06280   -1.68980   -1.13908   -1.11817   -0.96728
   1330.68     80000   -0.40178   -1.52165   -1.31140   -1.28025   -1.11322
   1354.44     85000   -0.53711   -1.81623   -1.61631   -1.55417   -1.31257
   1378.20     90000   -0.64773   -2.34462   -1.74272   -1.77939   -1.43020
   1401.96     95000   -0.70207   -2.16265   -1.59386   -1.63851   -1.36591
   1425.72    100000   -0.64911   -1.91621   -1.57364   -1.65761   -1.34251
   1449.48      5000   -0.69188   -2.12888   -1.74639   -1.77316   -1.45071
   1473.23     10000   -0.82536   -2.28583   -1.92926   -1.79340   -1.55915
   1497.00     15000   -1.07229   -2.23984   -2.07808   -1.91696   -1.69797
   1520.76     20000   -1.08706   -2.36635   -2.44627   -2.24447   -1.82999
   1544.52     25000   -1.15214   -2.37003   -2.21631   -2.20684   -1.84738
   1568.28     30000   -1.17622   -2.26832   -2.08446   -2.09344   -1.82335
   1592.04     35000   -1.14397   -2.31638   -2.27340   -2.28778   -1.85923
   1615.80     40000   -1.20269   -2.59950   -2.50374   -2.52503   -1.92796
   1639.56     45000   -1.30061   -2.42965   -2.25163   -2.22707   -1.96050
   1663.32     50000   -1.33734   -2.44780   -2.32635   -2.29603   -2.02194
   1687.09     55000   -1.38279   -2.72846   -2.71476   -2.72161   -2.11295
   1710.83     60000   -1.44952   -2.73264   -2.55124   -2.51974   -2.14376
   1734.59     65000   -1.50239   -2.57403   -2.42083   -2.39821   -2.14388
   1758.35     70000   -1.48056   -2.66962   -2.60865   -2.62041   -2.19619
   1782.11     75000   -1.53892   -2.90361   -2.84679   -2.84146   -2.26300
   1805.87     80000   -1.62646   -2.73998   -2.57081   -2.54947   -2.28318
   1829.64     85000   -1.64561   -2.73733   -2.62444   -2.61186   -2.32897
   1853.40     90000   -1.68221   -2.97373   -3.01545   -3.02399   -2.41223
   1877.16     95000   -1.75082   -3.03014   -2.85149   -2.83398   -2.44665
   1900.92    100000   -1.81139   -2.87166   -2.72441   -2.70262   -2.45203
   1924.68      5000   -1.79479   -2.96766   -2.91813   -2.91197   -2.50825
   1948.44     10000   -1.85309   -3.24205   -3.17847   -3.18049   -2.57626
   1972.20     15000   -1.93386   -3.06325   -2.89079   -2.86256   -2.59293
   1995.96     20000   -1.95063   -3.04032   -2.92593   -2.90868   -2.63103
   2019.72     25000   -1.98107   -3.26552   -3.29376   -3.31204   -2.71103
   2043.48     30000   -2.05043   -3.33924   -3.17046   -3.14793   -2.74973
   2067.23     35000   -2.12129   -3.17969   -3.02674   -3.00698   -2.75755
   2090.99     40000   -2.10330   -3.26266   -3.20708   -3.20207   -2.81399
   2114.75     45000   -2.15966   -3.53545   -3.50675   -3.51546   -2.88402
   2138.51     50000   -2.23746   -3.38406   -3.20426   -3.17982   -2.90030
   2162.27     55000   -2.25587   -3.34147   -3.22400   -3.20518   -2.93297
   2186.02     60000   -2.28145   -3.55513   -3.57600   -3.58845   -3.01104
   2209.78     65000   -2.35121   -3.65975   -3.49087   -3.46872   -3.05373
   2233.54     70000   -2.43079   -3.48888   -3.33210   -3.30968   -3.06229
   2257.30     75000   -2.41068   -3.56249   -3.49599   -3.48850   -3.11752
   2281.07     80000   -2.46431   -3.83587   -3.82968   -3.84174   -3.18947
   2304.82     85000   -2.54013   -3.70127   -3.51965   -3.49522   -3.20677
   2328.58     90000   -2.56268   -3.64414   -3.52095   -3.50311   -3.23538
   2352.34     95000   -2.58250   -3.84180   -3.85450   -3.86507   -3.31175
   2376.09    100000   -2.65220   -3.97415   -3.81342   -3.79341   -3.35823
   2399.85      5000   -2.73952   -3.79727   -3.63704   -3.61471   -3.36686
   2423.61     10000   -2.71577   -3.85872   -3.78511   -3.77512   -3.41999
   2447.36     15000   -2.76731   -4.13463   -4.14580   -4.16286   -3.49375
   2471.11     20000   -2.84085   -4.01846   -3.83552   -3.81073   -3.51283
   2494.87     25000   -2.86932   -3.94695   -3.81955   -3.80083   -3.53815
   2518.63     30000   -2.88511   -4.13170   -4.13327   -4.14166   -3.61290
   2542.39     35000   -2.95322   -4.28894   -4.13869   -4.11937   -3.66294
   2566.16     40000   -3.04279   -4.10639   -3.94329   -3.92070   -3.67154
   2589.94     45000   -3.02110   -4.15484   -4.07435   -4.06343   -3.72207
   2613.72     50000   -3.06983   -4.42788   -4.45546   -4.47685   -3.79732
   2637.50     55000   -3.14200   -4.33559   -4.15178   -4.12732   -3.81872
   2661.28     60000   -3.17553   -4.25001   -4.11872   -4.09951   -3.84118
   2685.06     65000   -3.18794   -4.42124   -4.41315   -4.41855   -3.91422
   2708.84     70000   -3.25544   -4.60393   -4.46497   -4.44743   -3.96771
   2732.62     75000   -3.34432   -4.41660   -4.25072   -4.22761   -3.97636
   2756.39     80000   -3.32727   -4.45174   -4.36489   -4.35270   -4.02406
   2780.17     85000   -3.37231   -4.72022   -4.75836   -4.78304   -4.10046
   2803.95     90000   -3.44386   -4.65319   -4.46911   -4.44467   -4.12453
   2827.73     95000   -3.48283   -4.55403   -4.41870   -4.39906   -4.14445
   2851.51    100000   -3.49155   -4.71135   -4.69368   -4.69657   -4.21561
   2875.25      5000   -3.55879   -4.91677   -4.79216   -4.77698   -4.27241
   2899.00     10000   -3.64367   -4.72776   -4.55900   -4.53564   -4.28134
   2922.74     15000   -3.63289   -4.74925   -4.65647   -4.64315   -4.32607
   2946.49     20000   -3.67427   -5.01107   -5.05501   -5.08125   -4.40330
   2970.23     25000   -3.74473   -4.97130   -4.78741   -4.76312   -4.43029
   2993.98     30000   -3.79073   -4.85884   -4.71957   -4.69942   -4.44794
   3017.72     35000   -3.79609   -5.00242   -4.97527   -4.97571   -4.51705
   3041.47     40000   -3.86092   -5.22768   -5.11987   -5.10752   -4.57699
   3065.21     45000   -3.94399   -5.03975   -4.86826   -4.84464   -4.58646
   3088.96     50000   -3.93861   -5.04755   -4.94903   -4.93478   -4.62817
   3112.70     55000   -3.97647   -5.30080   -5.34607   -5.37213   -4.70589
   3136.45     60000   -4.04573   -5.28960   -5.10676   -5.08274   -4.73600
   3160.19     65000   -4.09885   -5.16435   -5.02127   -5.00066   -4.75162
   3183.94     70000   -4.09889   -5.29415   -5.25796   -5.25614   -4.81849
   3207.68     75000   -4.16339   -5.53626   -5.44749   -5.43866   -4.88140
   3231.43     80000   -4.24486   -5.35249   -5.17846   -5.15459   -4.89171
   3255.20     85000   -4.24394   -5.34658   -5.24263   -5.22749   -4.93038
   3278.97     90000   -4.27832   -5.58997   -5.63261   -5.65703   -5.00827
   3302.75     95000   -4.34771   -5.60807   -5.42724   -5.40357   -5.04165
   3326.52    100000   -4.40802   -5.47056   -5.32380   -5.30276   -5.05549
   3350.29      5000   -4.40269   -5.58658   -5.54177   -5.53793   -5.11996
   3374.07     10000   -4.46548   -5.84215   -5.77435   -5.76975   -5.18561
   3397.85     15000   -4.54400   -5.66597   -5.48959   -5.46554   -5.19707
   3421.62     20000   -4.55011   -5.64632   -5.53721   -5.52126   -5.23272
   3445.40     25000   -4.58036   -5.87877   -5.91583   -5.93759   -5.31047
   3469.17     30000   -4.65058   -5.92658   -5.74886   -5.72569   -5.34723
   3492.94     35000   -4.71744   -5.77749   -5.62718   -5.60573   -5.35953
   3516.72     40000   -4.70749   -5.87974   -5.82675   -5.82109   -5.42144
   3540.49     45000   -4.76785   -6.14531   -6.09957   -6.09989   -5.48962
   3564.27     50000   -4.84415   -5.98019   -5.80168   -5.77746   -5.50254
   3588.04     55000   -4.85539   -5.94679   -5.83275   -5.81606   -5.53522
   3611.82     60000   -4.88236   -6.16745   -6.19685   -6.21539   -5.61251
   3635.60     65000   -4.95223   -6.24492   -6.07164   -6.04914   -5.65273
   3659.37     70000   -5.02732   -6.08516   -5.93141   -5.90957   -5.66376
   3683.15     75000   -5.01237   -6.17364   -6.11290   -6.10559   -5.72297
   3706.92     80000   -5.06942   -6.44575   -6.42209   -6.42790   -5.79341
   3730.69     85000   -5.14531   -6.29514   -6.11475   -6.09040   -5.80808
   3754.47     90000   -5.16164   -6.24800   -6.12923   -6.11185   -5.83787
   3778.13     95000   -5.18468   -6.45625   -6.47666   -6.49175   -5.91441
   3801.91    100000   -5.25488   -6.56283   -6.39558   -6.37395   -5.95812
   3825.66      5000   -5.33714   -6.39357   -6.23649   -6.21429   -5.96815
   3848.91     10000   -5.31809   -6.46827   -6.40020   -6.39141   -6.02455
   3872.50     15000   -5.37197   -6.74359   -6.74075   -6.75230   -6.09698
   3896.23     20000   -5.44646   -6.61078   -6.42881   -6.40438   -6.11370
   3919.83     25000   -5.46890   -6.54993   -6.42663   -6.40861   -6.14069
   3943.57     30000   -5.48703   -6.74531   -6.75600   -6.76767   -6.21618
   3967.32     35000   -5.55659   -6.88001   -6.72061   -6.70012   -6.26338
   3991.05     40000   -5.64586   -6.70271   -6.54243   -6.51989   -6.27272
   4014.35     45000   -5.62232   -6.76366   -6.68865   -6.67852   -6.32620
   4037.28     50000   -5.67377   -7.03910   -7.05443   -7.07146   -6.40032
   4060.25     55000   -5.74680   -6.92708   -6.74390   -6.71942   -6.41936
   4083.17     60000   -5.77535   -6.85259   -6.72493   -6.70631   -6.44369
   4105.64     65000   -5.79037   -7.03477   -7.03547   -7.04388   -6.51786
   4128.30     70000   -5.85824   -7.19612   -7.04667   -7.02765   -6.56851
   4150.80     75000   -5.94832   -7.01260   -6.84923   -6.82637   -6.57744
   4172.95     80000   -5.92748   -7.05979   -6.97822   -6.96686   -6.62794
   4195.10     85000   -5.97595   -7.33258   -7.36228   -7.38390   -6.70345
   4217.22     90000   -6.04775   -7.24399   -7.06004   -7.03557   -6.72505
   4239.35     95000   -6.08180   -7.15598   -7.02412   -7.00494   -6.74686
   4261.49    100000   -6.09344   -7.32473   -7.31545   -7.32085   -6.81945
   4283.63      5000   -6.16089   -7.51078   -7.37360   -7.35644   -6.87348
   4305.77     10000   -6.24945   -7.32324   -7.15690   -7.13374   -6.88232
   4327.63     15000   -6.23363   -7.35667   -7.26887   -7.25640   -6.92977
   4349.41     20000   -6.27803   -7.62441   -7.66390   -7.68868   -7.00636
   4371.22     25000   -6.34962   -7.56144   -7.37725   -7.35287   -7.03076
   4393.27     30000   -6.38927   -7.46010   -7.32418   -7.30448   -7.05021
   4414.98     35000   -6.39734   -7.61527   -7.59624   -7.59888   -7.12099
   4436.46     40000   -6.46452   -7.82363   -7.70117   -7.68637   -7.17827
   4457.83     45000   -6.54892   -7.63462   -7.46545   -7.44202   -7.18734
   4479.15     50000   -6.53900   -7.65430   -7.56058   -7.54710   -7.23172
   4500.52     55000   -6.58002   -7.91497   -7.95949   -7.98564   -7.30907
   4521.98     60000   -6.65017   -7.87935   -7.69557   -7.67135   -7.33646
   4543.43     65000   -6.69714   -7.76494   -7.62511   -7.60492   -7.35374
   4564.66     70000   -6.70167   -7.90644   -7.87800   -7.87815   -7.42249
   4586.09     75000   -6.76647   -8.13430   -8.02902   -8.01716   -7.48288
   4607.55     80000   -6.84940   -7.94675   -7.77490   -7.75122   -7.49249
   4628.94     85000   -6.84476   -7.95267   -7.85332   -7.83891   -7.53380
   4650.46     90000   -6.88202   -8.20462   -8.24973   -8.27554   -7.61159
   4671.81     95000   -6.95128   -8.19761   -8.01502   -7.99105   -7.64214
   4693.25    100000   -7.00541   -8.07052   -7.92690   -7.90624   -7.65746
   4715.24      5000   -7.00464   -8.19829   -8.16084   -8.15875   -7.72397
   4736.62     10000   -7.06889   -8.44252   -8.35665   -8.34840   -7.78728
   4758.10     15000   -7.14996   -8.25963   -8.08526   -8.06137   -7.79776
   4779.56     20000   -7.15007   -8.25178   -8.14707   -8.13180   -7.83601
   4800.95     25000   -7.18399   -8.49367   -8.53568   -8.55972   -7.91392
   4822.29     30000   -7.25339   -8.51608   -8.33563   -8.31203   -7.94777
   4843.65     35000   -7.31473   -8.37682   -8.22955   -8.20845   -7.96135
   4865.16     40000   -7.30861   -8.49083   -8.44482   -8.44072   -8.02545
   4886.72     45000   -7.37114   -8.74805   -8.68337   -8.67944   -8.09148
   4908.66     50000   -7.44924   -8.57324   -8.39655   -8.37247   -8.10315
   4929.99     55000   -7.45612   -8.55163   -8.44179   -8.42573   -8.13837
   4951.38     60000   -7.48589   -8.78243   -8.81850   -8.83980   -8.21608
   4972.76     65000   -7.55606   -8.83456   -8.65740   -8.63432   -8.25333
   4994.15     70000   -7.62411   -8.68386   -8.53304   -8.51154   -8.26542
   5015.57     75000   -7.61354   -8.78410   -8.72997   -8.72406   -8.32695
   5036.90     80000   -7.67330   -9.05083   -9.00829   -9.00938   -8.39546
   5058.25     85000   -7.74955   -8.88759   -8.70879   -8.68455   -8.40862
   5079.47     90000   -7.76152   -8.85221   -8.73747   -8.72068   -8.44089
   5100.78     95000   -7.78803   -9.07111   -9.09928   -9.11732   -8.51809
   5122.07    100000   -7.85785   -9.15285   -8.98034   -8.95795   -8.55881
   5143.43      5000   -7.93404   -8.99163   -8.83739   -8.81550   -8.56967
   5164.79     10000   -7.91842   -9.07810   -9.01628   -9.00876   -8.62848
   5186.14     15000   -7.97501   -9.35088   -9.33034   -9.33697   -8.69923
MyID= 0: Time=  0.1,has convergenced
     1683763 iterations for the convertgence of psi
 MyID=           0 has finish
