 START-UP FOR CHUNK...
     23.44      5000   -0.61450   -2.03504   -2.11941   -2.08827   -1.29025
     46.78     10000   -0.79637   -2.13165   -2.02412   -2.09036   -1.51777
     70.12     15000   -0.80987   -2.24267   -1.91053   -1.94895   -1.58228
     93.46     20000   -0.74132   -2.43312   -1.75410   -1.75554   -1.53046
    116.80     25000   -0.62067   -1.97499   -1.57894   -1.57488   -1.40229
    140.14     30000   -0.51899   -1.68201   -1.46385   -1.46341   -1.26507
    163.47     35000   -0.43937   -1.65015   -1.54935   -1.52959   -1.18943
    186.81     40000   -0.47724   -1.86950   -1.88889   -2.05340   -1.26397
    210.15     45000   -0.61375   -1.86798   -1.76855   -1.74852   -1.35540
    233.48     50000   -0.80005   -1.86366   -1.73798   -1.72653   -1.44927
    256.82     55000   -0.88254   -2.10383   -2.05690   -2.01803   -1.58017
    280.16     60000   -0.96126   -2.30992   -2.32854   -2.37290   -1.67714
    303.49     65000   -1.00539   -2.12577   -1.95391   -1.94499   -1.66665
    326.83     70000   -0.98852   -2.02759   -1.91588   -1.88598   -1.63455
    350.17     75000   -0.96793   -2.18780   -2.19992   -2.15318   -1.67219
    373.50     80000   -1.03230   -2.32931   -2.34010   -2.30981   -1.74397
    396.84     85000   -1.14017   -2.19731   -2.07494   -2.05140   -1.78071
    420.17     90000   -1.18000   -2.28883   -2.18311   -2.16370   -1.84506
    443.51     95000   -1.23334   -2.54430   -2.69138   -2.65665   -1.94405
    466.84    100000   -1.31224   -2.50809   -2.39250   -2.38748   -1.99214
 ITERATION...
    490.18      5000   -1.36217   -2.39228   -2.25292   -2.23476   -1.98449
    513.52     10000   -1.33324   -2.49059   -2.43589   -2.40239   -2.02019
    536.85     15000   -1.38262   -2.72875   -2.85269   -2.84641   -2.10072
    560.19     20000   -1.47590   -2.59894   -2.47052   -2.44902   -2.14113
    583.52     25000   -1.51993   -2.59422   -2.47053   -2.44511   -2.17481
    606.86     30000   -1.55044   -2.81453   -2.82479   -2.79188   -2.25733
    630.19     35000   -1.63023   -2.90734   -2.86996   -2.85674   -2.32955
    653.53     40000   -1.70246   -2.75778   -2.61713   -2.59865   -2.33827
    676.87     45000   -1.69238   -2.81123   -2.71378   -2.68886   -2.36729
    700.20     50000   -1.72818   -3.05722   -3.19816   -3.16932   -2.44793
    723.54     55000   -1.81727   -3.00146   -2.89266   -2.87795   -2.50089
    746.87     60000   -1.88617   -2.92923   -2.79527   -2.77330   -2.51994
    770.21     65000   -1.89094   -3.08492   -3.03050   -2.99967   -2.58375
    793.55     70000   -1.95559   -3.29674   -3.37486   -3.36058   -2.66783
    816.88     75000   -2.03630   -3.13684   -3.00147   -2.98304   -2.69261
    840.22     80000   -2.05130   -3.13421   -3.01701   -2.99257   -2.71277
    863.55     85000   -2.07436   -3.35507   -3.39407   -3.36290   -2.78711
    886.89     90000   -2.15782   -3.41426   -3.35344   -3.33971   -2.85541
    910.23     95000   -2.24391   -3.28424   -3.14715   -3.12682   -2.87182
    933.56    100000   -2.23821   -3.37392   -3.28328   -3.25709   -2.91721
    956.90      5000   -2.28509   -3.63139   -3.78861   -3.75796   -3.00364
    980.24     10000   -2.37084   -3.53229   -3.41159   -3.39592   -3.04703
   1003.57     15000   -2.41815   -3.46994   -3.34056   -3.31796   -3.06041
   1026.91     20000   -2.42341   -3.63643   -3.60275   -3.57272   -3.12289
   1050.25     25000   -2.49314   -3.81917   -3.85282   -3.84238   -3.20331
   1073.59     30000   -2.57722   -3.65984   -3.52340   -3.50404   -3.22712
   1096.92     35000   -2.59067   -3.68388   -3.57147   -3.54671   -3.25647
   1120.26     40000   -2.62286   -3.92315   -3.99626   -3.96193   -3.33713
   1143.59     45000   -2.70650   -3.94060   -3.85689   -3.84303   -3.39926
   1166.93     50000   -2.79045   -3.82241   -3.68576   -3.66490   -3.41163
   1190.26     55000   -2.77589   -3.92739   -3.84914   -3.82190   -3.45918
   1213.60     60000   -2.82664   -4.17714   -4.32531   -4.30634   -3.54462
   1236.94     65000   -2.91301   -4.05279   -3.92525   -3.90830   -3.58327
   1260.27     70000   -2.95106   -4.01299   -3.88609   -3.86283   -3.60110
   1283.61     75000   -2.96645   -4.20086   -4.18691   -4.15540   -3.66998
   1306.94     80000   -3.04110   -4.34745   -4.34387   -4.33235   -3.74701
   1330.28     85000   -3.12321   -4.19192   -4.05368   -4.03418   -3.76597
   1353.62     90000   -3.12792   -4.23456   -4.12874   -4.10346   -3.79846
   1376.95     95000   -3.16307   -4.48323   -4.59093   -4.55819   -3.88093
   1400.29    100000   -3.24946   -4.45903   -4.35895   -4.34449   -3.93759
   1423.62      5000   -3.32620   -4.35951   -4.22388   -4.20234   -3.95062
   1446.96     10000   -3.31570   -4.48632   -4.41916   -4.39078   -4.00427
   1470.30     15000   -3.37322   -4.72176   -4.84401   -4.82801   -4.08915
   1493.63     20000   -3.45753   -4.57819   -4.44627   -4.42866   -4.12181
   1516.97     25000   -3.48580   -4.55834   -4.43543   -4.41179   -4.14201
   1540.31     30000   -3.50577   -4.76400   -4.77467   -4.74262   -4.21476
   1563.64     35000   -3.58550   -4.86937   -4.83243   -4.82077   -4.28763
   1586.98     40000   -3.66848   -4.72301   -4.58432   -4.56433   -4.30401
   1610.32     45000   -3.66697   -4.78707   -4.68822   -4.66221   -4.34177
   1633.65     50000   -3.70731   -5.04275   -5.18068   -5.14853   -4.42625
   1656.99     55000   -3.79398   -4.97985   -4.86845   -4.85305   -4.47676
   1680.33     60000   -3.85648   -4.89897   -4.76577   -4.74375   -4.49018
   1703.66     65000   -3.85535   -5.04595   -4.99335   -4.96428   -4.54877
   1727.00     70000   -3.91861   -5.25869   -5.33921   -5.32731   -4.63196
   1750.33     75000   -4.00284   -5.10375   -4.96865   -4.95040   -4.65964
   1773.67     80000   -4.02231   -5.10481   -4.98648   -4.96230   -4.68361
   1797.01     85000   -4.04805   -5.32763   -5.36674   -5.33342   -4.76028
   1820.34     90000   -4.13107   -5.39048   -5.32784   -5.31510   -4.82827
   1843.68     95000   -4.21410   -5.25673   -5.11865   -5.09816   -4.84248
   1867.01    100000   -4.20630   -5.34128   -5.25135   -5.22472   -4.88522
   1890.35      5000   -4.25172   -5.59765   -5.75244   -5.72539   -4.97070
   1913.68     10000   -4.33854   -5.50095   -5.38059   -5.36443   -5.01522
   1937.02     15000   -4.38818   -5.43983   -5.30937   -5.28682   -5.03021
   1960.36     20000   -4.39469   -5.60691   -5.57138   -5.54127   -5.09382
   1983.69     25000   -4.46445   -5.79024   -5.82795   -5.81685   -5.17446
   2007.03     30000   -4.54735   -5.63180   -5.49476   -5.47591   -5.19760
   2030.36     35000   -4.56015   -5.65339   -5.54064   -5.51592   -5.22562
   2053.70     40000   -4.59125   -5.89074   -5.96247   -5.92871   -5.30554
   2077.04     45000   -4.67502   -5.91023   -5.82691   -5.81331   -5.36816
   2100.37     50000   -4.75980   -5.79205   -5.65495   -5.63394   -5.38124
   2123.71     55000   -4.74619   -5.89722   -5.81747   -5.79006   -5.42922
   2147.04     60000   -4.79688   -6.14739   -6.29782   -6.27647   -5.51486
   2170.38     65000   -4.88305   -6.02382   -5.89699   -5.88008   -5.55347
   2193.72     70000   -4.92103   -5.98279   -5.85573   -5.83267   -5.57069
   2217.05     75000   -4.93580   -6.16927   -6.15426   -6.12318   -5.63899
   2240.39     80000   -5.00999   -6.31689   -6.31490   -6.30386   -5.71624
   2263.73     85000   -5.09258   -6.16151   -6.02329   -6.00388   -5.73562
   2287.06     90000   -5.09782   -6.20376   -6.09731   -6.07198   -5.76819
   2310.40     95000   -5.13297   -6.45242   -6.55832   -6.52459   -5.85070
   2333.74    100000   -5.21926   -6.43004   -6.33106   -6.31654   -5.90755
   2357.07      5000   -5.29647   -6.32938   -6.19392   -6.17240   -5.92036
   2380.41     10000   -5.28531   -6.45505   -6.38739   -6.35919   -5.97357
   2403.74     15000   -5.34242   -6.69116   -6.81458   -6.79897   -6.05849
   2427.08     20000   -5.42687   -6.54812   -6.41652   -6.39893   -6.09151
   2450.42     25000   -5.45575   -6.52752   -6.40439   -6.38080   -6.11169
   2473.75     30000   -5.47555   -6.73248   -6.74171   -6.70954   -6.18431
   2497.09     35000   -5.55502   -6.84012   -6.80509   -6.79334   -6.25740
   2520.42     40000   -5.63785   -6.69316   -6.55464   -6.53469   -6.27382
   2543.76     45000   -5.63664   -6.75605   -6.65700   -6.63105   -6.31123
   2567.10     50000   -5.67675   -7.01153   -7.14802   -7.11623   -6.39561
   2590.44     55000   -5.76335   -6.95031   -6.83935   -6.82399   -6.44647
   2613.78     60000   -5.82664   -6.86849   -6.73518   -6.71316   -6.45990
   2637.11     65000   -5.82504   -7.01451   -6.96110   -6.93203   -6.51827
   2660.45     70000   -5.88811   -7.22870   -7.31184   -7.29953   -6.60156
   2683.80     75000   -5.97239   -7.07419   -6.93931   -6.92110   -6.62946
   2707.16     80000   -5.99211   -7.07414   -6.95565   -6.93152   -6.65319
   2730.52     85000   -6.01760   -7.29608   -7.33379   -7.30064   -6.72967
   2753.86     90000   -6.10050   -7.36110   -7.29946   -7.28684   -6.79793
   2777.22     95000   -6.18358   -7.22663   -7.08847   -7.06800   -6.81225
   2800.59    100000   -6.17606   -7.31015   -7.21973   -7.19310   -6.85475
   2823.94      5000   -6.22114   -7.56670   -7.72123   -7.69363   -6.94019
   2847.28     10000   -6.30806   -7.47165   -7.35172   -7.33557   -6.98501
   2870.64     15000   -6.35832   -7.40947   -7.27890   -7.25637   -6.99988
   2893.97     20000   -6.36437   -7.57552   -7.53911   -7.50909   -7.06324
   2917.30     25000   -6.43393   -7.76045   -7.80014   -7.78912   -7.14403
   2940.63     30000   -6.51675   -7.60202   -7.46502   -7.44620   -7.16740
   2963.97     35000   -6.53004   -7.62258   -7.50950   -7.48481   -7.19521
   2987.29     40000   -6.56073   -7.85926   -7.92928   -7.89543   -7.27497
   3010.63     45000   -6.64449   -7.88101   -7.79864   -7.78508   -7.33788
   3033.95     50000   -6.72913   -7.76197   -7.62482   -7.60384   -7.35099
   3057.27     55000   -6.71591   -7.86609   -7.78581   -7.75845   -7.39870
   3080.59     60000   -6.76628   -8.11674   -8.26787   -8.24634   -7.48435
   3103.91     65000   -6.85262   -7.99432   -7.86775   -7.85087   -7.52326
   3127.23     70000   -6.89101   -7.95228   -7.82501   -7.80197   -7.54035
   3150.58     75000   -6.90546   -8.13780   -8.12164   -8.09059   -7.60842
   3173.91     80000   -6.97934   -8.28737   -8.28730   -8.27625   -7.68586
   3197.22     85000   -7.06207   -8.13170   -7.99353   -7.97415   -7.70541
   3220.54     90000   -7.06757   -8.17290   -8.06611   -8.04083   -7.73774
   3243.86     95000   -7.10252   -8.42108   -8.52528   -8.49157   -7.82014
   3267.17    100000   -7.18882   -8.40074   -8.30242   -8.28796   -7.87728
   3290.49      5000   -7.26670   -8.29915   -8.16359   -8.14210   -7.89009
   3313.82     10000   -7.25509   -8.42379   -8.35546   -8.32730   -7.94304
   3337.14     15000   -7.31184   -8.66082   -8.78607   -8.77017   -8.02801
   3360.47     20000   -7.39631   -8.51858   -8.38719   -8.36964   -8.06131
   3383.79     25000   -7.42570   -8.49694   -8.37360   -8.35004   -8.08132
   3407.12     30000   -7.44519   -8.70100   -8.70891   -8.67680   -8.15373
   3430.44     35000   -7.52443   -8.81072   -8.77718   -8.76548   -8.22705
   3453.77     40000   -7.60722   -8.66322   -8.52470   -8.50477   -8.24360
   3477.09     45000   -7.60637   -8.72507   -8.62561   -8.59970   -8.28076
   3500.42     50000   -7.64630   -8.98034   -9.11550   -9.08352   -8.36507
   3523.74     55000   -7.73278   -8.92099   -8.81056   -8.79525   -8.41623
   3547.07     60000   -7.79682   -8.83819   -8.70477   -8.68277   -8.42960
   3570.39     65000   -7.79468   -8.98319   -8.92901   -8.89998   -8.48772
   3593.72     70000   -7.85756   -9.19867   -9.28396   -9.27156   -8.57112
   3617.04     75000   -7.94194   -9.04454   -8.90980   -8.89161   -8.59926
   3640.37     80000   -7.96193   -9.04345   -8.92471   -8.90060   -8.62280
   3663.69     85000   -7.98721   -9.26458   -9.30074   -9.26763   -8.69909
MyID= 0: Time=  0.1,has convergenced
     1686282 iterations for the convertgence of psi
 MyID=           0 has finish
