 START-UP FOR CHUNK...
     23.45      5000   -0.63171   -2.03955   -2.19855   -2.21264   -1.29200
     46.81     10000   -0.83649   -2.12282   -2.14415   -2.21345   -1.53071
     70.17     15000   -0.88150   -2.22362   -2.03107   -2.07067   -1.62407
     93.53     20000   -0.83380   -2.53140   -1.87221   -1.87241   -1.60754
    116.89     25000   -0.71948   -2.12333   -1.67691   -1.67540   -1.48928
    140.25     30000   -0.59172   -1.82252   -1.50826   -1.51024   -1.33293
    163.61     35000   -0.49314   -1.62446   -1.46268   -1.45902   -1.20493
    186.97     40000   -0.46289   -1.74524   -1.71864   -1.69796   -1.19704
    210.33     45000   -0.54859   -1.93531   -1.87264   -1.91166   -1.29502
    233.68     50000   -0.68688   -1.80937   -1.67952   -1.66160   -1.37450
    257.04     55000   -0.82360   -1.97138   -1.85062   -1.81434   -1.50023
    280.40     60000   -0.90620   -2.26855   -2.35941   -2.35554   -1.62202
    303.75     65000   -0.96741   -2.18509   -2.02939   -2.01675   -1.64767
    327.11     70000   -0.97454   -2.00690   -1.86097   -1.83890   -1.60336
    350.47     75000   -0.91971   -2.05387   -1.99453   -1.96640   -1.60703
    373.83     80000   -0.94928   -2.27840   -2.40906   -2.41365   -1.67403
    397.19     85000   -1.04717   -2.18421   -2.06279   -2.04027   -1.72052
    420.55     90000   -1.12129   -2.18837   -2.06355   -2.04568   -1.77338
    443.90     95000   -1.16415   -2.41195   -2.42466   -2.40005   -1.87034
    467.26    100000   -1.24024   -2.53305   -2.46669   -2.46643   -1.93807
 ITERATION...
    490.62      5000   -1.29355   -2.36256   -2.20889   -2.18964   -1.93187
    513.97     10000   -1.27139   -2.38006   -2.29203   -2.26439   -1.94776
    537.33     15000   -1.29754   -2.62218   -2.73950   -2.74425   -2.02115
    560.69     20000   -1.38523   -2.58321   -2.46298   -2.44026   -2.07233
    584.05     25000   -1.46119   -2.51239   -2.37833   -2.35525   -2.10100
    607.40     30000   -1.47645   -2.67664   -2.63223   -2.61090   -2.17617
    630.76     35000   -1.54529   -2.87312   -2.91144   -2.90585   -2.25587
    654.12     40000   -1.61593   -2.71762   -2.56759   -2.54994   -2.26902
    677.48     45000   -1.61871   -2.71080   -2.59943   -2.57648   -2.28702
    700.84     50000   -1.64083   -2.92794   -3.00030   -2.98576   -2.36054
    724.20     55000   -1.72250   -2.96992   -2.86993   -2.85514   -2.41960
    747.56     60000   -1.81671   -2.85284   -2.71151   -2.68867   -2.43782
    770.92     65000   -1.80600   -2.96466   -2.89015   -2.86554   -2.49574
    794.28     70000   -1.86284   -3.21090   -3.32976   -3.32474   -2.58016
    817.64     75000   -1.93930   -3.08072   -2.93907   -2.91995   -2.60781
    840.99     80000   -1.96632   -3.03918   -2.91424   -2.89160   -2.62322
    864.35     85000   -1.97982   -3.22656   -3.23742   -3.21819   -2.69250
    887.71     90000   -2.05646   -3.34867   -3.29739   -3.28625   -2.76120
    911.07     95000   -2.14246   -3.20189   -3.05719   -3.03601   -2.77767
    934.43    100000   -2.14158   -3.26433   -3.16876   -3.14518   -2.82108
    957.79      5000   -2.18478   -3.51814   -3.65183   -3.64085   -2.90565
    981.15     10000   -2.26527   -3.45337   -3.32423   -3.30675   -2.94722
   1004.51     15000   -2.31674   -3.37154   -3.23773   -3.21511   -2.95939
   1027.86     20000   -2.31849   -3.52037   -3.48552   -3.46309   -3.02101
   1051.22     25000   -2.38537   -3.71792   -3.74024   -3.73517   -3.09803
   1074.57     30000   -2.46763   -3.56079   -3.41580   -3.39495   -3.11893
   1097.93     35000   -2.48047   -3.57590   -3.46436   -3.44113   -3.15020
   1121.29     40000   -2.51135   -3.80907   -3.88703   -3.86949   -3.23100
   1144.64     45000   -2.59187   -3.83138   -3.72746   -3.71197   -3.28607
   1168.00     50000   -2.67337   -3.71187   -3.57120   -3.54934   -3.29699
   1191.36     55000   -2.65741   -3.81738   -3.74982   -3.72656   -3.34873
   1214.71     60000   -2.71287   -4.06035   -4.16850   -4.16990   -3.43087
   1238.07     65000   -2.79376   -3.92874   -3.78695   -3.76733   -3.46068
   1261.43     70000   -2.82391   -3.89767   -3.77371   -3.75055   -3.48230
   1284.79     75000   -2.84292   -4.09537   -4.11116   -4.08968   -3.55616
   1308.15     80000   -2.92024   -4.20942   -4.15079   -4.13858   -3.62325
   1331.51     85000   -3.00221   -4.06084   -3.91596   -3.89458   -3.63626
   1354.87     90000   -2.99681   -4.12219   -4.03039   -4.00703   -3.67727
   1378.23     95000   -3.03920   -4.37445   -4.50883   -4.50464   -3.76052
   1401.58    100000   -3.12108   -4.30357   -4.17262   -4.15467   -3.80204
   1424.94      5000   -3.17238   -4.22859   -4.09491   -4.07227   -3.81704
   1448.30     10000   -3.17850   -4.38411   -4.35241   -4.32933   -3.88160
   1471.66     15000   -3.24668   -4.57599   -4.59142   -4.58495   -3.95799
   1495.02     20000   -3.32680   -4.41836   -4.27245   -4.25183   -3.97688
   1518.38     25000   -3.33698   -4.43519   -4.32557   -4.30225   -4.00748
   1541.73     30000   -3.36778   -4.66960   -4.75396   -4.73900   -4.08789
   1565.09     35000   -3.44864   -4.68315   -4.57529   -4.55954   -4.14213
   1588.45     40000   -3.52844   -4.56810   -4.42751   -4.40540   -4.15414
   1611.81     45000   -3.51565   -4.67940   -4.61355   -4.59005   -4.20794
   1635.17     50000   -3.57230   -4.91947   -5.02288   -5.02205   -4.28994
   1658.53     55000   -3.65323   -4.78419   -4.64176   -4.62220   -4.31820
   1681.88     60000   -3.68058   -4.75657   -4.63369   -4.61067   -4.33984
   1705.24     65000   -3.70003   -4.95709   -4.97861   -4.95804   -4.41398
   1728.60     70000   -3.77799   -5.06217   -4.99735   -4.98511   -4.48013
   1751.96     75000   -3.86050   -4.91619   -4.77139   -4.74989   -4.49323
   1775.32     80000   -3.85453   -4.98266   -4.89233   -4.86877   -4.53578
   1798.67     85000   -3.89807   -5.23575   -5.37237   -5.36757   -4.61926
   1822.03     90000   -3.97989   -5.15771   -5.02560   -5.00745   -4.65937
   1845.39     95000   -4.02836   -5.08649   -4.95374   -4.93111   -4.67451
   1868.75    100000   -4.03553   -5.24581   -5.21817   -5.19551   -4.73977
   1892.11      5000   -4.10474   -5.43081   -5.43740   -5.43067   -4.81543
   1915.46     10000   -4.18494   -5.27293   -5.12694   -5.10623   -4.83379
   1938.82     15000   -4.19433   -5.29446   -5.18614   -5.16275   -4.86557
   1962.18     20000   -4.22619   -5.53169   -5.62220   -5.60734   -4.94652
   1985.54     25000   -4.30704   -5.53671   -5.42624   -5.41019   -4.99947
   2008.89     30000   -4.38393   -5.42505   -5.28515   -5.26301   -5.01145
   2032.25     35000   -4.37302   -5.54044   -5.47755   -5.45418   -5.06618
   2055.61     40000   -4.43051   -5.77731   -5.87272   -5.87209   -5.14780
   2078.97     45000   -4.51131   -5.63817   -5.49516   -5.47546   -5.17512
   2102.33     50000   -4.53748   -5.61495   -5.49314   -5.47006   -5.19762
   2125.69     55000   -4.55806   -5.81925   -5.84620   -5.82575   -5.27256
   2149.05     60000   -4.63616   -5.91598   -5.84621   -5.83347   -5.33762
   2172.40     65000   -4.71899   -5.77227   -5.62784   -5.60630   -5.35038
   2195.76     70000   -4.71201   -5.84291   -5.75472   -5.73121   -5.39392
   2219.12     75000   -4.75644   -6.09613   -6.23350   -6.23003   -5.47743
   2242.47     80000   -4.83818   -6.01119   -5.87763   -5.85932   -5.51638
   2265.83     85000   -4.88441   -5.94410   -5.81214   -5.78946   -5.53205
   2289.19     90000   -4.89269   -6.10757   -6.08391   -6.06128   -5.59828
   2312.55     95000   -4.96294   -6.28606   -6.28482   -6.27736   -5.67316
   2335.90    100000   -5.04330   -6.12816   -5.98218   -5.96139   -5.69082
   2359.26      5000   -5.05148   -6.15392   -6.04715   -6.02377   -5.72355
   2382.62     10000   -5.08438   -6.39354   -6.49014   -6.47627   -5.80489
   2405.98     15000   -5.16537   -6.38991   -6.27662   -6.26035   -5.85664
   2429.33     20000   -5.23928   -6.28187   -6.14252   -6.12032   -5.86877
   2452.69     25000   -5.23063   -6.40153   -6.34149   -6.31811   -5.92456
   2476.05     30000   -5.28899   -6.63502   -6.72276   -6.72159   -6.00579
   2499.41     35000   -5.36941   -6.49259   -6.34909   -6.32928   -6.03210
   2522.76     40000   -5.39449   -6.47359   -6.35292   -6.32982   -6.05539
   2546.11     45000   -5.41609   -6.68146   -6.71409   -6.69405   -6.13102
   2569.47     50000   -5.49421   -6.76953   -6.69471   -6.68161   -6.19501
   2592.82     55000   -5.57760   -6.62829   -6.48415   -6.46255   -6.20752
   2616.18     60000   -5.56962   -6.70323   -6.61710   -6.59357   -6.25214
   2639.54     65000   -5.61501   -6.95636   -7.09382   -7.09109   -6.33565
   2662.89     70000   -5.69610   -6.86490   -6.73008   -6.71162   -6.37340
   2686.25     75000   -5.74059   -6.80190   -6.67080   -6.64808   -6.38959
   2709.61     80000   -5.74993   -6.96944   -6.94995   -6.92747   -6.45674
   2732.96     85000   -5.82121   -7.14103   -7.13191   -7.12387   -6.53082
   2756.32     90000   -5.90176   -6.98337   -6.83737   -6.81650   -6.54784
   2779.68     95000   -5.90852   -7.01341   -6.90818   -6.88477   -6.58156
   2803.03    100000   -5.94231   -7.25531   -7.35781   -7.34476   -6.66328
   2826.39      5000   -6.02383   -7.24321   -7.12736   -7.11085   -6.71380
   2849.74     10000   -6.09459   -7.13885   -7.00010   -6.97785   -6.72610
   2873.10     15000   -6.08756   -7.26273   -7.20566   -7.18233   -6.78294
   2896.46     20000   -6.14756   -7.49246   -7.57197   -7.57036   -6.86373
   2919.82     25000   -6.22762   -7.34701   -7.20304   -7.18313   -6.88908
   2943.17     30000   -6.25091   -7.33226   -7.21275   -7.18962   -6.91319
   2966.53     35000   -6.27424   -7.54365   -7.58205   -7.56237   -6.98949
   2989.89     40000   -6.35239   -7.62305   -7.54354   -7.53006   -7.05239
   3013.24     45000   -6.43632   -7.48443   -7.34064   -7.31897   -7.06468
   3036.60     50000   -6.42686   -7.56364   -7.47966   -7.45614   -7.11037
   3059.96     55000   -6.47368   -7.81639   -7.95297   -7.95102   -7.19384
   3083.31     60000   -6.55413   -7.71862   -7.58261   -7.56400   -7.23042
   3106.67     65000   -6.59689   -7.65976   -7.52952   -7.50675   -7.24716
   3130.03     70000   -6.60728   -7.83134   -7.81614   -7.79379   -7.31521
   3153.38     75000   -6.67959   -7.99582   -7.97915   -7.97052   -7.38846
   3176.74     80000   -6.76034   -7.83868   -7.69272   -7.67177   -7.40488
   3200.10     85000   -6.76567   -7.87301   -7.76936   -7.74594   -7.43960
   3223.46     90000   -6.80034   -8.11699   -8.22517   -8.21306   -7.52165
   3246.81     95000   -6.88240   -8.09651   -7.97823   -7.96150   -7.57094
   3270.17    100000   -6.95002   -7.99588   -7.85774   -7.83544   -7.58346
   3293.52      5000   -6.94458   -8.12399   -8.06998   -8.04669   -7.64133
   3316.88     10000   -7.00625   -8.34963   -8.42071   -8.41857   -7.72165
   3340.24     15000   -7.08594   -8.20151   -8.05714   -8.03713   -7.74606
   3363.59     20000   -7.10732   -8.19102   -8.07271   -8.04954   -7.77100
   3386.95     25000   -7.13228   -8.40585   -8.45014   -8.43089   -7.84796
   3410.31     30000   -7.21067   -8.47650   -8.39251   -8.37868   -7.90974
   3433.66     35000   -7.29516   -8.34064   -8.19721   -8.17548   -7.92185
   3457.02     40000   -7.28421   -8.42413   -8.34236   -8.31883   -7.96862
   3480.37     45000   -7.33204   -8.67620   -8.81101   -8.80968   -8.05201
   3503.73     50000   -7.41227   -8.57242   -8.43530   -8.41655   -8.08743
   3527.08     55000   -7.45330   -8.51770   -8.38835   -8.36555   -8.10475
   3550.44     60000   -7.46474   -8.69329   -8.68252   -8.66034   -8.17369
   3573.79     65000   -7.53809   -8.85044   -8.82646   -8.81727   -8.24607
   3597.15     70000   -7.61903   -8.69407   -8.54817   -8.52714   -8.26192
   3620.50     75000   -7.62293   -8.73267   -8.63066   -8.60721   -8.29765
   3643.86     80000   -7.65849   -8.97857   -9.09213   -9.08099   -8.38001
   3667.21     85000   -7.74109   -8.94983   -8.82928   -8.81234   -8.42807
   3690.57     90000   -7.80557   -8.85300   -8.71550   -8.69315   -8.44083
   3713.93     95000   -7.80172   -8.98533   -8.93448   -8.91124   -8.49973
   3737.28    100000   -7.86467   -9.20655   -9.26901   -9.26629   -8.57954
   3760.64      5000   -7.94437   -9.05609   -8.91136   -8.89125   -8.60305
   3783.99     10000   -7.96385   -9.04986   -8.93278   -8.90958   -8.62884
   3807.35     15000   -7.98973   -9.26803   -9.31834   -9.29954   -8.70642
MyID= 0: Time=  0.1,has convergenced
     1686095 iterations for the convertgence of psi
 MyID=           0 has finish
