 START-UP FOR CHUNK...
     23.46      5000   -0.58325   -2.02247   -1.98728   -1.91885   -1.28595
     46.81     10000   -0.72121   -2.15362   -1.85760   -1.92536   -1.48734
     70.17     15000   -0.70088   -2.27657   -1.74628   -1.78906   -1.50403
     93.53     20000   -0.60914   -2.23268   -1.60682   -1.60894   -1.42053
    116.89     25000   -0.50480   -1.77786   -1.48844   -1.47378   -1.30253
    140.24     30000   -0.44204   -1.59457   -1.48090   -1.48226   -1.20635
    163.60     35000   -0.43417   -1.86540   -1.80360   -1.79241   -1.24583
    186.96     40000   -0.55717   -1.92361   -1.86618   -1.91694   -1.36538
    210.31     45000   -0.72925   -1.86471   -1.73824   -1.74247   -1.44278
    233.67     50000   -0.86516   -2.04081   -1.93293   -1.89142   -1.56074
    257.02     55000   -0.95745   -2.32346   -2.44086   -2.37414   -1.68996
    280.37     60000   -1.03806   -2.30325   -2.13594   -2.13545   -1.74350
    303.73     65000   -1.07000   -2.10280   -1.96711   -1.94407   -1.71330
    327.09     70000   -1.03667   -2.14695   -2.06859   -2.03502   -1.71659
    350.44     75000   -1.06365   -2.39186   -2.52799   -2.44591   -1.78988
    373.80     80000   -1.16666   -2.32823   -2.26947   -2.23991   -1.85350
    397.15     85000   -1.27521   -2.28811   -2.16375   -2.15155   -1.88779
    420.51     90000   -1.28870   -2.46965   -2.39614   -2.36406   -1.96294
    443.86     95000   -1.35364   -2.69780   -2.84804   -2.80092   -2.06224
    467.22    100000   -1.43921   -2.55283   -2.41535   -2.41072   -2.09788
 ITERATION...
    490.57      5000   -1.46029   -2.50075   -2.37639   -2.35207   -2.09790
    513.93     10000   -1.46077   -2.68594   -2.65265   -2.59972   -2.15158
    537.28     15000   -1.52849   -2.85443   -2.90927   -2.87181   -2.23766
    560.64     20000   -1.62977   -2.69162   -2.57596   -2.55464   -2.27467
    583.99     25000   -1.65225   -2.73766   -2.61995   -2.59701   -2.30917
    607.35     30000   -1.69105   -2.99722   -3.03065   -2.97484   -2.39354
    630.70     35000   -1.77965   -3.01766   -2.97201   -2.95958   -2.47108
    654.06     40000   -1.85838   -2.88514   -2.75356   -2.74064   -2.48522
    677.42     45000   -1.84537   -2.96757   -2.86609   -2.83724   -2.51586
    700.77     50000   -1.88654   -3.24314   -3.37395   -3.28995   -2.60003
    724.12     55000   -1.98479   -3.15993   -3.06930   -3.05564   -2.66429
    747.48     60000   -2.06631   -3.08134   -2.95511   -2.93391   -2.68298
    770.83     65000   -2.05890   -3.23621   -3.15722   -3.12201   -2.73794
    794.19     70000   -2.11608   -3.48858   -3.62857   -3.56324   -2.82956
    817.55     75000   -2.21279   -3.31777   -3.20436   -3.19006   -2.87369
    840.90     80000   -2.24553   -3.29275   -3.17048   -3.14986   -2.88854
    864.26     85000   -2.25879   -3.49721   -3.46173   -3.41916   -2.95267
    887.62     90000   -2.33291   -3.65216   -3.68423   -3.65864   -3.03942
    910.97     95000   -2.42758   -3.48581   -3.36135   -3.34665   -3.07040
    934.33    100000   -2.43648   -3.52383   -3.40997   -3.38469   -3.09776
    957.68      5000   -2.47090   -3.78320   -3.82223   -3.76068   -3.17770
    981.04     10000   -2.56214   -3.80673   -3.74904   -3.73424   -3.25416
   1004.39     15000   -2.64732   -3.67199   -3.54406   -3.52621   -3.27226
   1027.75     20000   -2.63844   -3.76546   -3.66747   -3.63825   -3.30965
   1051.10     25000   -2.68331   -4.04497   -4.18360   -4.10471   -3.39681
   1074.46     30000   -2.78088   -3.94678   -3.85071   -3.83739   -3.45810
   1097.82     35000   -2.85329   -3.87179   -3.74432   -3.72518   -3.47376
   1121.17     40000   -2.84567   -4.02652   -3.95353   -3.91832   -3.52738
   1144.52     45000   -2.90430   -4.27099   -4.40213   -4.34547   -3.61795
   1167.88     50000   -3.00163   -4.10530   -3.98693   -3.97339   -3.66137
   1191.24     55000   -3.03349   -4.08726   -3.96475   -3.94233   -3.67908
   1214.59     60000   -3.05184   -4.29868   -4.27075   -4.22497   -3.74650
   1237.95     65000   -3.12787   -4.44197   -4.45738   -4.43370   -3.83257
   1261.30     70000   -3.21977   -4.27513   -4.14862   -4.13289   -3.86106
   1284.66     75000   -3.22546   -4.31775   -4.20438   -4.17901   -3.88839
   1308.01     80000   -3.26025   -4.57818   -4.62870   -4.56593   -3.96869
   1331.37     85000   -3.35284   -4.58708   -4.52517   -4.51118   -4.04365
   1354.73     90000   -3.43911   -4.46202   -4.33236   -4.31508   -4.06170
   1378.08     95000   -3.42897   -4.56334   -4.46615   -4.43623   -4.10155
   1401.44    100000   -3.47544   -4.84146   -4.99014   -4.90883   -4.18975
   1424.80      5000   -3.57382   -4.73267   -4.63166   -4.61876   -4.24886
   1448.15     10000   -3.64014   -4.66355   -4.53558   -4.51572   -4.26403
   1471.51     15000   -3.63548   -4.82466   -4.75457   -4.71809   -4.31892
   1494.86     20000   -3.69633   -5.05932   -5.17918   -5.12663   -4.40920
   1518.22     25000   -3.79316   -4.89013   -4.77104   -4.75706   -4.45086
   1541.57     30000   -3.82153   -4.88028   -4.75785   -4.73546   -4.46969
   1564.93     35000   -3.84221   -5.09862   -5.07666   -5.02963   -4.53895
   1588.29     40000   -3.92054   -5.22553   -5.23013   -5.20867   -4.62409
   1611.64     45000   -4.01146   -5.06273   -4.93536   -4.91978   -4.65093
   1635.00     50000   -4.01514   -5.11223   -4.99995   -4.97406   -4.67937
   1658.35     55000   -4.05111   -5.37716   -5.43846   -5.37277   -4.76074
   1681.71     60000   -4.14500   -5.37002   -5.30230   -5.28850   -4.83408
   1705.06     65000   -4.23153   -5.25091   -5.12152   -5.10381   -4.85151
   1728.42     70000   -4.21900   -5.35958   -5.26454   -5.23409   -4.89314
   1751.77     75000   -4.26705   -5.63644   -5.79130   -5.71012   -4.98197
   1775.13     80000   -4.36615   -5.51639   -5.41305   -5.40007   -5.03904
   1798.48     85000   -4.42685   -5.45424   -5.32683   -5.30685   -5.05422
   1821.84     90000   -4.42581   -5.62220   -5.55627   -5.51894   -5.11076
   1845.19     95000   -4.48841   -5.84725   -5.95390   -5.90666   -5.20080
   1868.55    100000   -4.58525   -5.67574   -5.55543   -5.54132   -5.24059
   1891.91      5000   -4.60980   -5.67275   -5.55137   -5.52857   -5.26030
   1915.26     10000   -4.63258   -5.89746   -5.88294   -5.83423   -5.33116
   1938.62     15000   -4.71316   -6.00949   -6.00329   -5.98333   -5.41526
   1961.97     20000   -4.80328   -5.85016   -5.72252   -5.70666   -5.44067
   1985.33     25000   -4.80515   -5.90641   -5.79584   -5.76954   -5.47044
   2008.69     30000   -4.84240   -6.17503   -6.24834   -6.18022   -5.55292
   2032.05     35000   -4.93762   -6.15299   -6.07990   -6.06641   -5.62457
   2055.40     40000   -5.02336   -6.04015   -5.91085   -5.89294   -5.64139
   2078.76     45000   -5.00919   -6.15561   -6.06326   -6.03216   -5.68471
   2102.11     50000   -5.05879   -6.43019   -6.58934   -6.50924   -5.77403
   2125.47     55000   -5.15762   -6.30075   -6.19476   -6.18170   -5.82909
   2148.82     60000   -5.21385   -6.24526   -6.11842   -6.09811   -5.84444
   2172.18     65000   -5.21649   -6.41990   -6.35856   -6.32022   -5.90268
   2195.54     70000   -5.28084   -6.63457   -6.72752   -6.68505   -5.99241
   2218.89     75000   -5.37716   -6.46169   -6.34020   -6.32591   -6.03035
   2242.25     80000   -5.39835   -6.46550   -6.34512   -6.32197   -6.05097
   2265.60     85000   -5.42316   -6.69618   -6.68972   -6.63926   -6.12334
   2288.96     90000   -5.50600   -6.79306   -6.77682   -6.75826   -6.20632
   2312.31     95000   -5.59536   -6.63795   -6.50989   -6.49382   -6.23041
   2335.67    100000   -5.59522   -6.70096   -6.59206   -6.56528   -6.26159
   2359.02      5000   -5.63400   -6.97279   -7.05837   -6.98762   -6.34513
   2382.38     10000   -5.73035   -6.93623   -6.85805   -6.84478   -6.41503
   2405.73     15000   -5.81486   -6.82967   -6.70047   -6.68229   -6.43132
   2429.09     20000   -5.79964   -6.95193   -6.86234   -6.83057   -6.47631
   2452.44     25000   -5.85078   -7.22327   -7.38401   -7.30598   -6.56604
   2475.80     30000   -5.94934   -7.08523   -6.97684   -6.96369   -6.61908
   2499.15     35000   -6.00115   -7.03653   -6.91022   -6.88962   -6.63472
   2522.50     40000   -6.00725   -7.21786   -7.16133   -7.12191   -6.69465
   2545.86     45000   -6.07355   -7.42134   -7.50026   -7.46215   -6.78397
   2569.21     50000   -6.16859   -7.24789   -7.12530   -7.11082   -6.82009
   2592.56     55000   -6.18718   -7.25850   -7.13914   -7.11562   -6.84170
   2615.92     60000   -6.21400   -7.49501   -7.49707   -7.44471   -6.91553
   2639.27     65000   -6.29851   -7.57650   -7.55086   -7.53345   -6.99730
   2662.62     70000   -6.38770   -7.42594   -7.29753   -7.28122   -7.02015
   2685.98     75000   -6.38514   -7.49572   -7.38857   -7.36131   -7.05279
   2709.33     80000   -6.42574   -7.77025   -7.86814   -7.79481   -7.13732
   2732.68     85000   -6.52242   -7.71957   -7.63671   -7.62360   -7.20542
   2756.04     90000   -6.60657   -7.61940   -7.49034   -7.47191   -7.22127
   2779.39     95000   -6.59036   -7.74846   -7.66180   -7.62932   -7.26796
   2802.74    100000   -6.64302   -8.01566   -8.17510   -8.10016   -7.35800
   2826.10      5000   -6.74133   -7.86992   -7.75930   -7.74604   -7.40903
   2849.46     10000   -6.78874   -7.82800   -7.70227   -7.68136   -7.42504
   2872.81     15000   -6.79729   -8.01597   -7.96457   -7.92401   -7.48666
   2896.16     20000   -6.86623   -8.20753   -8.27245   -8.23823   -7.57547
   2919.52     25000   -6.96030   -8.03431   -7.91071   -7.89604   -7.60983
   2942.87     30000   -6.97620   -8.05169   -7.93343   -7.90954   -7.63247
   2966.23     35000   -7.00511   -8.29382   -8.30495   -8.25059   -7.70773
   2989.58     40000   -7.09078   -8.35980   -8.32542   -8.30898   -7.78821
   3012.94     45000   -7.17982   -8.21414   -8.08543   -8.06889   -7.80991
   3036.29     50000   -7.17532   -8.29069   -8.18538   -8.15762   -7.84404
   3059.64     55000   -7.21727   -8.56732   -8.67736   -8.60159   -7.92950
   3083.00     60000   -7.31452   -8.50304   -8.41586   -8.40286   -7.99576
   3106.35     65000   -7.39853   -8.40934   -8.28047   -8.26177   -8.01126
   3129.70     70000   -7.38134   -8.54519   -8.46165   -8.42843   -8.05966
   3153.06     75000   -7.43496   -8.80727   -8.96263   -8.89163   -8.14991
   3176.41     80000   -7.53358   -8.65480   -8.54213   -8.52874   -8.19895
   3199.77     85000   -7.57662   -8.61966   -8.49457   -8.47335   -8.21541
   3223.12     90000   -7.58760   -8.81423   -8.76830   -8.72653   -8.27870
   3246.47     95000   -7.65854   -8.99319   -9.04438   -9.01360   -8.36691
   3269.83    100000   -7.75227   -8.82093   -8.69642   -8.68156   -8.39955
   3293.18      5000   -7.76494   -8.84509   -8.72800   -8.70371   -8.42330
   3316.54     10000   -7.79598   -9.09261   -9.11335   -9.05687   -8.49994
   3339.91     15000   -7.88331   -9.14300   -9.10053   -9.08488   -8.57905
   3363.29     20000   -7.97127   -9.00254   -8.87359   -8.85682   -8.59969
   3386.65     25000   -7.96577   -9.08587   -8.98251   -8.95423   -8.63535
MyID= 0: Time=  0.1,has convergenced
     1685775 iterations for the convertgence of psi
 MyID=           0 has finish
