 START-UP FOR CHUNK...
     23.48      5000   -0.55869   -2.00780   -1.89574   -1.81337   -1.28184
     46.82     10000   -0.66847   -2.17298   -1.75416   -1.82535   -1.45854
     70.16     15000   -0.62446   -2.27255   -1.64733   -1.69654   -1.44627
     93.50     20000   -0.53075   -2.08676   -1.53450   -1.53176   -1.35736
    116.83     25000   -0.45302   -1.67773   -1.46439   -1.44785   -1.25619
    140.17     30000   -0.40732   -1.65261   -1.57046   -1.56037   -1.20031
    163.51     35000   -0.44478   -1.94870   -1.84183   -1.96562   -1.31243
    186.84     40000   -0.63025   -1.90433   -1.82297   -1.80612   -1.42342
    210.18     45000   -0.82799   -1.91960   -1.78625   -1.80812   -1.51435
    233.52     50000   -0.91597   -2.18115   -2.08785   -2.05389   -1.63683
    256.86     55000   -0.99867   -2.38794   -2.41464   -2.41721   -1.76134
    280.19     60000   -1.09043   -2.31307   -2.09537   -2.10984   -1.79379
    303.53     65000   -1.12707   -2.15178   -2.02678   -1.99685   -1.76915
    326.86     70000   -1.09655   -2.26915   -2.20619   -2.15726   -1.79554
    350.20     75000   -1.14434   -2.53317   -2.61806   -2.51664   -1.88495
    373.53     80000   -1.26541   -2.37820   -2.31352   -2.27138   -1.94531
    396.87     85000   -1.36806   -2.36855   -2.25543   -2.24712   -1.98047
    420.21     90000   -1.37940   -2.59250   -2.51622   -2.49384   -2.05685
    443.54     95000   -1.44882   -2.78266   -2.88762   -2.82877   -2.16022
    466.88    100000   -1.55169   -2.63968   -2.49806   -2.50590   -2.20334
 ITERATION...
    490.22      5000   -1.57461   -2.60651   -2.47703   -2.45928   -2.20765
    513.56     10000   -1.57767   -2.80512   -2.75285   -2.68942   -2.26250
    536.89     15000   -1.64414   -3.01786   -3.05829   -2.99618   -2.35656
    560.23     20000   -1.75896   -2.82149   -2.71309   -2.68792   -2.40407
    583.57     25000   -1.78670   -2.83929   -2.72493   -2.70156   -2.43191
    606.90     30000   -1.82151   -3.09601   -3.05547   -3.01009   -2.50782
    630.24     35000   -1.90032   -3.19887   -3.20902   -3.16737   -2.60193
    653.58     40000   -2.00180   -3.03074   -2.90710   -2.90186   -2.63499
    676.91     45000   -1.99848   -3.07307   -2.95176   -2.93480   -2.65475
    700.25     50000   -2.03259   -3.33886   -3.33339   -3.25988   -2.72887
    723.58     55000   -2.12049   -3.40196   -3.35855   -3.33888   -2.81813
    746.92     60000   -2.22399   -3.24587   -3.12206   -3.10657   -2.84953
    770.26     65000   -2.21999   -3.31870   -3.20895   -3.18029   -2.88186
    793.60     70000   -2.26480   -3.62208   -3.65296   -3.56997   -2.96662
    816.93     75000   -2.36298   -3.58930   -3.52105   -3.49796   -3.05003
    840.27     80000   -2.45605   -3.45515   -3.33253   -3.31916   -3.07252
    863.60     85000   -2.43824   -3.55732   -3.45022   -3.42649   -3.10672
    886.94     90000   -2.48498   -3.86310   -3.94642   -3.84385   -3.19404
    910.28     95000   -2.59244   -3.77546   -3.68935   -3.67762   -3.27072
    933.62    100000   -2.68267   -3.67848   -3.55257   -3.53886   -3.29155
    956.95      5000   -2.66306   -3.81123   -3.71474   -3.68217   -3.33523
    980.29     10000   -2.71698   -4.12466   -4.23959   -4.12616   -3.42796
   1003.63     15000   -2.82788   -3.97268   -3.86790   -3.85422   -3.49605
   1026.97     20000   -2.89750   -3.89863   -3.77508   -3.75795   -3.51329
   1050.30     25000   -2.88637   -4.06054   -3.97380   -3.93952   -3.56292
   1073.64     30000   -2.94559   -4.34719   -4.46769   -4.36084   -3.65731
   1096.98     35000   -3.05733   -4.16453   -4.05549   -4.04388   -3.71681
   1120.31     40000   -3.10375   -4.12693   -4.00345   -3.98723   -3.73468
   1143.65     45000   -3.11299   -4.32066   -4.24929   -4.20844   -3.79280
   1166.99     50000   -3.17752   -4.56500   -4.63537   -4.56406   -3.88846
   1190.33     55000   -3.28879   -4.36735   -4.24744   -4.23635   -3.93873
   1213.66     60000   -3.31373   -4.35705   -4.23550   -4.21580   -3.95747
   1237.00     65000   -3.33608   -4.58074   -4.52808   -4.47884   -4.02271
   1260.34     70000   -3.40987   -4.76421   -4.78520   -4.73464   -4.11711
   1283.67     75000   -3.51840   -4.57009   -4.44897   -4.43661   -4.15881
   1307.01     80000   -3.52852   -4.59201   -4.47364   -4.45324   -4.18100
   1330.35     85000   -3.56100   -4.84602   -4.82063   -4.76222   -4.25378
   1353.68     90000   -3.64478   -4.95302   -4.92644   -4.89662   -4.34549
   1377.02     95000   -3.74853   -4.77884   -4.65287   -4.64108   -4.37927
   1400.36    100000   -3.74647   -4.83050   -4.71524   -4.69209   -4.40569
   1423.70      5000   -3.78551   -5.11118   -5.12092   -5.04655   -4.48501
   1447.04     10000   -3.87888   -5.14148   -5.08232   -5.06058   -4.57198
   1470.37     15000   -3.97667   -4.99131   -4.86501   -4.85153   -4.59919
   1493.71     20000   -3.96571   -5.07348   -4.96408   -4.93844   -4.63141
   1517.05     25000   -4.01153   -5.37495   -5.43034   -5.33904   -4.71668
   1540.39     30000   -4.11338   -5.32691   -5.24462   -5.22874   -4.79743
   1563.72     35000   -4.20581   -5.20725   -5.07967   -5.06587   -4.81960
   1587.06     40000   -4.18766   -5.32006   -5.21680   -5.18813   -4.85825
   1610.40     45000   -4.23762   -5.63012   -5.73236   -5.62144   -4.94819
   1633.73     50000   -4.34705   -5.51712   -5.41920   -5.40601   -5.02129
   1657.07     55000   -4.43391   -5.42800   -5.30106   -5.28577   -5.04022
   1680.40     60000   -4.41296   -5.57159   -5.47795   -5.44513   -5.08612
   1703.74     65000   -4.46794   -5.87327   -5.99788   -5.88441   -5.17951
   1727.08     70000   -4.57995   -5.70948   -5.60054   -5.58859   -5.24408
   1750.41     75000   -4.63870   -5.65177   -5.52561   -5.50918   -5.26162
   1773.75     80000   -4.63653   -5.82659   -5.74453   -5.70693   -5.31501
   1797.09     85000   -4.69805   -6.09739   -6.20082   -6.10681   -5.41017
   1820.43     90000   -4.81079   -5.90677   -5.79078   -5.77940   -5.46570
   1843.77     95000   -4.84691   -5.88024   -5.75603   -5.73808   -5.48368
   1867.10    100000   -4.86201   -6.08640   -6.02108   -5.97680   -5.54476
   1890.44      5000   -4.93020   -6.30540   -6.35508   -6.29265   -5.64003
   1913.77     10000   -5.04141   -6.10791   -5.98657   -5.97507   -5.68663
   1937.11     15000   -5.05902   -6.11201   -5.99023   -5.97052   -5.70676
   1960.45     20000   -5.08677   -6.34903   -6.30555   -6.25253   -5.77529
   1983.79     25000   -5.16382   -6.50005   -6.49905   -6.45864   -5.86876
   2007.12     30000   -5.27116   -6.31359   -6.18932   -6.17741   -5.90694
   2030.46     35000   -5.27493   -6.34827   -6.23014   -6.20850   -5.93076
   2053.80     40000   -5.31130   -6.61444   -6.60164   -6.53669   -6.00638
   2077.13     45000   -5.39827   -6.68816   -6.64595   -6.61994   -6.09626
   2100.47     50000   -5.50047   -6.52329   -6.39673   -6.38418   -6.12709
   2123.81     55000   -5.49400   -6.58822   -6.47454   -6.45048   -6.15590
   2147.14     60000   -5.53571   -6.87921   -6.90631   -6.82505   -6.23787
   2170.48     65000   -5.63282   -6.87455   -6.80449   -6.78569   -6.32235
   2193.82     70000   -5.72876   -6.73728   -6.61000   -6.59654   -6.34721
   2217.15     75000   -5.71428   -6.83265   -6.72514   -6.69830   -6.38207
   2240.49     80000   -5.76137   -7.13992   -7.21521   -7.11488   -6.46947
   2263.83     85000   -5.86726   -7.06202   -6.97202   -6.95752   -6.54710
   2287.16     90000   -5.95727   -6.95511   -6.82751   -6.81306   -6.56768
   2310.50     95000   -5.93719   -7.08107   -6.98124   -6.95091   -6.60936
   2333.83    100000   -5.98967   -7.39040   -7.50651   -7.39145   -6.70095
   2357.17      5000   -6.10069   -7.25285   -7.14972   -7.13716   -6.77049
   2380.51     10000   -6.17568   -7.17710   -7.05030   -7.03460   -6.78860
   2403.84     15000   -6.16203   -7.33404   -7.24468   -7.21004   -6.83766
   2427.18     20000   -6.22057   -7.62544   -7.74605   -7.63833   -6.93200
   2450.52     25000   -6.33188   -7.44730   -7.33483   -7.32326   -6.99276
   2473.85     30000   -6.38113   -7.40285   -7.27729   -7.26024   -7.01027
   2497.18     35000   -6.38726   -7.59100   -7.51529   -7.47504   -7.06693
   2520.52     40000   -6.45082   -7.84240   -7.92440   -7.84395   -7.16236
   2543.86     45000   -6.56255   -7.64621   -7.52764   -7.51623   -7.21405
   2567.19     50000   -6.59077   -7.63270   -7.50937   -7.49071   -7.23274
   2590.53     55000   -6.61129   -7.85210   -7.79515   -7.74753   -7.29703
   2613.86     60000   -6.68367   -8.04374   -8.07068   -8.01883   -7.39176
   2637.19     65000   -6.79285   -7.84924   -7.72637   -7.71476   -7.43468
   2660.53     70000   -6.80493   -7.86636   -7.74591   -7.72543   -7.45621
   2683.86     75000   -6.83601   -8.11608   -8.08442   -8.02675   -7.52782
   2707.20     80000   -6.91790   -8.23499   -8.21481   -8.18151   -7.61998
   2730.53     85000   -7.02280   -8.05667   -7.93122   -7.91906   -7.65489
   2753.87     90000   -7.02230   -8.10419   -7.98776   -7.96514   -7.68069
   2777.20     95000   -7.06075   -8.38161   -8.38449   -8.31318   -7.75911
   2800.54    100000   -7.15275   -8.42177   -8.36641   -8.34401   -7.84690
   2823.87      5000   -7.25126   -8.26815   -8.14111   -8.12820   -7.87500
   2847.21     10000   -7.24137   -8.34601   -8.23468   -8.20951   -7.90627
   2870.54     15000   -7.28675   -8.64523   -8.69229   -8.60303   -7.99068
   2893.88     20000   -7.38706   -8.60836   -8.52888   -8.51225   -8.07241
   2917.21     25000   -7.48041   -8.48381   -8.35625   -8.34239   -8.09524
   2940.55     30000   -7.46312   -8.59214   -8.48760   -8.45937   -8.13292
   2963.88     35000   -7.51216   -8.90235   -8.99733   -8.88929   -8.22226
   2987.21     40000   -7.62093   -8.79708   -8.70085   -8.68735   -8.29657
   3010.54     45000   -7.70879   -8.70338   -8.57599   -8.56102   -8.31588
   3033.88     50000   -7.68759   -8.84246   -8.74667   -8.71463   -8.36064
   3057.22     55000   -7.74208   -9.14683   -9.27087   -9.15550   -8.45359
   3080.55     60000   -7.85376   -8.98938   -8.88186   -8.86983   -8.51946
   3103.89     65000   -7.91665   -8.92698   -8.80059   -8.78434   -8.53709
   3127.22     70000   -7.91152   -9.09717   -9.01309   -8.97625   -8.58937
   3150.56     75000   -7.97231   -9.37420   -9.48244   -9.38489   -8.68438
MyID= 0: Time=  0.1,has convergenced
     1684226 iterations for the convertgence of psi
 MyID=           0 has finish
