 START-UP FOR CHUNK...
     23.60      5000   -0.61796   -2.03623   -2.13526   -2.11194   -1.29047
     47.00     10000   -0.80439   -2.12996   -2.04662   -2.11366   -1.52057
     70.40     15000   -0.82379   -2.23758   -1.93364   -1.97166   -1.59117
     93.80     20000   -0.75840   -2.45372   -1.77637   -1.77712   -1.54561
    117.20     25000   -0.64149   -2.00342   -1.59596   -1.59276   -1.41823
    140.60     30000   -0.53012   -1.70547   -1.46926   -1.46887   -1.27656
    164.00     35000   -0.44663   -1.63397   -1.52412   -1.50887   -1.18890
    187.40     40000   -0.47370   -1.84940   -1.87048   -1.97643   -1.24939
    210.80     45000   -0.60075   -1.88122   -1.78529   -1.76749   -1.34432
    234.20     50000   -0.77864   -1.84709   -1.72074   -1.70994   -1.43388
    257.60     55000   -0.87103   -2.07443   -2.01124   -1.97108   -1.56441
    281.00     60000   -0.95013   -2.31254   -2.36611   -2.41335   -1.66702
    304.40     65000   -0.99718   -2.13734   -1.96324   -1.95300   -1.66249
    327.80     70000   -0.98658   -2.01900   -1.90172   -1.87223   -1.62675
    351.20     75000   -0.95727   -2.15799   -2.15377   -2.11196   -1.65812
    374.60     80000   -1.01556   -2.32495   -2.36189   -2.33397   -1.73005
    398.00     85000   -1.12130   -2.19083   -2.06851   -2.04524   -1.76814
    421.39     90000   -1.16692   -2.26665   -2.15643   -2.13849   -1.83029
    444.79     95000   -1.21898   -2.51772   -2.64012   -2.60866   -1.92919
    468.19    100000   -1.29712   -2.51119   -2.40050   -2.39709   -1.98077
 ITERATION...
    491.59      5000   -1.35131   -2.38376   -2.24126   -2.22303   -1.97273
    514.99     10000   -1.31960   -2.46693   -2.40593   -2.37331   -2.00486
    538.39     15000   -1.36516   -2.71303   -2.84614   -2.84268   -2.08450
    561.79     20000   -1.45707   -2.59298   -2.46517   -2.44286   -2.12660
    585.18     25000   -1.50654   -2.57662   -2.45105   -2.42598   -2.15937
    608.58     30000   -1.53459   -2.78772   -2.78662   -2.75731   -2.24081
    631.98     35000   -1.61258   -2.89942   -2.87281   -2.85999   -2.31410
    655.38     40000   -1.68424   -2.74682   -2.60449   -2.58630   -2.32316
    678.78     45000   -1.67643   -2.79040   -2.69085   -2.66667   -2.35046
    702.18     50000   -1.71004   -3.03302   -3.16387   -3.13931   -2.43006
    725.58     55000   -1.79760   -2.99185   -2.88298   -2.86821   -2.48361
    748.97     60000   -1.87004   -2.91247   -2.77749   -2.75524   -2.50254
    772.37     65000   -1.87299   -3.06183   -3.00495   -2.97538   -2.56579
    795.77     70000   -1.93650   -3.27997   -3.36255   -3.34976   -2.64961
    819.17     75000   -2.01640   -3.12229   -2.98571   -2.96682   -2.67422
    842.57     80000   -2.03275   -3.11461   -2.99682   -2.97274   -2.69397
    865.97     85000   -2.05454   -3.33113   -3.36808   -3.34028   -2.76786
    889.37     90000   -2.13702   -3.39715   -3.33510   -3.32152   -2.83546
    912.76     95000   -2.22310   -3.26562   -3.12735   -3.10684   -2.85165
    936.16    100000   -2.21766   -3.35284   -3.26295   -3.23730   -2.89747
    959.56      5000   -2.26473   -3.60940   -3.76351   -3.73844   -2.98353
    982.96     10000   -2.34899   -3.51239   -3.38896   -3.37276   -3.02550
   1006.36     15000   -2.39517   -3.44930   -3.31983   -3.29704   -3.03900
   1029.76     20000   -2.40116   -3.61547   -3.58511   -3.55663   -3.10220
   1053.16     25000   -2.47102   -3.79550   -3.82006   -3.81072   -3.18133
   1076.56     30000   -2.55511   -3.63683   -3.49863   -3.47877   -3.20379
   1099.96     35000   -2.56666   -3.66282   -3.55187   -3.52731   -3.23439
   1123.36     40000   -2.59918   -3.90276   -3.98387   -3.95331   -3.31561
   1146.75     45000   -2.68343   -3.91329   -3.82252   -3.80821   -3.37512
   1170.15     50000   -2.76675   -3.79842   -3.66129   -3.64008   -3.38707
   1193.55     55000   -2.75119   -3.90748   -3.83393   -3.80727   -3.43660
   1216.95     60000   -2.80383   -4.15304   -4.28950   -4.27725   -3.52132
   1240.35     65000   -2.88784   -4.02318   -3.89170   -3.87399   -3.55686
   1263.75     70000   -2.92295   -3.98954   -3.86403   -3.84056   -3.57602
   1287.15     75000   -2.93959   -4.18329   -4.18069   -4.15079   -3.64699
   1310.55     80000   -3.01631   -4.31437   -4.29165   -4.28026   -3.72115
   1333.94     85000   -3.09814   -4.16216   -4.02238   -4.00228   -3.73796
   1357.34     90000   -3.09989   -4.21336   -4.11189   -4.08672   -3.77331
   1380.74     95000   -3.13763   -4.46455   -4.58862   -4.56194   -3.85666
   1404.14    100000   -3.22282   -4.42122   -4.31141   -4.29604   -3.90871
   1427.54      5000   -3.29084   -4.33135   -4.19640   -4.17439   -3.92197
   1450.94     10000   -3.28644   -4.46897   -4.41200   -4.38416   -3.97928
   1474.34     15000   -3.34795   -4.69106   -4.78262   -4.77201   -4.06241
   1497.74     20000   -3.43150   -4.54044   -4.40435   -4.38585   -4.09052
   1521.13     25000   -3.45307   -4.53344   -4.41401   -4.39011   -4.11354
   1544.54     30000   -3.47695   -4.74990   -4.78301   -4.75311   -4.18931
   1567.94     35000   -3.55865   -4.82501   -4.76398   -4.75152   -4.25731
   1591.33     40000   -3.64172   -4.68783   -4.54836   -4.52764   -4.27153
   1614.73     45000   -3.63481   -4.76720   -4.67649   -4.65050   -4.31399
   1638.13     50000   -3.67967   -5.02271   -5.17395   -5.15113   -4.39902
   1661.53     55000   -3.76513   -4.93249   -4.81066   -4.79411   -4.44293
   1684.93     60000   -3.81535   -4.86808   -4.73710   -4.71452   -4.45777
   1708.32     65000   -3.82137   -5.03214   -4.99750   -4.96903   -4.52145
   1731.72     70000   -3.89066   -5.21707   -5.25077   -5.24131   -4.60122
   1755.12     75000   -3.97330   -5.05922   -4.92047   -4.90119   -4.62354
   1778.52     80000   -3.98544   -5.07993   -4.96776   -4.94322   -4.65220
   1801.92     85000   -4.01655   -5.31641   -5.39138   -5.36113   -4.73232
   1825.31     90000   -4.10016   -5.33472   -5.24679   -5.23274   -4.79311
   1848.71     95000   -4.18495   -5.21753   -5.07984   -5.05852   -4.80581
   1872.11    100000   -4.17043   -5.32406   -5.24741   -5.22073   -4.85506
   1895.51      5000   -4.22251   -5.57153   -5.71367   -5.69884   -4.94008
   1918.91     10000   -4.30629   -5.44526   -5.31505   -5.29753   -4.97632
   1942.31     15000   -4.34255   -5.40763   -5.28138   -5.25817   -4.99445
   1965.71     20000   -4.35784   -5.59744   -5.59050   -5.56105   -5.06427
   1989.10     25000   -4.43366   -5.73513   -5.71856   -5.70772   -5.13924
   2012.50     30000   -4.51569   -5.58194   -5.44224   -5.42227   -5.15686
   2035.90     35000   -4.51905   -5.62993   -5.52683   -5.50167   -5.19162
   2059.30     40000   -4.55584   -5.88027   -5.99879   -5.97070   -5.27479
   2082.70     45000   -4.64090   -5.84383   -5.73654   -5.72125   -5.32784
   2106.10     50000   -4.71151   -5.75024   -5.61510   -5.59317   -5.34075
   2129.50     55000   -4.70486   -5.88395   -5.82440   -5.79684   -5.39692
   2152.90     60000   -4.76560   -6.10992   -6.20880   -6.19823   -5.48037
   2176.30     65000   -4.84923   -5.96123   -5.82583   -5.80744   -5.50951
   2199.70     70000   -4.87230   -5.95069   -5.83034   -5.80655   -5.53198
   2223.10     75000   -4.89550   -6.16421   -6.19188   -6.16183   -5.60715
   2246.49     80000   -4.97667   -6.24745   -6.19131   -6.17900   -5.67607
   2269.89     85000   -5.05966   -6.10772   -5.96827   -5.94764   -5.69052
   2293.29     90000   -5.05363   -6.18311   -6.09089   -6.06501   -5.73193
   2316.69     95000   -5.09720   -6.43877   -6.58777   -6.56447   -5.81682
   2340.09    100000   -5.18309   -6.35440   -6.23400   -6.21757   -5.86188
   2363.49      5000   -5.23564   -6.28635   -6.15481   -6.13229   -5.87643
   2386.89     10000   -5.24010   -6.44677   -6.40869   -6.38030   -5.93925
   2410.29     15000   -5.30858   -6.63771   -6.67957   -6.67001   -6.01958
   2433.69     20000   -5.39088   -6.48012   -6.34170   -6.32253   -6.04263
   2457.09     25000   -5.40474   -6.49691   -6.38369   -6.35927   -6.07043
   2480.49     30000   -5.43508   -6.73083   -6.79972   -6.76953   -6.15000
   2503.89     35000   -5.51790   -6.75712   -6.67236   -6.65854   -6.21187
   2527.28     40000   -5.60291   -6.63686   -6.49885   -6.47761   -6.22470
   2550.68     45000   -5.58914   -6.73957   -6.66078   -6.63417   -6.27299
   2574.08     50000   -5.64000   -6.98902   -7.13500   -7.11901   -6.35810
   2597.48     55000   -5.72437   -6.86707   -6.73785   -6.72045   -6.39539
   2620.87     60000   -5.76217   -6.82562   -6.69866   -6.67555   -6.41297
   2644.27     65000   -5.77662   -7.01189   -7.00070   -6.97141   -6.48196
   2667.67     70000   -5.85155   -7.15670   -7.14651   -7.13592   -6.55770
   2691.06     75000   -5.93344   -7.00227   -6.86260   -6.84272   -6.57589
   2714.46     80000   -5.93813   -7.04643   -6.94193   -6.91686   -6.60976
   2737.86     85000   -5.97378   -7.29527   -7.40804   -7.37941   -6.69258
   2761.27     90000   -6.05883   -7.26626   -7.16129   -7.14616   -6.74674
   2784.67     95000   -6.13189   -7.16920   -7.03364   -7.01180   -6.75952
   2808.06    100000   -6.12356   -7.29910   -7.23692   -7.20950   -6.81473
   2831.46      5000   -6.18333   -7.52892   -7.63518   -7.62428   -6.89850
   2854.86     10000   -6.26665   -7.38253   -7.24770   -7.22942   -6.92859
   2878.27     15000   -6.29160   -7.36817   -7.24691   -7.22320   -6.95039
   2901.68     20000   -6.31373   -7.57852   -7.60089   -7.57088   -7.02485
   2925.08     25000   -6.39466   -7.66968   -7.61843   -7.60633   -7.09469
   2948.48     30000   -6.47769   -7.52765   -7.38809   -7.36755   -7.10949
   2971.89     35000   -6.47260   -7.59918   -7.50530   -7.47953   -7.14995
   2995.30     40000   -6.51491   -7.85472   -8.00102   -7.97688   -7.23468
   3018.70     45000   -6.60119   -7.77653   -7.65767   -7.64139   -7.28086
   3042.11     50000   -6.65571   -7.70481   -7.57270   -7.55026   -7.29510
   3065.49     55000   -6.65888   -7.86152   -7.82011   -7.79183   -7.35701
   3088.89     60000   -6.72654   -8.05813   -8.10801   -8.09846   -7.43787
   3112.30     65000   -6.80854   -7.90102   -7.76290   -7.74384   -7.46170
   3135.71     70000   -6.82415   -7.91395   -7.79965   -7.77532   -7.48871
   3159.08     75000   -6.85327   -8.14529   -8.20806   -8.17784   -7.56772
   3182.47     80000   -6.93577   -8.17956   -8.09825   -8.08464   -7.63063
   3205.88     85000   -7.02029   -8.05630   -7.91802   -7.89686   -7.64359
   3229.28     90000   -7.00793   -8.15518   -8.07432   -8.04781   -7.69091
   3252.67     95000   -7.05756   -8.40629   -8.55517   -8.53816   -7.77609
   3276.07    100000   -7.14254   -8.28887   -8.16068   -8.14340   -7.81443
   3299.47      5000   -7.18188   -8.24364   -8.11598   -8.09295   -7.83152
   3322.88     10000   -7.19551   -8.42636   -8.41102   -8.38186   -7.89968
   3346.27     15000   -7.26955   -8.57820   -8.57469   -8.56430   -7.97614
   3369.68     20000   -7.35128   -8.42270   -8.28310   -8.26333   -7.99494
   3393.08     25000   -7.35692   -8.46300   -8.35717   -8.33219   -8.02792
   3416.48     30000   -7.39179   -8.71018   -8.81698   -8.78798   -8.11036
   3439.88     35000   -7.47683   -8.68868   -8.58612   -8.57116   -8.16562
   3463.26     40000   -7.55238   -8.58819   -8.45223   -8.43047   -8.17832
   3486.64     45000   -7.54235   -8.71429   -8.64955   -8.62225   -8.23256
   3510.02     50000   -7.60078   -8.94771   -9.06112   -9.04975   -8.31662
   3533.39     55000   -7.68416   -8.80391   -8.66971   -8.65154   -8.34767
   3556.77     60000   -7.71100   -8.78573   -8.66359   -8.63996   -8.36881
   3580.14     65000   -7.73197   -8.99284   -9.01006   -8.98014   -8.44256
   3603.52     70000   -7.81239   -9.09184   -9.04566   -9.03378   -8.51329
   3626.90     75000   -7.89523   -8.94762   -8.80797   -8.78752   -8.52848
   3650.28     80000   -7.89166   -9.01531   -8.91980   -8.89413   -8.56798
   3673.65     85000   -7.93271   -9.27051   -9.41349   -9.38852   -8.65254
MyID= 0: Time=  0.1,has convergenced
     1686315 iterations for the convertgence of psi
 MyID=           0 has finish
