 START-UP FOR CHUNK...
     23.47      5000   -0.61452   -2.03566   -2.12013   -2.09204   -1.28962
     46.84     10000   -0.79723   -2.13276   -2.02585   -2.09399   -1.51764
     70.22     15000   -0.81184   -2.23907   -1.91449   -1.95167   -1.58331
     93.59     20000   -0.74381   -2.43293   -1.75816   -1.75819   -1.53271
    116.96     25000   -0.62386   -1.97926   -1.58159   -1.57765   -1.40491
    140.34     30000   -0.52121   -1.68460   -1.46395   -1.46399   -1.26691
    163.71     35000   -0.44028   -1.64390   -1.54257   -1.52396   -1.18868
    187.08     40000   -0.47531   -1.86212   -1.88489   -2.03390   -1.26027
    210.45     45000   -0.61075   -1.87171   -1.77293   -1.75337   -1.35245
    233.82     50000   -0.79408   -1.85873   -1.73415   -1.72230   -1.44507
    257.19     55000   -0.87889   -2.09396   -2.04578   -2.00542   -1.57570
    280.57     60000   -0.95804   -2.31020   -2.33824   -2.38383   -1.67419
    303.94     65000   -1.00296   -2.12876   -1.95687   -1.94685   -1.66545
    327.32     70000   -0.98815   -2.02492   -1.91267   -1.88275   -1.63273
    350.70     75000   -0.96545   -2.17870   -2.18774   -2.14258   -1.66897
    374.08     80000   -1.02844   -2.32689   -2.34768   -2.31758   -1.74084
    397.45     85000   -1.13596   -2.19667   -2.07419   -2.05121   -1.77792
    420.82     90000   -1.17695   -2.28354   -2.17678   -2.15771   -1.84158
    444.20     95000   -1.22996   -2.53657   -2.67899   -2.64343   -1.94052
    467.58    100000   -1.30892   -2.51013   -2.39582   -2.39154   -1.98974
 ITERATION...
    490.95      5000   -1.36126   -2.39141   -2.25120   -2.23264   -1.98224
    514.33     10000   -1.33067   -2.48593   -2.42893   -2.39517   -2.01715
    537.71     15000   -1.37904   -2.72622   -2.85409   -2.84664   -2.09749
    561.09     20000   -1.47195   -2.59826   -2.47136   -2.44930   -2.13843
    584.47     25000   -1.51775   -2.59093   -2.46673   -2.44165   -2.17188
    607.84     30000   -1.54738   -2.80886   -2.81479   -2.78320   -2.25407
    631.22     35000   -1.62671   -2.90569   -2.87321   -2.85993   -2.32669
    654.59     40000   -1.69893   -2.75604   -2.61565   -2.59753   -2.33574
    677.97     45000   -1.68982   -2.80724   -2.70921   -2.68446   -2.36443
    701.34     50000   -1.72504   -3.05331   -3.18986   -3.16122   -2.44484
    724.72     55000   -1.81371   -3.00095   -2.89311   -2.87817   -2.49807
    748.10     60000   -1.88402   -2.92625   -2.79299   -2.77072   -2.51717
    771.48     65000   -1.88805   -3.08056   -3.02514   -2.99475   -2.58083
    794.86     70000   -1.95237   -3.29492   -3.37463   -3.35989   -2.66490
    818.25     75000   -2.03308   -3.13468   -3.00027   -2.98153   -2.68984
    841.63     80000   -2.04878   -3.13066   -3.01396   -2.98978   -2.71003
    865.02     85000   -2.07142   -3.35040   -3.38811   -3.35812   -2.78428
    888.40     90000   -2.15464   -3.41248   -3.35231   -3.33863   -2.85250
    911.78     95000   -2.24076   -3.28170   -3.14505   -3.12468   -2.86899
    935.16    100000   -2.23539   -3.37030   -3.28044   -3.25429   -2.91452
    958.54      5000   -2.28227   -3.62826   -3.78343   -3.75442   -3.00090
    981.91     10000   -2.36773   -3.53027   -3.40945   -3.39346   -3.04408
   1005.29     15000   -2.41522   -3.46718   -3.33841   -3.31560   -3.05765
   1028.67     20000   -2.42053   -3.63331   -3.60044   -3.57087   -3.12037
   1052.04     25000   -2.49026   -3.81612   -3.84851   -3.83817   -3.20052
   1075.41     30000   -2.57439   -3.65715   -3.52085   -3.50131   -3.22414
   1098.79     35000   -2.58771   -3.68138   -3.56969   -3.54500   -3.25389
   1122.16     40000   -2.61995   -3.92045   -3.99510   -3.96174   -3.33473
   1145.54     45000   -2.70369   -3.93718   -3.85239   -3.83848   -3.39630
   1168.92     50000   -2.78792   -3.81980   -3.68341   -3.66241   -3.40872
   1192.30     55000   -2.77303   -3.92559   -3.84862   -3.82141   -3.45685
   1215.69     60000   -2.82432   -4.17445   -4.31981   -4.30246   -3.54218
   1239.07     65000   -2.91006   -4.04907   -3.92120   -3.90396   -3.58014
   1262.46     70000   -2.94777   -4.01078   -3.88455   -3.86118   -3.59843
   1285.84     75000   -2.96337   -4.20005   -4.18856   -4.15744   -3.66791
   1309.23     80000   -3.03879   -4.34278   -4.33541   -4.32383   -3.74429
   1332.60     85000   -3.12061   -4.18834   -4.05030   -4.03064   -3.76282
   1355.98     90000   -3.12507   -4.23322   -4.12864   -4.10338   -3.79615
   1379.35     95000   -3.16064   -4.48256   -4.59391   -4.56243   -3.87893
   1402.73    100000   -3.24675   -4.45359   -4.35190   -4.33717   -3.93449
   1426.10      5000   -3.32169   -4.35664   -4.22169   -4.19999   -3.94768
   1449.48     10000   -3.31258   -4.48630   -4.42162   -4.39332   -4.00236
   1472.85     15000   -3.37133   -4.71859   -4.83378   -4.81912   -4.08690
   1496.22     20000   -3.45538   -4.57301   -4.44086   -4.42295   -4.11846
   1519.59     25000   -3.48218   -4.55659   -4.43497   -4.41124   -4.13949
   1542.97     30000   -3.50317   -4.76520   -4.78100   -4.74943   -4.21312
   1566.35     35000   -3.58376   -4.86283   -4.82048   -4.80851   -4.28485
   1589.72     40000   -3.66691   -4.71882   -4.58064   -4.56042   -4.30073
   1613.10     45000   -3.66415   -4.78693   -4.69036   -4.66433   -4.33980
   1636.48     50000   -3.70520   -5.04304   -5.18509   -5.15497   -4.42455
   1659.85     55000   -3.79225   -4.97280   -4.85949   -4.84372   -4.47344
   1683.24     60000   -3.85135   -4.89623   -4.76417   -4.74196   -4.48729
   1706.62     65000   -3.85239   -5.04775   -4.99956   -4.97059   -4.54731
   1730.00     70000   -3.91704   -5.25392   -5.32292   -5.31176   -4.62977
   1753.39     75000   -4.00061   -5.09772   -4.96243   -4.94384   -4.65609
   1776.77     80000   -4.01910   -5.10396   -4.98761   -4.96330   -4.68135
   1800.15     85000   -4.04579   -5.33067   -5.37839   -5.34564   -4.75907
   1823.53     90000   -4.12936   -5.38202   -5.31323   -5.30006   -4.82532
   1846.90     95000   -4.21240   -5.25243   -5.11508   -5.09432   -4.83914
   1870.28    100000   -4.20328   -5.34278   -5.25635   -5.22966   -4.88367
   1893.66      5000   -4.25052   -5.59783   -5.75239   -5.72839   -4.96923
   1917.03     10000   -4.33669   -5.49267   -5.37035   -5.35374   -5.01165
   1940.41     15000   -4.38260   -5.43770   -5.30881   -5.28603   -5.02746
   1963.78     20000   -4.39186   -5.61089   -5.58221   -5.55216   -5.09285
   1987.16     25000   -4.46302   -5.78315   -5.80661   -5.79567   -5.17221
   2010.54     30000   -4.54645   -5.62532   -5.48820   -5.46899   -5.19387
   2033.91     35000   -4.55609   -5.65389   -5.54386   -5.51898   -5.22371
   2057.30     40000   -4.58870   -5.89538   -5.97919   -5.94638   -5.30470
   2080.68     45000   -4.67372   -5.89991   -5.81047   -5.79635   -5.36495
   2104.06     50000   -4.75815   -5.78800   -5.65194   -5.63062   -5.37791
   2127.44     55000   -4.74322   -5.90075   -5.82601   -5.79849   -5.42816
   2150.81     60000   -4.79654   -6.14627   -6.28717   -6.26918   -5.51351
   2174.19     65000   -4.88103   -6.01460   -5.88600   -5.86862   -5.54962
   2197.56     70000   -4.91599   -5.98162   -5.85665   -5.83334   -5.56818
   2220.94     75000   -4.93233   -6.17558   -6.17059   -6.13960   -5.63850
   2244.31     80000   -5.00902   -6.30709   -6.29009   -6.27874   -5.71382
   2267.69     85000   -5.09139   -6.15488   -6.01685   -5.99705   -5.73178
   2291.07     90000   -5.09446   -6.20592   -6.10318   -6.07766   -5.76671
   2314.45     95000   -5.13159   -6.45795   -6.57779   -6.54585   -5.85017
   2337.83    100000   -5.21760   -6.41812   -6.31350   -6.29838   -5.90402
   2361.21      5000   -5.28876   -6.32590   -6.19188   -6.17004   -5.91714
   2384.59     10000   -5.28184   -6.46089   -6.40024   -6.37191   -5.97303
   2407.98     15000   -5.34247   -6.68744   -6.79147   -6.77835   -6.05713
   2431.35     20000   -5.42655   -6.53830   -6.40529   -6.38720   -6.08741
   2454.73     25000   -5.45072   -6.52762   -6.40726   -6.38340   -6.10952
   2478.10     30000   -5.47347   -6.74102   -6.76433   -6.73230   -6.18428
   2501.48     35000   -5.55533   -6.82761   -6.77819   -6.76586   -6.25470
   2524.86     40000   -5.63860   -6.68671   -6.54875   -6.52839   -6.26992
   2548.23     45000   -5.63372   -6.76020   -6.66616   -6.63997   -6.31026
   2571.57     50000   -5.67584   -7.01678   -7.16401   -7.13554   -6.39529
   2594.92     55000   -5.76341   -6.93716   -6.82126   -6.80526   -6.44259
   2618.26     60000   -5.81868   -6.86590   -6.73455   -6.71218   -6.45688
   2641.60     65000   -5.82160   -7.02286   -6.97916   -6.94989   -6.51829
   2664.95     70000   -5.88835   -7.22143   -7.27913   -7.26799   -6.60007
   2688.29     75000   -5.97137   -7.06414   -6.92830   -6.90955   -6.62514
   2711.63     80000   -5.98840   -7.07585   -6.96101   -6.93657   -6.65146
   2734.98     85000   -6.01618   -7.30649   -7.36296   -7.33020   -6.73005
   2758.32     90000   -6.09973   -7.34615   -7.27154   -7.25818   -6.79486
   2781.66     95000   -6.18350   -7.22070   -7.08355   -7.06264   -6.80839
   2805.00    100000   -6.17300   -7.31662   -7.23286   -7.20594   -6.85435
   2828.35      5000   -6.22133   -7.57017   -7.72403   -7.70135   -6.93995
   2851.69     10000   -6.30763   -7.45768   -7.33362   -7.31680   -6.98077
   2875.03     15000   -6.35026   -7.40811   -7.28013   -7.25722   -6.99717
   2898.37     20000   -6.36176   -7.58652   -7.56332   -7.53308   -7.06382
   2921.71     25000   -6.43411   -7.74916   -7.76180   -7.75089   -7.14227
   2945.06     30000   -6.51762   -7.59210   -7.45463   -7.43527   -7.16293
   2968.42     35000   -6.52507   -7.62625   -7.51789   -7.49285   -7.19400
   2991.80     40000   -6.55873   -7.87084   -7.96379   -7.93097   -7.27568
   3015.17     45000   -6.64475   -7.86410   -7.77049   -7.75610   -7.33437
   3038.55     50000   -6.72680   -7.75690   -7.62128   -7.59984   -7.34727
   3061.93     55000   -6.71251   -7.87518   -7.80370   -7.77600   -7.39892
   3085.30     60000   -6.76734   -8.11685   -8.25021   -8.23375   -7.48406
   3108.66     65000   -6.85170   -7.97994   -7.85007   -7.83251   -7.51868
   3132.01     70000   -6.88414   -7.95249   -7.82857   -7.80512   -7.53805
   3155.36     75000   -6.90192   -8.15142   -8.15297   -8.12170   -7.60953
   3178.70     80000   -6.97989   -8.27213   -8.24641   -8.23482   -7.68371
   3202.05     85000   -7.06248   -8.12226   -7.98418   -7.96424   -7.70088
   3225.40     90000   -7.06361   -8.17886   -8.07816   -8.05248   -7.73713
   3248.75     95000   -7.10237   -8.43264   -8.56053   -8.52924   -7.82107
   3272.09    100000   -7.18838   -8.38240   -8.27463   -8.25929   -7.87330
   3295.44      5000   -7.25574   -8.29528   -8.16185   -8.13988   -7.88662
   3318.79     10000   -7.25146   -8.43575   -8.37900   -8.35044   -7.94390
   3342.13     15000   -7.31350   -8.65620   -8.74916   -8.73672   -8.02752
   3365.48     20000   -7.39800   -8.50420   -8.37036   -8.35211   -8.05644
   3388.82     25000   -7.41945   -8.49906   -8.37999   -8.35599   -8.07954
   3412.17     30000   -7.44381   -8.71697   -8.74808   -8.71585   -8.15531
   3435.51     35000   -7.52600   -8.79200   -8.73568   -8.72310   -8.22440
   3458.86     40000   -7.60913   -8.65460   -8.51677   -8.49627   -8.23910
   3482.21     45000   -7.60285   -8.73366   -8.64200   -8.61563   -8.28082
   3505.55     50000   -7.64676   -8.99026   -9.14152   -9.11427   -8.36609
   3528.90     55000   -7.73376   -8.90178   -8.78361   -8.76740   -8.41176
   3552.24     60000   -7.78624   -8.83584   -8.70527   -8.68277   -8.42649
   3575.59     65000   -7.79094   -8.99819   -8.95921   -8.92971   -8.48923
   3598.94     70000   -7.85974   -9.18851   -9.23459   -9.22366   -8.57028
   3622.28     75000   -7.94231   -9.03054   -8.89419   -8.87529   -8.59418
   3645.63     80000   -7.95714   -9.04781   -8.93448   -8.90989   -8.62162
   3668.98     85000   -7.98680   -9.28227   -9.34758   -9.31471   -8.70105
MyID= 0: Time=  0.1,has convergenced
     1686461 iterations for the convertgence of psi
 MyID=           0 has finish
