 START-UP FOR CHUNK...
     23.51      5000   -0.57975   -2.02043   -1.97352   -1.90180   -1.28562
     46.92     10000   -0.71312   -2.15576   -1.84133   -1.90906   -1.48344
     70.32     15000   -0.68985   -2.27998   -1.72992   -1.77396   -1.49513
     93.71     20000   -0.59454   -2.20876   -1.59360   -1.59582   -1.40988
    117.11     25000   -0.49541   -1.75974   -1.48299   -1.46733   -1.29415
    140.50     30000   -0.43573   -1.59773   -1.49108   -1.49112   -1.20342
    163.89     35000   -0.43438   -1.88902   -1.82354   -1.82991   -1.25637
    187.27     40000   -0.56899   -1.92164   -1.85882   -1.88817   -1.37540
    210.67     45000   -0.74336   -1.87058   -1.74288   -1.75096   -1.45400
    234.10     50000   -0.87302   -2.06238   -1.95795   -1.91576   -1.57314
    257.49     55000   -0.96411   -2.33973   -2.46005   -2.39924   -1.70182
    280.88     60000   -1.04651   -2.30527   -2.12422   -2.12534   -1.75101
    304.28     65000   -1.07783   -2.10755   -1.97470   -1.94951   -1.72072
    327.70     70000   -1.04475   -2.16485   -2.09047   -2.05424   -1.72803
    351.12     75000   -1.07612   -2.41459   -2.55230   -2.46622   -1.80426
    374.51     80000   -1.18237   -2.33189   -2.27154   -2.24005   -1.86688
    397.90     85000   -1.29068   -2.29993   -2.17688   -2.16585   -1.90132
    421.29     90000   -1.30213   -2.48947   -2.41827   -2.38712   -1.97712
    444.68     95000   -1.36815   -2.70818   -2.84818   -2.80293   -2.07673
    468.09    100000   -1.45556   -2.56295   -2.42387   -2.42136   -2.11239
 ITERATION...
    491.49      5000   -1.47496   -2.51612   -2.39174   -2.36768   -2.11317
    514.88     10000   -1.47794   -2.70658   -2.67386   -2.61744   -2.16784
    538.27     15000   -1.54625   -2.87465   -2.92327   -2.88396   -2.25490
    561.66     20000   -1.64849   -2.70773   -2.59313   -2.57104   -2.29251
    585.05     25000   -1.67050   -2.75370   -2.63642   -2.61323   -2.32635
    608.45     30000   -1.70989   -3.01580   -3.04254   -2.98631   -2.41023
    631.84     35000   -1.79788   -3.03749   -2.99672   -2.98247   -2.48976
    655.23     40000   -1.87888   -2.90361   -2.77273   -2.76112   -2.50543
    678.62     45000   -1.86528   -2.98415   -2.87980   -2.85206   -2.53491
    702.01     50000   -1.90602   -3.26170   -3.38119   -3.29268   -2.61872
    725.40     55000   -2.00643   -3.18763   -3.10044   -3.08765   -2.68609
    748.81     60000   -2.09379   -3.10202   -2.97582   -2.95515   -2.70511
    772.23     65000   -2.08030   -3.24988   -3.16542   -3.13026   -2.75744
    795.62     70000   -2.13632   -3.51640   -3.66524   -3.58690   -2.84964
    819.02     75000   -2.23475   -3.34795   -3.23842   -3.22414   -2.89843
    842.42     80000   -2.27412   -3.31265   -3.18946   -3.16981   -2.91251
    865.81     85000   -2.28358   -3.50806   -3.45857   -3.41796   -2.97336
    889.20     90000   -2.35376   -3.68947   -3.74832   -3.71307   -3.06239
    912.60     95000   -2.45062   -3.51747   -3.39563   -3.38222   -3.09795
    936.01    100000   -2.46618   -3.54152   -3.42447   -3.40056   -3.12233
    959.43      5000   -2.49716   -3.79142   -3.80221   -3.74385   -3.19893
    982.88     10000   -2.58402   -3.85440   -3.81501   -3.79791   -3.28051
   1006.33     15000   -2.67297   -3.70345   -3.57661   -3.55980   -3.30224
   1029.78     20000   -2.66654   -3.77889   -3.67437   -3.64661   -3.33484
   1053.22     25000   -2.70816   -4.05969   -4.16054   -4.08288   -3.41971
   1076.66     30000   -2.80694   -3.99731   -3.91402   -3.90024   -3.48843
   1100.10     35000   -2.89191   -3.90067   -3.77302   -3.75534   -3.50514
   1123.55     40000   -2.87515   -4.03387   -3.94748   -3.91502   -3.55240
   1147.01     45000   -2.92857   -4.30505   -4.46209   -4.38148   -3.64320
   1170.46     50000   -3.02866   -4.15608   -4.04497   -4.03252   -3.69561
   1193.90     55000   -3.07594   -4.11229   -3.98715   -3.96645   -3.71125
   1217.33     60000   -3.08440   -4.29945   -4.24513   -4.20375   -3.77168
   1240.77     65000   -3.15162   -4.50070   -4.57024   -4.53038   -3.86160
   1264.21     70000   -3.24880   -4.32347   -4.20123   -4.18676   -3.89848
   1287.64     75000   -3.26622   -4.33656   -4.21761   -4.19431   -3.92038
   1311.07     80000   -3.29379   -4.57632   -4.57615   -4.52217   -3.99431
   1334.46     85000   -3.37879   -4.65864   -4.63306   -4.61450   -4.07743
   1357.85     90000   -3.46880   -4.50599   -4.37784   -4.36233   -4.10135
   1381.25     95000   -3.46624   -4.57418   -4.46586   -4.43889   -4.13295
   1404.65    100000   -3.50609   -4.85078   -4.93870   -4.86249   -4.21701
   1428.05      5000   -3.60403   -4.80719   -4.72676   -4.71359   -4.28780
   1451.46     10000   -3.68915   -4.70157   -4.57257   -4.55471   -4.30462
   1474.87     15000   -3.67336   -4.82568   -4.73490   -4.70278   -4.34938
   1498.26     20000   -3.72475   -5.10143   -5.25965   -5.17444   -4.43955
   1521.66     25000   -3.82538   -4.96126   -4.85371   -4.84083   -4.49456
   1545.06     30000   -3.87846   -4.91041   -4.78388   -4.76389   -4.51017
   1568.46     35000   -3.88286   -5.09005   -5.02856   -4.98912   -4.56877
   1591.86     40000   -3.94802   -5.30359   -5.39128   -5.34584   -4.65923
   1615.25     45000   -4.04633   -5.12764   -5.00623   -4.99249   -4.69821
   1638.64     50000   -4.06700   -5.13259   -5.01182   -4.98898   -4.71875
   1662.03     55000   -4.09209   -5.36528   -5.35415   -5.30214   -4.79073
   1685.42     60000   -4.17433   -5.46630   -5.45215   -5.43173   -4.87525
   1708.81     65000   -4.26546   -5.30768   -5.18021   -5.16473   -4.90086
   1732.20     70000   -4.26543   -5.36802   -5.25741   -5.23105   -4.93086
   1755.59     75000   -4.30366   -5.64124   -5.71336   -5.64103   -5.01368
   1778.99     80000   -4.40000   -5.61433   -5.54055   -5.52690   -5.08657
   1802.39     85000   -4.48677   -5.50120   -5.37219   -5.35484   -5.10401
   1825.79     90000   -4.47223   -5.61715   -5.52291   -5.49183   -5.14664
   1849.20     95000   -4.52179   -5.89658   -6.05164   -5.96438   -5.23623
   1872.64    100000   -4.62269   -5.76726   -5.66280   -5.65010   -5.29372
   1896.07      5000   -4.68137   -5.70815   -5.58112   -5.56146   -5.30913
   1919.48     10000   -4.68145   -5.87971   -5.81267   -5.77451   -5.36569
   1942.88     15000   -4.74452   -6.10665   -6.21089   -6.15905   -5.45651
   1966.27     20000   -4.84288   -5.93165   -5.81195   -5.79831   -5.49777
   1989.67     25000   -4.86824   -5.92825   -5.80650   -5.78415   -5.51721
   2013.07     30000   -4.89093   -6.15348   -6.13286   -6.08333   -5.58729
   2036.48     35000   -4.97046   -6.27321   -6.27192   -6.24937   -5.67310
   2059.88     40000   -5.06257   -6.10966   -5.98286   -5.96771   -5.70044
   2083.27     45000   -5.06474   -6.16173   -6.04933   -6.02359   -5.72879
   2106.69     50000   -5.10149   -6.43039   -6.48797   -6.41919   -5.81021
   2130.13     55000   -5.19627   -6.42213   -6.35498   -6.34089   -5.88515
   2153.57     60000   -5.28322   -6.30124   -6.17230   -6.15522   -5.90342
   2177.01     65000   -5.27155   -6.40880   -6.31164   -6.28136   -5.94402
   2200.44     70000   -5.31932   -6.69063   -6.83884   -6.75121   -6.03292
   2223.85     75000   -5.41897   -6.57359   -6.47259   -6.45988   -6.09285
   2247.25     80000   -5.48475   -6.50619   -6.37871   -6.35942   -6.10817
   2270.64     85000   -5.48039   -6.66942   -6.59739   -6.56053   -6.16262
   2294.05     90000   -5.54056   -6.90824   -7.02844   -6.96986   -6.25365
   2317.46     95000   -5.63981   -6.73612   -6.61808   -6.60466   -6.29727
   2340.86    100000   -5.66982   -6.72434   -6.60160   -6.57968   -6.31576
   2364.25      5000   -5.68966   -6.94184   -6.91257   -6.86514   -6.38391
   2387.64     10000   -5.76668   -7.07999   -7.09242   -7.06726   -6.47086
   2411.03     15000   -5.86009   -6.91206   -6.78598   -6.77106   -6.50003
   2434.43     20000   -5.86445   -6.95581   -6.84170   -6.81653   -6.52680
   2457.84     25000   -5.89971   -7.21921   -7.26280   -7.19749   -6.60672
   2481.25     30000   -5.99293   -7.22991   -7.17022   -7.15551   -6.68361
   2504.65     35000   -6.07981   -7.10162   -6.97276   -6.95600   -6.70287
   2528.05     40000   -6.07068   -7.20083   -7.10089   -7.07140   -6.74149
   2551.44     45000   -6.11705   -7.48370   -7.62195   -7.53528   -6.82957
   2574.80     50000   -6.21566   -7.38025   -7.28299   -7.27028   -6.89192
   2598.18     55000   -6.28802   -7.30458   -7.17668   -7.15774   -6.90728
   2621.59     60000   -6.27961   -7.45946   -7.38278   -7.34710   -6.95962
   2645.00     65000   -6.33676   -7.70885   -7.84313   -7.77761   -7.05071
   2668.42     70000   -6.43712   -7.54088   -7.42471   -7.41146   -7.09674
   2691.83     75000   -6.47134   -7.52075   -7.39708   -7.37559   -7.11439
   2715.24     80000   -6.48778   -7.73036   -7.69308   -7.64762   -7.18056
   2738.65     85000   -6.56239   -7.88628   -7.91348   -7.88516   -7.26853
   2762.06     90000   -6.65710   -7.71476   -7.58950   -7.57485   -7.29964
   2785.47     95000   -6.66456   -7.75020   -7.63450   -7.60987   -7.32488
   2808.85    100000   -6.69831   -8.00780   -8.03811   -7.97608   -7.40323
   2832.23      5000   -6.78859   -8.03778   -7.98625   -7.97077   -7.48197
   2855.60     10000   -6.87681   -7.90230   -7.77361   -7.75714   -7.50235
   2878.98     15000   -6.86892   -7.99317   -7.89064   -7.86189   -7.53903
   2902.35     20000   -6.91377   -8.27589   -8.40175   -8.31718   -7.62618
   2925.73     25000   -7.01276   -8.18716   -8.09405   -8.08127   -7.69091
   2949.10     30000   -7.09153   -8.10326   -7.97501   -7.95642   -7.70645
   2972.48     35000   -7.07792   -8.24978   -8.16881   -8.13423   -7.75668
   2995.85     40000   -7.13336   -8.50831   -8.65403   -8.58185   -7.84769
   3019.23     45000   -7.23375   -8.34595   -8.23186   -8.21876   -7.89616
   3042.60     50000   -7.27268   -8.31745   -8.19293   -8.17186   -7.91310
   3065.99     55000   -7.28630   -8.51904   -8.47440   -8.43074   -7.97725
   3089.41     60000   -7.35851   -8.69202   -8.73492   -8.70283   -8.06609
   3112.82     65000   -7.45367   -8.51779   -8.39347   -8.37905   -8.09923
   3136.20     70000   -7.46508   -8.54489   -8.42772   -8.40361   -8.12306
   3159.60     75000   -7.49684   -8.79619   -8.81407   -8.75510   -8.19975
   3183.01     80000   -7.58462   -8.84562   -8.80312   -8.78664   -8.28023
   3206.41     85000   -7.67420   -8.70329   -8.57484   -8.55866   -8.30187
   3229.81     90000   -7.66757   -8.78582   -8.68089   -8.65284   -8.33665
   3253.21     95000   -7.71088   -9.06724   -9.17916   -9.09747   -8.42277
   3276.60    100000   -7.80991   -8.99430   -8.90579   -8.89287   -8.48981
   3300.01      5000   -7.89389   -8.90225   -8.77372   -8.75547   -8.50567
   3323.39     10000   -7.87579   -9.04040   -8.95546   -8.92191   -8.55380
   3346.76     15000   -7.93014   -9.30659   -9.46034   -9.38224   -8.64460
MyID= 0: Time=  0.1,has convergenced
     1685554 iterations for the convertgence of psi
 MyID=           0 has finish
