 START-UP FOR CHUNK...
     23.46      5000   -0.62127   -2.03752   -2.15083   -2.13702   -1.29046
     46.79     10000   -0.81249   -2.12875   -2.06968   -2.13840   -1.52306
     70.13     15000   -0.83842   -2.23169   -1.95821   -1.99558   -1.59988
     93.46     20000   -0.77776   -2.47130   -1.80037   -1.80002   -1.56137
    116.80     25000   -0.65899   -2.03317   -1.61500   -1.61245   -1.43555
    140.13     30000   -0.54503   -1.73185   -1.47647   -1.47660   -1.28958
    163.46     35000   -0.45675   -1.62170   -1.50134   -1.49038   -1.19017
    186.79     40000   -0.46916   -1.82363   -1.84000   -1.89157   -1.23404
    210.12     45000   -0.58745   -1.89810   -1.80675   -1.79515   -1.33198
    233.45     50000   -0.75178   -1.83213   -1.70556   -1.69385   -1.41733
    256.78     55000   -0.85855   -2.04391   -1.96508   -1.92374   -1.54710
    280.12     60000   -0.93804   -2.31014   -2.39883   -2.43996   -1.65543
    303.45     65000   -0.98911   -2.15043   -1.97684   -1.96460   -1.65820
    326.78     70000   -0.98585   -2.01192   -1.88835   -1.85998   -1.61929
    350.11     75000   -0.94688   -2.12648   -2.10650   -2.06975   -1.64366
    373.44     80000   -0.99699   -2.31598   -2.38543   -2.36299   -1.71522
    396.77     85000   -1.10079   -2.18637   -2.06397   -2.04144   -1.75511
    420.10     90000   -1.15387   -2.24404   -2.12948   -2.11235   -1.81474
    443.43     95000   -1.20440   -2.48883   -2.58238   -2.55255   -1.91339
    466.77    100000   -1.28149   -2.51694   -2.41333   -2.41151   -1.96911
 ITERATION...
    490.10      5000   -1.33561   -2.37661   -2.23087   -2.21212   -1.96109
    513.43     10000   -1.30545   -2.44289   -2.37456   -2.34283   -1.98921
    536.76     15000   -1.34671   -2.69369   -2.83212   -2.83089   -2.06766
    560.09     20000   -1.43783   -2.58836   -2.46244   -2.43934   -2.11189
    583.43     25000   -1.49371   -2.55880   -2.43103   -2.40667   -2.14360
    606.76     30000   -1.51861   -2.75864   -2.74500   -2.71904   -2.22365
    630.09     35000   -1.59456   -2.89194   -2.88021   -2.86846   -2.29842
    653.42     40000   -1.66570   -2.73711   -2.59305   -2.57531   -2.30822
    676.75     45000   -1.66066   -2.76891   -2.66673   -2.64305   -2.33344
    700.08     50000   -1.69146   -3.00734   -3.12418   -3.10292   -2.41178
    723.41     55000   -1.77745   -2.98436   -2.87663   -2.86161   -2.46637
    746.74     60000   -1.85487   -2.89576   -2.75990   -2.73727   -2.48515
    770.07     65000   -1.85495   -3.03710   -2.97639   -2.94831   -2.54746
    793.40     70000   -1.91704   -3.26311   -3.35347   -3.34194   -2.63123
    816.73     75000   -1.99640   -3.10907   -2.97175   -2.95251   -2.65615
    840.06     80000   -2.01465   -3.09445   -2.97577   -2.95222   -2.67521
    863.39     85000   -2.03473   -3.30504   -3.33733   -3.31276   -2.74833
    886.72     90000   -2.11597   -3.38231   -3.32086   -3.30763   -2.81568
    910.06     95000   -2.20205   -3.24776   -3.10839   -3.08769   -2.83183
    933.39    100000   -2.19743   -3.33048   -3.24072   -3.21559   -2.87766
    956.72      5000   -2.24391   -3.58690   -3.73632   -3.71633   -2.96334
    980.05     10000   -2.32716   -3.49464   -3.36917   -3.35236   -3.00444
   1003.38     15000   -2.37342   -3.42875   -3.29910   -3.27616   -3.01797
   1026.71     20000   -2.37940   -3.59273   -3.56391   -3.53728   -3.08145
   1050.04     25000   -2.44905   -3.77344   -3.79257   -3.78405   -3.15954
   1073.38     30000   -2.53291   -3.61533   -3.47560   -3.45533   -3.18109
   1096.71     35000   -2.54363   -3.64123   -3.53139   -3.50716   -3.21261
   1120.04     40000   -2.57622   -3.88068   -3.96604   -3.93958   -3.29411
   1143.37     45000   -2.65978   -3.88872   -3.79248   -3.77775   -3.35150
   1166.70     50000   -2.74198   -3.77535   -3.63783   -3.61630   -3.36322
   1190.03     55000   -2.72599   -3.88652   -3.81684   -3.79095   -3.41429
   1213.36     60000   -2.78062   -4.12902   -4.25350   -4.24636   -3.49819
   1236.69     65000   -2.86359   -3.99592   -3.86130   -3.84284   -3.53123
   1260.02     70000   -2.89589   -3.96645   -3.84228   -3.81873   -3.55167
   1283.35     75000   -2.91429   -4.16421   -4.17103   -4.14331   -3.62424
   1306.69     80000   -2.99238   -4.28347   -4.24593   -4.23426   -3.69571
   1330.02     85000   -3.07428   -4.13426   -3.99336   -3.97275   -3.71097
   1353.35     90000   -3.07323   -4.19200   -4.09468   -4.06984   -3.74886
   1376.68     95000   -3.11228   -4.44429   -4.57791   -4.55820   -3.83262
   1400.01    100000   -3.19793   -4.38650   -4.26916   -4.25289   -3.88060
   1423.34      5000   -3.25769   -4.30453   -4.17057   -4.14819   -3.89448
   1446.68     10000   -3.25785   -4.45097   -4.40378   -4.37690   -3.95492
   1470.01     15000   -3.32299   -4.66007   -4.72255   -4.71442   -4.03596
   1493.34     20000   -3.40437   -4.50559   -4.36651   -4.34718   -4.06039
   1516.67     25000   -3.42275   -4.50945   -4.39376   -4.36980   -4.08628
   1540.00     30000   -3.44968   -4.73433   -4.78818   -4.76168   -4.16433
   1563.33     35000   -3.53096   -4.78329   -4.70398   -4.69041   -4.22755
   1586.66     40000   -3.61538   -4.65516   -4.51567   -4.49434   -4.24055
   1609.99     45000   -3.60442   -4.74782   -4.66567   -4.64002   -4.28736
   1633.32     50000   -3.65301   -4.99973   -5.14644   -5.13309   -4.37210
   1656.66     55000   -3.73676   -4.88904   -4.75966   -4.74200   -4.41014
   1679.99     60000   -3.77755   -4.83935   -4.71124   -4.68828   -4.42707
   1703.32     65000   -3.78996   -5.01818   -5.00239   -4.97530   -4.49508
   1726.65     70000   -3.86332   -5.17440   -5.16894   -5.15926   -4.57076
   1749.98     75000   -3.94481   -5.01861   -4.87774   -4.85757   -4.58906
   1773.31     80000   -3.95101   -5.05691   -4.95173   -4.92711   -4.62255
   1796.64     85000   -3.98567   -5.30279   -5.40958   -5.38513   -4.70493
   1819.97     90000   -4.06948   -5.28254   -5.17668   -5.16118   -4.75860
   1843.30     95000   -4.14348   -5.18196   -5.04577   -5.02380   -4.77124
   1866.63    100000   -4.13459   -5.30832   -5.24662   -5.22039   -4.82652
   1889.96      5000   -4.19398   -5.53938   -5.64192   -5.63425   -4.90964
   1913.29     10000   -4.27678   -5.39479   -5.25819   -5.23943   -4.93883
   1936.62     15000   -4.30173   -5.37882   -5.25793   -5.23431   -4.96107
   1959.96     20000   -4.32367   -5.58804   -5.61291   -5.58555   -5.03589
   1983.29     25000   -4.40380   -5.67904   -5.62248   -5.61013   -5.10418
   2006.62     30000   -4.48664   -5.53738   -5.39698   -5.37606   -5.11835
   2029.95     35000   -4.48090   -5.60966   -5.51807   -5.49285   -5.15999
   2053.28     40000   -4.52464   -5.86426   -6.00957   -5.99204   -5.24451
   2076.61     45000   -4.60902   -5.78267   -5.65982   -5.64288   -5.28834
   2099.94     50000   -4.66089   -5.71354   -5.58194   -5.55931   -5.30310
   2123.28     55000   -4.66598   -5.87328   -5.83795   -5.81104   -5.36663
   2146.61     60000   -4.73450   -6.06281   -6.09625   -6.08779   -5.44575
   2169.94     65000   -4.81670   -5.90560   -5.76556   -5.74589   -5.46749
   2193.27     70000   -4.82891   -5.92358   -5.81193   -5.78771   -5.49642
   2216.60     75000   -4.85951   -6.15819   -6.23354   -6.20746   -5.57650
   2239.94     80000   -4.94294   -6.17862   -6.08705   -6.07263   -5.63592
   2263.27     85000   -5.02741   -6.06099   -5.92271   -5.90110   -5.64844
   2286.60     90000   -5.01234   -6.16733   -6.09297   -6.06707   -5.69867
   2309.93     95000   -5.06505   -6.41335   -6.54796   -6.53786   -5.78303
   2333.26    100000   -5.14767   -6.28629   -6.15343   -6.13528   -5.81734
   2356.59      5000   -5.18252   -6.25028   -6.12491   -6.10167   -5.83626
   2379.92     10000   -5.19849   -6.44190   -6.44143   -6.41415   -5.90722
   2403.25     15000   -5.27512   -6.57274   -6.54438   -6.53354   -5.98011
   2426.58     20000   -5.35715   -6.42120   -6.28028   -6.25980   -5.99642
   2449.91     25000   -5.35856   -6.47329   -6.37328   -6.34843   -6.03314
   2473.25     30000   -5.39659   -6.72446   -6.85073   -6.82863   -6.11665
   2496.58     35000   -5.48134   -6.67780   -6.56395   -6.54783   -6.16632
   2519.92     40000   -5.54548   -6.58972   -6.45519   -6.43294   -6.17958
   2543.28     45000   -5.54322   -6.72979   -6.67794   -6.65141   -6.23829
   2566.64     50000   -5.60591   -6.94634   -7.02144   -7.01383   -6.32007
   2590.00     55000   -5.68800   -6.79414   -6.65577   -6.63662   -6.34600
   2613.34     60000   -5.70883   -6.79197   -6.67457   -6.65072   -6.37080
   2636.69     65000   -5.73380   -7.01229   -7.05675   -7.02970   -6.44796
   2660.00     70000   -5.81505   -7.07466   -7.00200   -6.98876   -6.51279
   2683.34     75000   -5.89853   -6.94189   -6.80213   -6.78093   -6.52599
   2706.67     80000   -5.88946   -7.02807   -6.94295   -6.91746   -6.57112
   2729.99     85000   -5.93629   -7.28155   -7.42986   -7.41561   -6.65587
   2753.30     90000   -6.02081   -7.17920   -7.05160   -7.03413   -6.69573
   2776.59     95000   -6.06446   -7.12342   -6.99415   -6.97128   -6.71195
   2799.89    100000   -6.07547   -7.29639   -7.27412   -7.24703   -6.77862
   2823.19      5000   -6.14700   -7.46369   -7.47001   -7.46065   -6.85546
   2846.49     10000   -6.22857   -7.30684   -7.16617   -7.14615   -6.87472
   2869.78     15000   -6.23623   -7.33872   -7.23147   -7.20700   -6.90672
   2893.08     20000   -6.26960   -7.58143   -7.67860   -7.65366   -6.98845
   2916.41     25000   -6.35340   -7.57366   -7.47176   -7.45660   -7.04395
   2939.75     30000   -6.43150   -7.46760   -7.33066   -7.30879   -7.05649
   2963.08     35000   -6.41980   -7.58773   -7.52182   -7.49567   -7.11021
   2986.42     40000   -6.47737   -7.82432   -7.93845   -7.93015   -7.19381
   3009.77     45000   -6.55982   -7.68443   -7.54886   -7.53028   -7.22454
   3033.11     50000   -6.58786   -7.66216   -7.53980   -7.51631   -7.24567
   3056.46     55000   -6.60814   -7.86599   -7.88257   -7.85526   -7.31932
   3079.79     60000   -6.68768   -7.96968   -7.92121   -7.90934   -7.38912
   3103.12     65000   -6.77059   -7.82452   -7.68386   -7.66308   -7.40388
   3126.46     70000   -6.76638   -7.89051   -7.79612   -7.77101   -7.44397
   3149.79     75000   -6.80802   -8.14466   -8.28566   -8.26647   -7.52826
   3173.12     80000   -6.89302   -8.07348   -7.95318   -7.93648   -7.57390
   3196.46     85000   -6.94849   -7.99834   -7.86577   -7.84326   -7.58811
   3219.79     90000   -6.95100   -8.15196   -8.11119   -8.08441   -7.65016
   3243.12     95000   -7.01817   -8.35062   -8.39688   -8.38881   -7.73020
   3266.46    100000   -7.09987   -8.19423   -8.05459   -8.03507   -7.75317
   3289.79      5000   -7.11493   -8.20591   -8.09236   -8.06826   -7.78077
   3313.12     10000   -7.14428   -8.43634   -8.50181   -8.47529   -7.86001
   3336.46     15000   -7.22637   -8.46986   -8.38370   -8.36963   -7.92115
   3359.79     20000   -7.31162   -8.34725   -8.20846   -8.18698   -7.93379
   3383.12     25000   -7.29785   -8.44729   -8.36940   -8.34364   -7.98243
   3406.45     30000   -7.34880   -8.69642   -8.83752   -8.82635   -8.06700
   3429.78     35000   -7.43149   -8.57632   -8.44490   -8.42696   -8.10301
   3453.11     40000   -7.46929   -8.53410   -8.40744   -8.38431   -8.12102
   3476.42     45000   -7.48345   -8.71999   -8.71232   -8.68507   -8.19068
   3499.73     50000   -7.55859   -8.86269   -8.84453   -8.83415   -8.26488
   3523.04     55000   -7.64035   -8.70894   -8.56802   -8.54769   -8.28203
   3546.35     60000   -7.64393   -8.75471   -8.65233   -8.62760   -8.31725
   3569.66     65000   -7.68074   -9.00372   -9.12155   -9.09842   -8.40027
   3592.97     70000   -7.76475   -8.96884   -8.85837   -8.84254   -8.45178
   3616.29     75000   -7.83349   -8.87502   -8.73968   -8.71755   -8.46472
   3639.60     80000   -7.82844   -9.00888   -8.95239   -8.92597   -8.52189
   3662.91     85000   -7.88931   -9.23250   -9.32050   -9.31287   -8.60433
   3686.22     90000   -7.97196   -9.08334   -8.94572   -8.92674   -8.63170
MyID= 0: Time=  0.1,has convergenced
     1686390 iterations for the convertgence of psi
 MyID=           0 has finish
