 START-UP FOR CHUNK...
     23.46      5000   -0.58241   -2.02124   -1.98366   -1.91156   -1.28663
     46.80     10000   -0.71817   -2.15193   -1.85236   -1.91851   -1.48632
     70.14     15000   -0.69645   -2.28215   -1.73904   -1.78375   -1.50057
     93.48     20000   -0.60283   -2.22069   -1.60064   -1.60433   -1.41609
    116.82     25000   -0.50021   -1.76961   -1.48669   -1.47138   -1.29895
    140.16     30000   -0.44097   -1.59793   -1.48742   -1.48719   -1.20543
    163.49     35000   -0.43421   -1.88257   -1.81597   -1.81446   -1.25193
    186.83     40000   -0.56519   -1.92453   -1.86267   -1.89903   -1.37124
    210.17     45000   -0.73742   -1.86623   -1.74030   -1.74652   -1.44937
    233.51     50000   -0.87006   -2.05260   -1.94574   -1.90603   -1.56821
    256.84     55000   -0.96199   -2.33382   -2.45239   -2.39095   -1.69717
    280.18     60000   -1.04331   -2.30355   -2.12701   -2.12938   -1.74781
    303.52     65000   -1.07430   -2.10495   -1.96995   -1.94665   -1.71700
    326.86     70000   -1.04053   -2.15696   -2.08125   -2.04525   -1.72242
    350.19     75000   -1.07042   -2.40812   -2.54292   -2.45977   -1.79744
    373.53     80000   -1.17531   -2.33037   -2.26777   -2.23626   -1.86025
    396.87     85000   -1.28374   -2.29302   -2.17023   -2.15773   -1.89464
    420.20     90000   -1.29585   -2.48010   -2.40893   -2.37845   -1.97048
    443.54     95000   -1.36144   -2.70111   -2.84417   -2.79948   -2.06981
    466.88    100000   -1.44762   -2.55561   -2.41677   -2.41375   -2.10471
 ITERATION...
    490.22      5000   -1.46622   -2.50804   -2.38328   -2.36003   -2.10498
    513.55     10000   -1.46867   -2.69616   -2.66665   -2.61143   -2.15949
    536.89     15000   -1.53740   -2.86319   -2.90847   -2.87409   -2.24601
    560.23     20000   -1.63912   -2.69962   -2.58182   -2.56017   -2.28286
    583.56     25000   -1.66023   -2.74617   -2.62880   -2.60468   -2.31726
    606.90     30000   -1.69983   -3.00758   -3.04208   -2.98501   -2.40172
    630.24     35000   -1.78866   -3.02506   -2.97917   -2.96512   -2.47975
    653.57     40000   -1.86800   -2.89317   -2.76114   -2.74858   -2.49414
    676.91     45000   -1.85408   -2.97648   -2.87338   -2.84553   -2.52448
    700.25     50000   -1.89550   -3.25022   -3.38284   -3.29615   -2.60870
    723.59     55000   -1.99477   -3.16985   -3.07896   -3.06681   -2.67398
    746.92     60000   -2.07738   -3.09134   -2.96322   -2.94269   -2.69263
    770.26     65000   -2.06861   -3.24447   -3.16312   -3.12708   -2.74670
    793.60     70000   -2.12520   -3.50069   -3.64463   -3.57439   -2.83866
    816.93     75000   -2.22320   -3.33016   -3.21682   -3.20245   -2.88437
    840.27     80000   -2.25727   -3.30223   -3.17862   -3.15803   -2.89877
    863.61     85000   -2.26923   -3.50454   -3.46294   -3.42091   -2.96171
    886.95     90000   -2.34201   -3.66582   -3.70809   -3.67863   -3.04945
    910.28     95000   -2.43768   -3.49798   -3.37401   -3.36009   -3.08204
    933.61    100000   -2.44840   -3.53223   -3.41576   -3.39145   -3.10808
    956.95      5000   -2.48220   -3.78859   -3.81675   -3.75561   -3.18678
    980.29     10000   -2.57153   -3.82473   -3.77338   -3.75852   -3.26539
   1003.63     15000   -2.65812   -3.68470   -3.55632   -3.53915   -3.28467
   1026.96     20000   -2.64984   -3.77194   -3.67038   -3.64152   -3.32000
   1050.30     25000   -2.69368   -4.05363   -4.17894   -4.09856   -3.40638
   1073.64     30000   -2.79187   -3.96628   -3.87462   -3.86109   -3.47075
   1096.97     35000   -2.87077   -3.88297   -3.75500   -3.73646   -3.48653
   1120.31     40000   -2.85851   -4.02996   -3.95036   -3.91646   -3.53744
   1143.65     45000   -2.91394   -4.28609   -4.43241   -4.36466   -3.62833
   1166.98     50000   -3.01353   -4.12469   -4.00890   -3.99608   -3.67541
   1190.32     55000   -3.05047   -4.09674   -3.97255   -3.95110   -3.69190
   1213.66     60000   -3.06423   -4.29896   -4.25900   -4.21499   -3.75638
   1236.99     65000   -3.13718   -4.46677   -4.50261   -4.47393   -3.84439
   1260.33     70000   -3.23160   -4.29380   -4.16836   -4.15328   -3.87617
   1283.67     75000   -3.24115   -4.32426   -4.20803   -4.18350   -3.90086
   1307.01     80000   -3.27393   -4.57754   -4.60525   -4.54602   -3.97857
   1330.35     85000   -3.36308   -4.61620   -4.56735   -4.55197   -4.05732
   1353.68     90000   -3.45077   -4.47862   -4.34906   -4.33261   -4.07745
   1377.02     95000   -3.44344   -4.56607   -4.46343   -4.43492   -4.11348
   1400.36    100000   -3.48766   -4.84625   -4.97337   -4.89182   -4.20019
   1423.70      5000   -3.58563   -4.76238   -4.66832   -4.65575   -4.26453
   1447.04     10000   -3.66425   -4.67748   -4.54831   -4.52944   -4.27984
   1470.37     15000   -3.65128   -4.82278   -4.74270   -4.70812   -4.33018
   1493.71     20000   -3.70637   -5.07936   -5.22602   -5.15749   -4.42089
   1517.05     25000   -3.80614   -4.91823   -4.80260   -4.78928   -4.46828
   1540.38     30000   -3.84383   -4.89049   -4.76551   -4.74420   -4.48509
   1563.72     35000   -3.85770   -5.09253   -5.05132   -5.00778   -4.54971
   1587.06     40000   -3.93055   -5.25967   -5.29739   -5.26848   -4.63778
   1610.40     45000   -4.02477   -5.08776   -4.96171   -4.94709   -4.66954
   1633.74     50000   -4.03435   -5.11777   -5.00076   -4.97631   -4.69394
   1657.08     55000   -4.06689   -5.37043   -5.39712   -5.33752   -4.77143
   1680.42     60000   -4.15585   -5.41007   -5.36139   -5.34610   -4.85028
   1703.75     65000   -4.24377   -5.27214   -5.14237   -5.12577   -4.87059
   1727.09     70000   -4.23669   -5.35945   -5.25618   -5.22761   -4.90666
   1750.43     75000   -4.28087   -5.63982   -5.76562   -5.68406   -4.99337
   1773.77     80000   -4.37882   -5.55587   -5.46239   -5.44966   -5.05779
   1797.11     85000   -4.45770   -5.47072   -5.34142   -5.32269   -5.07304
   1820.45     90000   -4.44436   -5.61570   -5.53499   -5.50064   -5.12319
   1843.78     95000   -4.49931   -5.87234   -6.01966   -5.95077   -5.21387
   1867.12    100000   -4.59909   -5.71164   -5.59613   -5.58295   -5.26143
   1890.46      5000   -4.63714   -5.68364   -5.55848   -5.53719   -5.27825
   1913.80     10000   -4.65091   -5.88543   -5.84355   -5.79999   -5.34280
   1937.14     15000   -4.72361   -6.05353   -6.09199   -6.06279   -5.43093
   1960.47     20000   -4.81782   -5.88114   -5.75526   -5.74057   -5.46276
   1983.81     25000   -4.82760   -5.91069   -5.79361   -5.76919   -5.48706
   2007.15     30000   -4.86002   -6.16311   -6.18883   -6.12956   -5.56443
   2030.49     35000   -4.94881   -6.20355   -6.15556   -6.14018   -5.64339
   2053.83     40000   -5.03684   -6.06532   -5.93561   -5.91908   -5.66378
   2077.17     45000   -5.02984   -6.15225   -6.04880   -6.02032   -5.69976
   2100.50     50000   -5.07395   -6.43259   -6.55757   -6.47611   -5.78643
   2123.84     55000   -5.17191   -6.34953   -6.25630   -6.24361   -5.85098
   2147.18     60000   -5.25112   -6.26387   -6.13460   -6.11587   -5.86623
   2170.52     65000   -5.23744   -6.40836   -6.32745   -6.29313   -5.91624
   2193.86     70000   -5.29234   -6.66555   -6.81331   -6.74414   -6.00691
   2217.19     75000   -5.39209   -6.50512   -6.38977   -6.37657   -6.05462
   2240.53     80000   -5.43045   -6.47664   -6.35146   -6.33019   -6.07141
   2263.87     85000   -5.44406   -6.67799   -6.63567   -6.59224   -6.13585
   2287.21     90000   -5.51663   -6.84702   -6.88651   -6.85707   -6.22402
   2310.55     95000   -5.61085   -6.67454   -6.54873   -6.53408   -6.25597
   2333.88    100000   -5.62085   -6.70361   -6.58646   -6.56207   -6.28018
   2357.22      5000   -5.65318   -6.95564   -6.98068   -6.92157   -6.35746
   2380.56     10000   -5.74180   -6.99723   -6.94973   -6.93432   -6.43652
   2403.90     15000   -5.82991   -6.85860   -6.72891   -6.71238   -6.45699
   2427.24     20000   -5.82298   -6.94504   -6.84145   -6.81300   -6.49285
   2450.57     25000   -5.86700   -7.22532   -7.34951   -7.26819   -6.57946
   2473.91     30000   -5.96498   -7.14316   -7.05023   -7.03752   -6.64415
   2497.25     35000   -6.04455   -7.05704   -6.92775   -6.90905   -6.65941
   2520.59     40000   -6.03053   -7.20105   -7.11989   -7.08565   -6.70930
   2543.92     45000   -6.08537   -7.45867   -7.60702   -7.53752   -6.79997
   2567.26     50000   -6.18509   -7.29864   -7.18342   -7.17023   -6.84781
   2590.60     55000   -6.22377   -7.26969   -7.14445   -7.12321   -6.86457
   2613.94     60000   -6.23721   -7.47057   -7.42783   -7.38449   -6.92889
   2637.29     65000   -6.30963   -7.64056   -7.68102   -7.65134   -7.01712
   2660.64     70000   -6.40389   -7.46795   -7.34221   -7.32757   -7.04918
   2683.99     75000   -6.41411   -7.49654   -7.37930   -7.35495   -7.07330
   2707.33     80000   -6.44635   -7.74821   -7.77253   -7.71360   -7.15049
   2730.66     85000   -6.53479   -7.79088   -7.74393   -7.72847   -7.22965
   2753.98     90000   -6.62299   -7.65188   -7.52220   -7.50569   -7.25019
   2777.29     95000   -6.61613   -7.73785   -7.63411   -7.60570   -7.28594
   2800.62    100000   -6.66006   -8.01805   -8.14145   -8.06027   -7.37250
   2823.97      5000   -6.75805   -7.93679   -7.84414   -7.83143   -7.43732
   2847.32     10000   -6.83798   -7.85021   -7.72091   -7.70223   -7.45259
   2870.67     15000   -6.82362   -7.99373   -7.91234   -7.87816   -7.50236
   2894.02     20000   -6.87842   -8.25182   -8.40073   -8.33088   -7.59302
   2917.37     25000   -6.97810   -8.09216   -7.97707   -7.96390   -7.64101
   2940.71     30000   -7.01708   -8.06274   -7.93745   -7.91623   -7.65772
   2964.05     35000   -7.03036   -8.26315   -8.21999   -8.17675   -7.72193
   2987.40     40000   -7.10264   -8.43409   -8.47551   -8.44561   -7.81020
   3010.75     45000   -7.19692   -8.26136   -8.13568   -8.12105   -7.84239
   3034.11     50000   -7.20737   -8.28947   -8.17215   -8.14783   -7.86643
   3057.46     55000   -7.23952   -8.54077   -8.56437   -8.50562   -7.94352
   3080.81     60000   -7.32779   -8.58456   -8.53813   -8.52262   -8.02278
   3104.16     65000   -7.41606   -8.44517   -8.31550   -8.29901   -8.04339
   3127.51     70000   -7.40927   -8.53065   -8.42677   -8.39840   -8.07904
   3150.87     75000   -7.45311   -8.81078   -8.93338   -8.85234   -8.16553
   3174.22     80000   -7.55113   -8.73043   -8.63805   -8.62533   -8.23049
   3197.57     85000   -7.63141   -8.64338   -8.51406   -8.49540   -8.24578
   3220.92     90000   -7.61672   -8.78642   -8.70479   -8.67067   -8.29543
   3244.27     95000   -7.67146   -9.04497   -9.19443   -9.12422   -8.38607
   3267.62    100000   -7.77111   -8.88569   -8.77073   -8.75757   -8.43420
   3290.97      5000   -7.81040   -8.85578   -8.73045   -8.70925   -8.45088
   3314.31     10000   -7.82350   -9.05573   -9.01215   -8.96901   -8.51497
   3337.66     15000   -7.89565   -9.22763   -9.26999   -9.23987   -8.60329
   3361.01     20000   -7.98995   -9.05477   -8.92915   -8.91454   -8.63559
MyID= 0: Time=  0.1,has convergenced
     1685470 iterations for the convertgence of psi
 MyID=           0 has finish
