 START-UP FOR CHUNK...
     23.44      5000   -0.57843   -2.02003   -1.96850   -1.89702   -1.28511
     46.77     10000   -0.71064   -2.15772   -1.83592   -1.90442   -1.48199
     70.11     15000   -0.68657   -2.27872   -1.72546   -1.76916   -1.49244
     93.44     20000   -0.59066   -2.20279   -1.59019   -1.59167   -1.40686
    116.77     25000   -0.49296   -1.75501   -1.48121   -1.46543   -1.29183
    140.10     30000   -0.43308   -1.59790   -1.49300   -1.49316   -1.20250
    163.44     35000   -0.43504   -1.89188   -1.82683   -1.83732   -1.25857
    186.77     40000   -0.57116   -1.92030   -1.85692   -1.88321   -1.37742
    210.10     45000   -0.74642   -1.87287   -1.74423   -1.75319   -1.45629
    233.43     50000   -0.87451   -2.06739   -1.96399   -1.92054   -1.57556
    256.76     55000   -0.96517   -2.34288   -2.46299   -2.40283   -1.70410
    280.09     60000   -1.04810   -2.30607   -2.12307   -2.12351   -1.75262
    303.42     65000   -1.07963   -2.10892   -1.97710   -1.95100   -1.72262
    326.75     70000   -1.04688   -2.16887   -2.09496   -2.05870   -1.73084
    350.08     75000   -1.07893   -2.41788   -2.55671   -2.46908   -1.80764
    373.41     80000   -1.18583   -2.33276   -2.27352   -2.24211   -1.87019
    396.74     85000   -1.29409   -2.30340   -2.18017   -2.16989   -1.90465
    420.07     90000   -1.30525   -2.49424   -2.42279   -2.39124   -1.98042
    443.40     95000   -1.37148   -2.71227   -2.85033   -2.80473   -2.08018
    466.73    100000   -1.45953   -2.56673   -2.42756   -2.42523   -2.11624
 ITERATION...
    490.06      5000   -1.47939   -2.52008   -2.39593   -2.37146   -2.11727
    513.39     10000   -1.48227   -2.71170   -2.67714   -2.62028   -2.17199
    536.72     15000   -1.55055   -2.88064   -2.93097   -2.88899   -2.25932
    560.05     20000   -1.65320   -2.71179   -2.59884   -2.57657   -2.29734
    583.38     25000   -1.67571   -2.75732   -2.64013   -2.61748   -2.33089
    606.71     30000   -1.71453   -3.01976   -3.04242   -2.98671   -2.41445
    630.04     35000   -1.80253   -3.04420   -3.00575   -2.99145   -2.49475
    653.37     40000   -1.88440   -2.90896   -2.77861   -2.76746   -2.51110
    676.70     45000   -1.87099   -2.98783   -2.88295   -2.85524   -2.54014
    700.03     50000   -1.91139   -3.26728   -3.37956   -3.29055   -2.62369
    723.37     55000   -2.01180   -3.19698   -3.11158   -3.09834   -2.69213
    746.70     60000   -2.10028   -3.10745   -2.98221   -2.96147   -2.71139
    770.03     65000   -2.08612   -3.25234   -3.16648   -3.13185   -2.76282
    793.36     70000   -2.14158   -3.52387   -3.67392   -3.59200   -2.85507
    816.69     75000   -2.24072   -3.35728   -3.24954   -3.23535   -2.90546
    840.02     80000   -2.28284   -3.31802   -3.19499   -3.17581   -2.91944
    863.35     85000   -2.29106   -3.50959   -3.45644   -3.41651   -2.97919
    886.68     90000   -2.35911   -3.70140   -3.76873   -3.73005   -3.06879
    910.01     95000   -2.45741   -3.52773   -3.40683   -3.39365   -3.10594
    933.34    100000   -2.47499   -3.54634   -3.42901   -3.40527   -3.12953
    956.67      5000   -2.50442   -3.79238   -3.79502   -3.73807   -3.20499
    980.00     10000   -2.59029   -3.86957   -3.83685   -3.81830   -3.28799
   1003.33     15000   -2.67958   -3.71328   -3.58715   -3.57054   -3.31109
   1026.66     20000   -2.67539   -3.78258   -3.67660   -3.64942   -3.34235
   1049.99     25000   -2.71523   -4.06175   -4.14964   -4.07395   -3.42631
   1073.33     30000   -2.81386   -4.01343   -3.93478   -3.92080   -3.49719
   1096.66     35000   -2.89965   -3.91002   -3.78248   -3.76523   -3.51456
   1119.99     40000   -2.88402   -4.03606   -3.94650   -3.91472   -3.55997
   1143.32     45000   -2.93594   -4.31312   -4.47026   -4.38461   -3.65052
   1166.65     50000   -3.03693   -4.17251   -4.06404   -4.05171   -3.70567
   1189.98     55000   -3.08956   -4.12055   -3.99496   -3.97465   -3.72109
   1213.31     60000   -3.09368   -4.29980   -4.23896   -4.19886   -3.77940
   1236.64     65000   -3.15877   -4.51662   -4.60387   -4.55667   -3.87003
   1259.97     70000   -3.25767   -4.33904   -4.21867   -4.20450   -3.90967
   1283.30     75000   -3.27920   -4.34323   -4.22305   -4.20038   -3.93034
   1306.63     80000   -3.30423   -4.57536   -4.56264   -4.51112   -4.00220
   1329.96     85000   -3.38609   -4.67999   -4.66818   -4.64716   -4.08725
   1353.30     90000   -3.47769   -4.52047   -4.39324   -4.37820   -4.11342
   1376.63     95000   -3.47788   -4.57878   -4.46796   -4.44174   -4.14291
   1399.96    100000   -3.51583   -4.85137   -4.91875   -4.84623   -4.22535
   1423.29      5000   -3.61197   -4.83045   -4.75836   -4.74451   -4.29923
   1446.62     10000   -3.69921   -4.71443   -4.58577   -4.56841   -4.31723
   1469.95     15000   -3.68574   -4.82767   -4.73229   -4.70135   -4.35920
   1493.29     20000   -3.73477   -5.10925   -5.26068   -5.17159   -4.44867
   1516.62     25000   -3.83535   -4.98397   -4.88139   -4.86861   -4.50756
   1539.95     30000   -3.89753   -4.92126   -4.79425   -4.77493   -4.52301
   1563.28     35000   -3.89546   -5.08916   -5.01915   -4.98157   -4.57848
   1586.61     40000   -3.95703   -5.32303   -5.43549   -5.37871   -4.66960
   1609.94     45000   -4.05639   -5.14895   -5.03048   -5.01712   -4.71254
   1633.27     50000   -4.08466   -5.14097   -5.01877   -4.99671   -4.73153
   1656.60     55000   -4.10591   -5.36221   -5.33524   -5.28660   -4.80045
   1679.93     60000   -4.18380   -5.49411   -5.50147   -5.47658   -4.88729
   1703.26     65000   -4.27713   -5.32688   -5.20104   -5.18610   -4.91616
   1726.59     70000   -4.28070   -5.37339   -5.25982   -5.23452   -4.94338
   1749.92     75000   -4.31654   -5.63915   -5.68468   -5.61792   -5.02373
   1773.25     80000   -4.41039   -5.64483   -5.58383   -5.56903   -5.10053
   1796.58     85000   -4.49744   -5.51796   -5.38953   -5.37285   -5.11983
   1819.92     90000   -4.48790   -5.61901   -5.51936   -5.48975   -5.15878
   1843.25     95000   -4.53460   -5.90295   -6.04090   -5.95271   -5.24708
   1866.58    100000   -4.63371   -5.79704   -5.69984   -5.68712   -5.30957
   1889.91      5000   -4.70583   -5.72202   -5.59455   -5.57567   -5.32507
   1913.24     10000   -4.69764   -5.87773   -5.80082   -5.76499   -5.37746
   1936.57     15000   -4.75483   -6.12805   -6.26149   -6.19434   -5.46873
   1959.90     20000   -4.85584   -5.95914   -5.84362   -5.83040   -5.51520
   1983.23     25000   -4.89014   -5.93878   -5.81538   -5.79400   -5.53290
   2006.56     30000   -4.90652   -6.14835   -6.10957   -6.06407   -5.59888
   2029.89     35000   -4.98088   -6.30672   -6.33587   -6.30628   -5.68723
   2053.22     40000   -5.07606   -6.13418   -6.00961   -5.99509   -5.71897
   2076.56     45000   -5.08433   -6.16838   -6.05259   -6.02811   -5.74397
   2099.89     50000   -5.11800   -6.42552   -6.45171   -6.38985   -5.82199
   2123.22     55000   -5.20753   -6.45999   -6.41098   -6.39497   -5.90151
   2146.55     60000   -5.29653   -6.32236   -6.19426   -6.17797   -5.92249
   2169.88     65000   -5.28883   -6.41102   -6.30771   -6.27919   -5.95857
   2193.21     70000   -5.33329   -6.69448   -6.81391   -6.72919   -6.04546
   2216.54     75000   -5.43300   -6.61066   -6.51977   -6.50688   -6.11144
   2239.87     80000   -5.51461   -6.52352   -6.39560   -6.37726   -6.12727
   2263.20     85000   -5.49817   -6.66684   -6.58380   -6.54962   -6.17655
   2286.54     90000   -5.55347   -6.93015   -7.07922   -7.00243   -6.26764
   2309.87     95000   -5.65391   -6.77019   -6.65781   -6.64483   -6.31773
   2333.20    100000   -5.69578   -6.73744   -6.61285   -6.59208   -6.33444
   2356.53      5000   -5.70803   -6.93505   -6.88582   -6.84293   -6.39742
   2379.86     10000   -5.77881   -7.11831   -7.17104   -7.13530   -6.48697
   2403.19     15000   -5.87474   -6.94223   -6.81916   -6.80497   -6.52178
   2426.52     20000   -5.88868   -6.96413   -6.84626   -6.82255   -6.54475
   2449.85     25000   -5.91842   -7.21161   -7.22013   -7.16275   -6.62026
   2473.18     30000   -6.00547   -7.27496   -7.23994   -7.22222   -6.70226
   2496.52     35000   -6.09564   -7.12746   -6.99980   -6.98395   -6.72522
   2519.85     40000   -6.09064   -7.20379   -7.09712   -7.06963   -6.75854
   2543.17     45000   -6.13252   -7.48439   -7.58247   -7.50259   -6.84379
   2566.50     50000   -6.23139   -7.42486   -7.34118   -7.32801   -6.91314
   2589.83     55000   -6.31584   -7.32571   -7.19748   -7.17963   -6.92960
   2613.18     60000   -6.29893   -7.45665   -7.36811   -7.33541   -6.97579
   2636.54     65000   -6.35167   -7.72979   -7.88624   -7.80200   -7.06641
   2659.89     70000   -6.45260   -7.58188   -7.47319   -7.46036   -7.12015
   2683.24     75000   -6.50235   -7.53675   -7.41115   -7.39096   -7.13615
   2706.56     80000   -6.50950   -7.72223   -7.66371   -7.62318   -7.19607
   2729.89     85000   -6.57597   -7.92828   -8.00585   -7.96242   -7.28650
   2753.21     90000   -6.67429   -7.75098   -7.62969   -7.61583   -7.32456
   2776.54     95000   -6.69294   -7.76053   -7.64082   -7.61783   -7.34570
   2799.87    100000   -6.71925   -7.99758   -7.99025   -7.93686   -7.41857
   2823.20      5000   -6.80275   -8.08970   -8.07070   -8.05064   -7.50277
   2846.52     10000   -6.89391   -7.93323   -7.80622   -7.79077   -7.52799
   2869.85     15000   -6.89291   -7.99724   -7.88755   -7.86102   -7.55869
   2893.18     20000   -6.93185   -8.27291   -8.34884   -8.27440   -7.64207
   2916.50     25000   -7.02894   -8.23946   -8.16418   -8.15052   -7.71463
   2939.83     30000   -7.11548   -8.12856   -8.00017   -7.98280   -7.73204
   2963.16     35000   -7.10056   -8.24711   -8.15367   -8.12232   -7.77518
   2986.48     40000   -7.15067   -8.52687   -8.68153   -8.59319   -7.86504
   3009.81     45000   -7.25204   -8.39422   -8.28982   -8.27708   -7.92242
   3033.13     50000   -7.30989   -8.33672   -8.21025   -8.19063   -7.93801
   3056.47     55000   -7.31062   -8.50994   -8.44320   -8.40477   -7.99484
   3079.83     60000   -7.37402   -8.73630   -8.83870   -8.78608   -8.08583
   3103.18     65000   -7.47277   -8.56041   -8.44124   -8.42767   -8.12729
   3126.53     70000   -7.49810   -8.55761   -8.43625   -8.41395   -8.14683
   3149.88     75000   -7.52095   -8.78360   -8.76217   -8.71232   -8.21692
   3173.23     80000   -7.60047   -8.90390   -8.90318   -8.87995   -8.30305
   3196.58     85000   -7.69305   -8.73967   -8.61352   -8.59846   -8.33080
   3219.92     90000   -7.69529   -8.79137   -8.67897   -8.65332   -8.35903
   3243.24     95000   -7.73206   -9.06036   -9.11473   -9.04572   -8.44032
   3266.55    100000   -7.82686   -9.05437   -8.98884   -8.97445   -8.51591
   3289.87      5000   -7.91393   -8.93207   -8.80368   -8.78677   -8.53458
   3313.19     10000   -7.90306   -9.03825   -8.94042   -8.91031   -8.57474
   3336.51     15000   -7.95054   -9.32153   -9.46593   -9.37709   -8.66355
MyID= 0: Time=  0.1,has convergenced
     1685596 iterations for the convertgence of psi
 MyID=           0 has finish
