 START-UP FOR CHUNK...
     23.46      5000   -0.56656   -2.01395   -1.92396   -1.84845   -1.28237
     46.81     10000   -0.68594   -2.17018   -1.78653   -1.85806   -1.46836
     70.16     15000   -0.64929   -2.27359   -1.67996   -1.72489   -1.46560
     93.49     20000   -0.55440   -2.13679   -1.55645   -1.55436   -1.37731
    116.82     25000   -0.46813   -1.70838   -1.46820   -1.45150   -1.26994
    140.14     30000   -0.41573   -1.61822   -1.52816   -1.52474   -1.19774
    163.47     35000   -0.43839   -1.92775   -1.84719   -1.92153   -1.28739
    186.80     40000   -0.60279   -1.91009   -1.83651   -1.83277   -1.40233
    210.12     45000   -0.78780   -1.89755   -1.76395   -1.78164   -1.48672
    233.45     50000   -0.89525   -2.12868   -2.03307   -1.98796   -1.60777
    256.77     55000   -0.98190   -2.37609   -2.45431   -2.42781   -1.73449
    280.09     60000   -1.07037   -2.31206   -2.10631   -2.11007   -1.77396
    303.42     65000   -1.10364   -2.12903   -2.00407   -1.97251   -1.74663
    326.74     70000   -1.07289   -2.22074   -2.15349   -2.11202   -1.76509
    350.06     75000   -1.11371   -2.47458   -2.59991   -2.49961   -1.84879
    373.39     80000   -1.22845   -2.35088   -2.29376   -2.25828   -1.91003
    396.71     85000   -1.33486   -2.33966   -2.21962   -2.21348   -1.94487
    420.03     90000   -1.34410   -2.54892   -2.47542   -2.44599   -2.02093
    443.36     95000   -1.41314   -2.75278   -2.86816   -2.81947   -2.12248
    466.68    100000   -1.50881   -2.60688   -2.46539   -2.46801   -2.16221
 ITERATION...
    490.00      5000   -1.53006   -2.56591   -2.44145   -2.41734   -2.16530
    513.33     10000   -1.53386   -2.76520   -2.71963   -2.65754   -2.22050
    536.65     15000   -1.60056   -2.95365   -3.00335   -2.94461   -2.31129
    559.98     20000   -1.70952   -2.76535   -2.66074   -2.63620   -2.35392
    583.30     25000   -1.73498   -2.80015   -2.68497   -2.66414   -2.38433
    606.63     30000   -1.77133   -3.06370   -3.04889   -2.99899   -2.46416
    629.95     35000   -1.85540   -3.12363   -3.10942   -3.08694   -2.55234
    653.28     40000   -1.94612   -2.97254   -2.84561   -2.83893   -2.57681
    676.60     45000   -1.93771   -3.03227   -2.91967   -2.89576   -2.60071
    699.94     50000   -1.97540   -3.31370   -3.35801   -3.27147   -2.68026
    723.28     55000   -2.07114   -3.30580   -3.23858   -3.22265   -2.76044
    746.63     60000   -2.16574   -3.17642   -3.05523   -3.03569   -2.78426
    769.97     65000   -2.15613   -3.28446   -3.18539   -3.15441   -2.82526
    793.33     70000   -2.20520   -3.59140   -3.69946   -3.60273   -2.91558
    816.67     75000   -2.30975   -3.47275   -3.38404   -3.36830   -2.98425
    840.03     80000   -2.39075   -3.38601   -3.26284   -3.24797   -2.99978
    863.37     85000   -2.36929   -3.53164   -3.44446   -3.41299   -3.04595
    886.72     90000   -2.42444   -3.81241   -3.95472   -3.85583   -3.13790
    910.09     95000   -2.53203   -3.65257   -3.54437   -3.53392   -3.19564
    933.45    100000   -2.58246   -3.60964   -3.48733   -3.46777   -3.21360
    956.82      5000   -2.59056   -3.79917   -3.73532   -3.69214   -3.27316
    980.19     10000   -2.65587   -4.03309   -4.10560   -4.04594   -3.36679
   1003.54     15000   -2.76079   -3.83808   -3.72064   -3.70648   -3.41121
   1026.91     20000   -2.78324   -3.83437   -3.71597   -3.69479   -3.43018
   1050.28     25000   -2.80635   -4.06378   -4.02945   -3.97967   -3.49842
   1073.64     30000   -2.88457   -4.20478   -4.21388   -4.17970   -3.58869
   1096.99     35000   -2.98489   -4.03040   -3.90766   -3.89511   -3.62269
   1120.33     40000   -2.99082   -4.07185   -3.95740   -3.93403   -3.64858
   1143.69     45000   -3.02587   -4.33890   -4.35504   -4.28659   -3.72706
   1167.06     50000   -3.11713   -4.38007   -4.32705   -4.30910   -3.81116
   1190.38     55000   -3.21035   -4.23208   -4.10556   -4.09045   -3.83570
   1213.71     60000   -3.20178   -4.31351   -4.20720   -4.17941   -3.86888
   1237.04     65000   -3.24497   -4.60671   -4.68679   -4.59710   -3.95453
   1260.39     70000   -3.34718   -4.54614   -4.46477   -4.44960   -4.02918
   1283.76     75000   -3.43585   -4.43994   -4.31366   -4.29773   -4.04832
   1307.13     80000   -3.41944   -4.56532   -4.46996   -4.43892   -4.09150
   1330.50     85000   -3.47071   -4.85824   -4.99695   -4.89271   -4.18268
   1353.85     90000   -3.57624   -4.72039   -4.61685   -4.60513   -4.24583
   1377.20     95000   -3.64075   -4.65620   -4.53009   -4.51227   -4.26246
   1400.54    100000   -3.63662   -4.82355   -4.74518   -4.70713   -4.31579
   1423.90      5000   -3.69637   -5.08249   -5.19965   -5.11751   -4.40911
   1447.27     10000   -3.80247   -4.90104   -4.78693   -4.77427   -4.45988
   1470.64     15000   -3.83754   -4.87956   -4.75682   -4.73686   -4.47793
   1493.99     20000   -3.85465   -5.09009   -5.03743   -4.99162   -4.54193
   1517.34     25000   -3.92611   -5.27403   -5.31461   -5.27005   -4.63416
   1540.68     30000   -4.02934   -5.08937   -4.96792   -4.95529   -4.67299
   1564.03     35000   -4.04219   -5.11046   -4.99173   -4.96952   -4.69533
   1587.38     40000   -4.07280   -5.36095   -5.34774   -5.28835   -4.76914
   1610.72     45000   -4.15753   -5.44872   -5.42318   -5.39861   -4.85663
   1634.08     50000   -4.25395   -5.28640   -5.16148   -5.14746   -4.88533
   1657.44     55000   -4.25120   -5.34935   -5.23772   -5.21227   -4.91473
   1680.80     60000   -4.29177   -5.63280   -5.67818   -5.59980   -4.99715
   1704.17     65000   -4.38848   -5.61652   -5.54834   -5.53214   -5.07665
   1727.54     70000   -4.47931   -5.49062   -5.36418   -5.34894   -5.09797
   1750.91     75000   -4.46571   -5.59575   -5.49362   -5.46453   -5.13622
   1774.27     80000   -4.51375   -5.89341   -6.00832   -5.90738   -5.22511
   1797.64     85000   -4.61879   -5.78748   -5.69393   -5.68095   -5.29398
   1821.01     90000   -4.70128   -5.70309   -5.57702   -5.56012   -5.31134
   1844.36     95000   -4.68308   -5.85059   -5.76295   -5.72859   -5.35971
   1867.71    100000   -4.73914   -6.13121   -6.26928   -6.17199   -5.45241
   1891.06      5000   -4.84628   -5.96459   -5.85551   -5.84326   -5.50917
   1914.43     10000   -4.89406   -5.92272   -5.79850   -5.77968   -5.52610
   1937.76     15000   -4.90173   -6.11284   -6.04623   -6.00478   -5.58500
   1961.08     20000   -4.96713   -6.33698   -6.41647   -6.35524   -5.67822
   1984.42     25000   -5.07237   -6.14954   -6.03156   -6.01906   -5.72265
   2007.78     30000   -5.09526   -6.15022   -6.02961   -6.00858   -5.74254
   2031.12     35000   -5.11947   -6.38201   -6.34783   -6.29579   -5.81174
   2054.47     40000   -5.19818   -6.51815   -6.52138   -6.48926   -5.90197
   2077.81     45000   -5.29792   -6.34244   -6.21912   -6.20574   -5.93526
   2101.15     50000   -5.30268   -6.38514   -6.27001   -6.24620   -5.96096
   2124.50     55000   -5.33787   -6.65410   -6.66881   -6.60057   -6.03945
   2147.85     60000   -5.42945   -6.68776   -6.63794   -6.61859   -6.12319
   2171.20     65000   -5.52282   -6.54333   -6.41760   -6.40300   -6.14767
   2194.56     70000   -5.51427   -6.62806   -6.52109   -6.49392   -6.18144
   2217.91     75000   -5.55778   -6.92181   -7.00414   -6.91361   -6.26751
   2241.27     80000   -5.66024   -6.85660   -6.77373   -6.75966   -6.34179
   2264.64     85000   -5.74835   -6.75189   -6.62550   -6.60942   -6.36062
   2288.02     90000   -5.73171   -6.87881   -6.78359   -6.75195   -6.40399
   2311.39     95000   -5.78322   -7.17230   -7.31052   -7.20570   -6.49523
   2334.76    100000   -5.88864   -7.03053   -6.92814   -6.91568   -6.55795
   2358.13      5000   -5.95228   -6.96812   -6.84291   -6.82505   -6.57465
   2381.47     10000   -5.94922   -7.13765   -7.05991   -7.02225   -6.62844
   2404.82     15000   -6.00928   -7.39364   -7.50855   -7.42870   -6.72185
   2428.17     20000   -6.11528   -7.21159   -7.09736   -7.08510   -6.77217
   2451.51     25000   -6.14928   -7.19180   -7.06925   -7.04934   -6.79024
   2474.86     30000   -6.16703   -7.40372   -7.35218   -7.30577   -6.85454
   2498.21     35000   -6.23878   -7.58533   -7.62364   -7.57979   -6.94666
   2521.56     40000   -6.34199   -7.40071   -7.27966   -7.26675   -6.98511
   2544.90     45000   -6.35424   -7.42316   -7.30517   -7.28277   -7.00768
   2568.24     50000   -6.38511   -7.67510   -7.66379   -7.60426   -7.08185
   2591.57     55000   -6.47051   -7.75884   -7.73168   -7.70757   -7.16914
   2614.89     60000   -6.56652   -7.59773   -7.47292   -7.45896   -7.19752
   2638.21     65000   -6.56330   -7.66216   -7.55089   -7.52545   -7.22716
   2661.53     70000   -6.60408   -7.94621   -7.99417   -7.91490   -7.30983
   2684.85     75000   -6.70124   -7.92713   -7.85822   -7.84221   -7.38900
   2708.17     80000   -6.79183   -7.80265   -7.67641   -7.66107   -7.41013
   2731.49     85000   -6.77805   -7.90915   -7.80774   -7.77842   -7.44872
   2754.81     90000   -6.82644   -8.20683   -8.32386   -8.22274   -7.53780
   2778.13     95000   -6.93153   -8.09814   -8.00394   -7.99098   -7.60630
   2801.46    100000   -7.01260   -8.01516   -7.88921   -7.87224   -7.62357
   2824.78      5000   -6.99541   -8.16408   -8.07704   -8.04254   -7.67228
   2848.10     10000   -7.05173   -8.44324   -8.58113   -8.48435   -7.76504
   2871.42     15000   -7.15902   -8.27563   -8.16640   -8.15417   -7.82138
   2894.74     20000   -7.20569   -8.23528   -8.11127   -8.09239   -7.83836
   2918.06     25000   -7.21401   -8.42683   -8.36129   -8.31954   -7.89762
   2941.38     30000   -7.27992   -8.64837   -8.72486   -8.66526   -7.99081
   2964.70     35000   -7.38496   -8.46082   -8.34259   -8.33005   -8.03485
   2988.03     40000   -7.40712   -8.46290   -8.34248   -8.32133   -8.05488
   3011.35     45000   -7.43184   -8.69604   -8.66318   -8.61068   -8.12441
   3034.68     50000   -7.51091   -8.82889   -8.83030   -8.79862   -8.21447
   3058.00     55000   -7.61054   -8.65406   -8.53075   -8.51733   -8.24742
   3081.32     60000   -7.61466   -8.69821   -8.58339   -8.55950   -8.27336
   3104.65     65000   -7.65030   -8.96826   -8.98512   -8.91627   -8.35214
   3127.98     70000   -7.74233   -8.99835   -8.94701   -8.92803   -8.43561
   3151.32     75000   -7.83552   -8.85517   -8.72938   -8.71474   -8.45984
   3174.65     80000   -7.82657   -8.94131   -8.83468   -8.80736   -8.49392
   3197.95     85000   -7.87028   -9.23558   -9.32030   -9.22889   -8.58020
   3221.26     90000   -7.97297   -9.16738   -9.08379   -9.06976   -8.65412
MyID= 0: Time=  0.1,has convergenced
     1685184 iterations for the convertgence of psi
 MyID=           0 has finish
