 START-UP FOR CHUNK...
     23.48      5000   -0.61064   -2.03547   -2.10369   -2.07298   -1.28821
     46.85     10000   -0.78939   -2.13693   -2.00449   -2.07511   -1.51416
     70.23     15000   -0.80025   -2.23839   -1.89641   -1.93180   -1.57513
     93.60     20000   -0.73056   -2.40897   -1.74136   -1.73957   -1.52011
    116.97     25000   -0.60980   -1.95656   -1.56827   -1.56359   -1.39250
    140.34     30000   -0.50951   -1.66530   -1.45911   -1.46019   -1.25815
    163.71     35000   -0.43563   -1.65322   -1.56034   -1.53848   -1.18897
    187.08     40000   -0.47959   -1.86898   -1.89273   -2.07684   -1.26967
    210.45     45000   -0.61769   -1.86611   -1.76422   -1.74431   -1.35917
    233.82     50000   -0.80767   -1.87008   -1.74772   -1.73353   -1.45442
    257.19     55000   -0.88534   -2.11006   -2.07743   -2.03556   -1.58488
    280.56     60000   -0.96387   -2.30637   -2.31478   -2.35530   -1.67980
    303.93     65000   -1.00808   -2.12246   -1.95353   -1.94287   -1.66815
    327.30     70000   -0.99051   -2.03137   -1.92318   -1.89321   -1.63856
    350.67     75000   -0.97327   -2.19572   -2.21738   -2.16922   -1.67891
    374.04     80000   -1.04005   -2.32659   -2.33833   -2.30716   -1.75056
    397.41     85000   -1.14772   -2.20390   -2.08081   -2.05870   -1.78694
    420.78     90000   -1.18623   -2.29952   -2.19522   -2.17473   -1.85172
    444.15     95000   -1.23995   -2.55319   -2.71073   -2.66913   -1.95062
    467.52    100000   -1.31927   -2.51149   -2.39505   -2.39001   -1.99827
 ITERATION...
    490.89      5000   -1.36863   -2.39997   -2.26169   -2.24236   -1.99162
    514.26     10000   -1.34163   -2.50441   -2.44903   -2.41404   -2.02886
    537.63     15000   -1.39209   -2.73867   -2.86225   -2.84907   -2.10973
    561.00     20000   -1.48579   -2.60429   -2.47997   -2.45793   -2.14996
    584.37     25000   -1.52916   -2.60439   -2.48133   -2.45670   -2.18388
    607.74     30000   -1.55963   -2.82796   -2.83743   -2.80410   -2.26652
    631.11     35000   -1.64004   -2.91318   -2.87823   -2.86475   -2.33894
    654.48     40000   -1.71292   -2.76580   -2.62778   -2.60993   -2.34836
    677.84     45000   -1.70335   -2.82270   -2.72587   -2.70048   -2.37813
    701.21     50000   -1.73970   -3.07302   -3.21024   -3.17733   -2.45918
    724.58     55000   -1.82915   -3.01241   -2.90663   -2.89117   -2.51253
    747.95     60000   -1.89887   -2.93967   -2.80885   -2.78632   -2.53182
    771.32     65000   -1.90304   -3.09718   -3.04209   -3.01133   -2.59556
    794.69     70000   -1.96787   -3.31083   -3.39052   -3.37356   -2.68006
    818.06     75000   -2.04965   -3.14848   -3.01683   -2.99820   -2.70579
    841.43     80000   -2.06540   -3.14601   -3.03051   -3.00641   -2.72625
    864.80     85000   -2.08847   -3.36720   -3.40338   -3.37158   -2.80063
    888.17     90000   -2.17219   -3.43050   -3.37364   -3.36014   -2.86981
    911.54     95000   -2.25839   -3.29897   -3.16403   -3.14374   -2.88681
    934.90    100000   -2.25371   -3.38679   -3.29677   -3.27004   -2.93181
    958.27      5000   -2.29981   -3.64660   -3.80079   -3.76811   -3.01845
    981.64     10000   -2.38679   -3.55067   -3.43302   -3.41709   -3.06329
   1005.01     15000   -2.43648   -3.48579   -3.35769   -3.33482   -3.07695
   1028.38     20000   -2.44078   -3.65009   -3.61347   -3.58311   -3.13895
   1051.75     25000   -2.50988   -3.83796   -3.88159   -3.86999   -3.22024
   1075.12     30000   -2.59418   -3.67938   -3.54530   -3.52617   -3.24537
   1098.50     35000   -2.61012   -3.70041   -3.58772   -3.56299   -3.27417
   1121.87     40000   -2.64057   -3.93733   -4.00284   -3.96706   -3.35444
   1145.24     45000   -2.72489   -3.96344   -3.88642   -3.87292   -3.41835
   1168.61     50000   -2.80832   -3.84270   -3.70729   -3.68650   -3.43147
   1191.98     55000   -2.79636   -3.94400   -3.86310   -3.83544   -3.47805
   1215.35     60000   -2.84563   -4.19625   -4.34850   -4.32494   -3.56386
   1238.72     65000   -2.93311   -4.07712   -3.95409   -3.93724   -3.60462
   1262.09     70000   -2.97461   -4.03319   -3.90653   -3.88335   -3.62214
   1285.46     75000   -2.98783   -4.21694   -4.19557   -4.16372   -3.68990
   1308.83     80000   -3.06116   -4.37282   -4.38422   -4.37184   -3.76851
   1332.20     85000   -3.14487   -4.21643   -4.08104   -4.06185   -3.78916
   1355.57     90000   -3.15170   -4.25408   -4.14671   -4.12149   -3.82046
   1378.94     95000   -3.18589   -4.50061   -4.59524   -4.56004   -3.90241
   1402.30    100000   -3.27264   -4.48849   -4.39708   -4.38284   -3.96166
   1425.67      5000   -3.35527   -4.38372   -4.24963   -4.22824   -3.97514
   1449.04     10000   -3.34149   -4.50455   -4.43258   -4.40412   -4.02707
   1472.41     15000   -3.39637   -4.74649   -4.88276   -4.86199   -4.11272
   1495.78     20000   -3.48145   -4.60820   -4.48142   -4.46402   -4.14816
   1519.15     25000   -3.51459   -4.58152   -4.45855   -4.43508   -4.16745
   1542.52     30000   -3.53217   -4.78117   -4.77999   -4.74756   -4.23866
   1565.89     35000   -3.61015   -4.90274   -4.88295   -4.87094   -4.31393
   1589.26     40000   -3.69304   -4.75251   -4.61669   -4.59697   -4.33206
   1612.63     45000   -3.69544   -4.80858   -4.70718   -4.68128   -4.36782
   1636.00     50000   -3.73352   -5.06303   -5.18617   -5.15062   -4.45182
   1659.37     55000   -3.82041   -5.01637   -4.91388   -4.89874   -4.50584
   1682.74     60000   -3.89101   -4.92718   -4.79507   -4.77324   -4.51930
   1706.10     65000   -3.88466   -5.06536   -5.00527   -4.97619   -4.57551
   1729.48     70000   -3.94557   -5.29055   -5.39525   -5.37983   -4.66006
   1752.84     75000   -4.03046   -5.13982   -5.00946   -4.99151   -4.69100
   1776.21     80000   -4.05497   -5.13106   -5.01167   -4.98769   -4.71329
   1799.58     85000   -4.07785   -5.34611   -5.36778   -5.33396   -4.78813
   1822.95     90000   -4.15988   -5.43195   -5.38705   -5.37436   -4.85947
   1846.32     95000   -4.24335   -5.29116   -5.15534   -5.13514   -4.87532
   1869.69    100000   -4.23940   -5.36487   -5.27044   -5.24395   -4.91529
   1893.06      5000   -4.28148   -5.62250   -5.76806   -5.73540   -5.00053
   1916.43     10000   -4.36949   -5.54424   -5.43243   -5.41665   -5.04938
   1939.80     15000   -4.42750   -5.47188   -5.34162   -5.31932   -5.06378
   1963.17     20000   -4.42972   -5.62762   -5.58060   -5.55057   -5.12445
   1986.54     25000   -4.49501   -5.83053   -5.89914   -5.88582   -5.20725
   2009.91     30000   -4.57928   -5.67340   -5.54057   -5.52211   -5.23393
   2033.28     35000   -4.59736   -5.68240   -5.56718   -5.54272   -5.25945
   2056.65     40000   -4.62452   -5.91131   -5.95901   -5.92431   -5.33741
   2080.02     45000   -4.70888   -5.95949   -5.89354   -5.88029   -5.40440
   2103.39     50000   -4.79208   -5.83085   -5.69536   -5.67470   -5.41875
   2126.76     55000   -4.78346   -5.92249   -5.83572   -5.80854   -5.46319
   2150.13     60000   -4.83064   -6.17866   -6.33440   -6.30554   -5.54910
   2173.50     65000   -4.91778   -6.07327   -5.95449   -5.93806   -5.59273
   2196.87     70000   -4.96530   -6.01814   -5.89031   -5.86757   -5.60859
   2220.23     75000   -4.97364   -6.19109   -6.15948   -6.12855   -5.67349
   2243.60     80000   -5.04469   -6.36632   -6.39803   -6.38596   -5.75391
   2266.97     85000   -5.12826   -6.20805   -6.07349   -6.05453   -5.77685
   2290.34     90000   -5.14002   -6.23495   -6.12444   -6.09944   -5.80603
   2313.71     95000   -5.17237   -6.47587   -6.55210   -6.51652   -5.88669
   2337.08    100000   -5.25681   -6.48664   -6.40408   -6.39008   -5.94894
   2360.45      5000   -5.34201   -6.37205   -6.23748   -6.21636   -5.96243
   2383.82     10000   -5.32804   -6.48152   -6.40373   -6.37588   -6.01137
   2407.19     15000   -5.37967   -6.73067   -6.87922   -6.85600   -6.09731
   2430.56     20000   -5.46638   -6.60324   -6.47897   -6.46195   -6.13588
   2453.93     25000   -5.50403   -6.56567   -6.44065   -6.41745   -6.15377
   2477.30     30000   -5.51953   -6.75534   -6.74165   -6.70966   -6.22270
   2500.66     35000   -5.59429   -6.89879   -6.89738   -6.88542   -6.30011
   2524.03     40000   -5.67735   -6.74418   -6.60866   -6.58921   -6.31985
   2547.40     45000   -5.68279   -6.78896   -6.68391   -6.65837   -6.35297
   2570.78     50000   -5.71839   -7.03919   -7.14499   -7.10937   -6.43583
   2594.14     55000   -5.80536   -7.01374   -6.91784   -6.90314   -6.49308
   2617.51     60000   -5.88310   -6.91456   -6.78129   -6.75973   -6.50638
   2640.90     65000   -5.87207   -7.04181   -6.97437   -6.94574   -6.55986
   2664.26     70000   -5.92921   -7.27807   -7.40332   -7.38514   -6.64514
   2687.63     75000   -6.01427   -7.13448   -7.00611   -6.98851   -6.67888
   2711.02     80000   -6.04418   -7.11463   -6.99293   -6.96926   -6.69932
   2734.42     85000   -6.06384   -7.32027   -7.32746   -7.29441   -6.77200
   2757.80     90000   -6.14336   -7.42872   -7.39878   -7.38650   -6.84582
   2781.19     95000   -6.22642   -7.28165   -7.14573   -7.12581   -6.86298
   2804.58    100000   -6.22638   -7.34433   -7.24550   -7.21936   -6.90028
   2827.97      5000   -6.26638   -7.60044   -7.73316   -7.69863   -6.98480
   2851.37     10000   -6.35328   -7.54132   -7.43493   -7.41955   -7.03687
   2874.75     15000   -6.41930   -7.45850   -7.32697   -7.30496   -7.05065
   2898.14     20000   -6.41618   -7.60340   -7.54798   -7.51853   -7.10859
   2921.51     25000   -6.47910   -7.82077   -7.91221   -7.89766   -7.19256
   2944.90     30000   -6.56414   -7.66699   -7.53556   -7.51743   -7.22181
   2968.29     35000   -6.58533   -7.66495   -7.54706   -7.52290   -7.24527
   2991.67     40000   -6.61011   -7.88545   -7.91665   -7.88250   -7.32133
   3015.06     45000   -6.69327   -7.95699   -7.90347   -7.89060   -7.39107
   3038.45     50000   -6.77660   -7.82055   -7.68477   -7.66438   -7.40628
   3061.83     55000   -6.77078   -7.90111   -7.80941   -7.78266   -7.44795
   3085.21     60000   -6.81443   -8.15880   -8.31003   -8.27850   -7.53352
   3108.60     65000   -6.90273   -8.06965   -7.95501   -7.93898   -7.58037
   3132.00     70000   -6.95630   -8.00381   -7.87442   -7.85196   -7.59524
   3155.41     75000   -6.96065   -8.16613   -8.12470   -8.09435   -7.65754
   3178.82     80000   -7.02849   -8.35905   -8.41331   -8.40067   -7.73952
   3202.23     85000   -7.11214   -8.20086   -8.06728   -8.04863   -7.76471
   3225.64     90000   -7.12847   -8.21668   -8.10317   -8.07850   -7.79159
   3249.05     95000   -7.15697   -8.45044   -8.50871   -8.47361   -7.87064
   3272.47    100000   -7.24151   -8.48433   -8.41165   -8.39810   -7.93586
   3295.89      5000   -7.32530   -8.36083   -8.22565   -8.20482   -7.94980
   3319.30     10000   -7.31496   -8.45926   -8.37576   -8.34834   -7.99594
   3342.72     15000   -7.36366   -8.71343   -8.86853   -8.84180   -8.08194
   3366.13     20000   -7.45074   -8.59898   -8.47794   -8.46128   -8.12363
   3389.54     25000   -7.49425   -8.55051   -8.42369   -8.40078   -8.14020
   3412.96     30000   -7.50533   -8.72989   -8.70477   -8.67344   -8.20667
   3436.37     35000   -7.57779   -8.89349   -8.91213   -8.90017   -8.28601
   3459.78     40000   -7.66189   -8.73610   -8.60111   -8.58196   -8.30766
   3483.19     45000   -7.67052   -8.76980   -8.66129   -8.63609   -8.33830
   3506.59     50000   -7.70411   -9.01461   -9.10213   -9.06645   -8.41987
   3530.01     55000   -7.78993   -9.01137   -8.92337   -8.90911   -8.48024
   3553.42     60000   -7.87437   -8.90251   -8.76839   -8.74710   -8.49358
   3576.83     65000   -7.85947   -9.01876   -8.94473   -8.91658   -8.54425
   3600.24     70000   -7.91322   -9.26372   -9.40510   -9.38390   -8.63002
   3623.65     75000   -7.99884   -9.12945   -9.00348   -8.98624   -8.66671
MyID= 0: Time=  0.1,has convergenced
     1686742 iterations for the convertgence of psi
 MyID=           0 has finish
