 START-UP FOR CHUNK...
     23.59      5000   -0.54476   -1.99740   -1.84822   -1.76020   -1.27923
     46.99     10000   -0.63762   -2.18190   -1.70268   -1.77631   -1.44080
     70.38     15000   -0.58465   -2.24649   -1.60008   -1.65364   -1.41614
     93.77     20000   -0.49546   -2.01763   -1.50804   -1.49986   -1.32912
    117.16     25000   -0.43079   -1.64095   -1.46371   -1.45000   -1.23823
    140.55     30000   -0.40175   -1.72143   -1.64269   -1.62698   -1.21180
    163.94     35000   -0.46181   -1.95558   -1.82217   -1.95800   -1.34731
    187.33     40000   -0.67300   -1.90587   -1.81017   -1.79396   -1.45512
    210.71     45000   -0.88144   -1.96564   -1.82669   -1.85080   -1.55539
    234.10     50000   -0.94551   -2.26897   -2.16841   -2.14533   -1.67969
    257.49     55000   -1.02422   -2.40981   -2.36733   -2.37784   -1.80078
    280.88     60000   -1.12313   -2.32419   -2.10056   -2.12253   -1.82773
    304.27     65000   -1.16685   -2.19481   -2.06762   -2.04190   -1.80979
    327.66     70000   -1.13792   -2.34380   -2.27578   -2.22648   -1.84591
    351.05     75000   -1.19227   -2.61429   -2.63481   -2.53586   -1.94321
    374.44     80000   -1.32406   -2.43457   -2.35833   -2.31258   -2.00547
    397.83     85000   -1.43130   -2.42042   -2.31251   -2.30238   -2.04102
    421.21     90000   -1.43453   -2.65542   -2.56478   -2.55056   -2.11547
    444.60     95000   -1.50416   -2.86321   -2.94974   -2.86526   -2.22271
    467.99    100000   -1.62095   -2.71433   -2.57144   -2.58224   -2.27667
 ITERATION...
    491.38      5000   -1.66310   -2.67610   -2.53820   -2.52899   -2.28367
    514.77     10000   -1.65223   -2.86045   -2.78258   -2.72907   -2.33400
    538.16     15000   -1.71564   -3.13883   -3.18045   -3.08756   -2.43241
    561.54     20000   -1.84121   -2.93292   -2.81979   -2.79472   -2.49386
    584.93     25000   -1.89019   -2.90766   -2.79174   -2.76902   -2.51861
    608.32     30000   -1.90680   -3.12689   -3.04658   -3.01377   -2.58333
    631.71     35000   -1.97554   -3.35776   -3.42077   -3.32625   -2.68471
    655.10     40000   -2.09584   -3.15748   -3.03803   -3.03268   -2.74053
    678.48     45000   -2.12053   -3.14790   -3.01602   -3.00840   -2.75622
    701.87     50000   -2.13380   -3.36193   -3.28152   -3.23753   -2.81475
    725.26     55000   -2.20339   -3.60132   -3.63320   -3.55841   -2.91370
    748.65     60000   -2.32618   -3.39846   -3.27311   -3.26214   -2.97016
    772.04     65000   -2.35288   -3.38999   -3.26713   -3.24600   -2.99193
    795.42     70000   -2.37756   -3.61789   -3.54712   -3.50009   -3.05698
    818.81     75000   -2.44838   -3.84070   -3.85406   -3.77854   -3.15688
    842.20     80000   -2.57004   -3.62071   -3.50028   -3.48784   -3.20937
    865.59     85000   -2.58475   -3.62291   -3.49778   -3.48481   -3.22855
    888.98     90000   -2.61069   -3.85813   -3.78601   -3.74253   -3.29288
    912.36     95000   -2.68313   -4.05824   -4.06988   -4.00561   -3.39172
    935.75    100000   -2.80495   -3.85704   -3.73106   -3.72344   -3.44284
    959.14      5000   -2.81790   -3.86787   -3.74362   -3.72607   -3.46451
    982.53     10000   -2.84914   -4.11154   -4.05119   -3.99786   -3.53254
   1005.92     15000   -2.92486   -4.30128   -4.27998   -4.22573   -3.63163
   1029.31     20000   -3.04524   -4.08698   -3.96063   -3.94838   -3.67972
   1052.69     25000   -3.05101   -4.10237   -3.98017   -3.96280   -3.70110
   1076.08     30000   -3.08439   -4.35459   -4.29600   -4.24546   -3.77022
   1099.47     35000   -3.16262   -4.51792   -4.50134   -4.44725   -3.86837
   1122.86     40000   -3.28258   -4.31846   -4.19260   -4.18359   -3.91438
   1146.25     45000   -3.28519   -4.34560   -4.22328   -4.20653   -3.93725
   1169.64     50000   -3.32164   -4.60601   -4.55836   -4.50096   -4.00899
   1193.03     55000   -3.40277   -4.75105   -4.70869   -4.66801   -4.10694
   1216.42     60000   -3.52097   -4.55183   -4.42188   -4.41138   -4.15047
   1239.80     65000   -3.51925   -4.58365   -4.46258   -4.44338   -4.17395
   1263.19     70000   -3.55859   -4.85213   -4.80917   -4.74929   -4.24736
   1286.58     75000   -3.64182   -4.97465   -4.93133   -4.88853   -4.34427
   1309.97     80000   -3.75850   -4.78310   -4.65580   -4.64530   -4.38552
   1333.36     85000   -3.75407   -4.82534   -4.70566   -4.68750   -4.41032
   1356.74     90000   -3.79588   -5.10228   -5.06978   -5.00624   -4.48592
   1380.13     95000   -3.88224   -5.19981   -5.14117   -5.10830   -4.58220
   1403.52    100000   -3.99739   -5.01633   -4.88524   -4.87543   -4.62130
   1426.91      5000   -3.98833   -5.06557   -4.94586   -4.92592   -4.64713
   1450.29     10000   -4.03233   -5.35016   -5.32446   -5.25517   -4.72454
   1473.68     15000   -4.12132   -5.42686   -5.36309   -5.33006   -4.81962
   1497.07     20000   -4.23464   -5.24922   -5.12012   -5.10914   -4.85649
   1520.46     25000   -4.22344   -5.30719   -5.18990   -5.16980   -4.88371
   1543.85     30000   -4.26912   -5.60009   -5.58519   -5.51265   -4.96312
   1567.24     35000   -4.36136   -5.64985   -5.57655   -5.54917   -5.05721
   1590.63     40000   -4.47255   -5.48187   -5.35061   -5.34051   -5.09213
   1614.01     45000   -4.45854   -5.54827   -5.43073   -5.40985   -5.12066
   1637.40     50000   -4.50635   -5.84825   -5.84181   -5.76265   -5.20183
   1660.79     55000   -4.60135   -5.87679   -5.79818   -5.77214   -5.29449
   1684.18     60000   -4.71023   -5.71602   -5.58578   -5.57477   -5.32739
   1707.57     65000   -4.69437   -5.79058   -5.67563   -5.65379   -5.35743
   1730.95     70000   -4.74325   -6.09820   -6.10335   -6.01977   -5.44047
   1754.34     75000   -4.84112   -6.10054   -6.01453   -5.99174   -5.53183
   1777.73     80000   -4.94884   -5.94887   -5.81761   -5.80692   -5.56298
   1801.12     85000   -4.93029   -6.03214   -5.91740   -5.89507   -5.59454
   1824.50     90000   -4.97984   -6.34591   -6.36088   -6.27059   -5.67922
   1847.89     95000   -5.08077   -6.32666   -6.23676   -6.21542   -5.76892
   1871.28    100000   -5.18582   -6.18361   -6.05300   -6.04187   -5.79828
   1894.67      5000   -5.16665   -6.27520   -6.16294   -6.13950   -5.83149
   1918.06     10000   -5.21659   -6.59526   -6.62248   -6.52674   -5.91791
   1941.44     15000   -5.32115   -6.55152   -6.45527   -6.43623   -6.00604
   1964.83     20000   -5.42358   -6.41721   -6.28601   -6.27478   -6.03386
   1988.22     25000   -5.40212   -6.51735   -6.40587   -6.38175   -6.06875
   2011.61     30000   -5.45378   -6.84220   -6.88003   -6.77750   -6.15668
   2034.99     35000   -5.56059   -6.77749   -6.67854   -6.66048   -6.24291
   2058.38     40000   -5.66122   -6.65232   -6.52180   -6.51031   -6.26921
   2081.77     45000   -5.63787   -6.76103   -6.65201   -6.62686   -6.30590
   2105.16     50000   -5.69128   -7.09010   -7.13990   -7.03195   -6.39538
   2128.54     55000   -5.80050   -7.00307   -6.89886   -6.88265   -6.47980
   2151.93     60000   -5.89869   -6.88675   -6.75580   -6.74409   -6.50481
   2175.32     65000   -5.87390   -7.00393   -6.89615   -6.87003   -6.54331
   2198.70     70000   -5.92869   -7.33579   -7.39580   -7.28140   -6.63414
   2222.09     75000   -6.04053   -7.22949   -7.12321   -7.10758   -6.71646
   2245.48     80000   -6.13563   -7.12229   -6.99211   -6.98011   -6.74024
   2268.87     85000   -6.11040   -7.24818   -7.14300   -7.11586   -6.78064
   2292.25     90000   -6.16545   -7.58153   -7.65137   -7.53299   -6.87284
   2315.64     95000   -6.28014   -7.45564   -7.34522   -7.33103   -6.95313
   2339.03    100000   -6.37323   -7.35747   -7.22698   -7.21476   -6.97588
   2362.42      5000   -6.34646   -7.49188   -7.38832   -7.36000   -7.01820
   2385.81     10000   -6.40261   -7.82529   -7.90285   -7.77974   -7.11158
   2409.19     15000   -6.51962   -7.68272   -7.57057   -7.55678   -7.18958
   2432.58     20000   -6.61007   -7.59355   -7.46386   -7.45129   -7.21139
   2455.97     25000   -6.58286   -7.73675   -7.63602   -7.60656   -7.25571
   2479.35     30000   -6.64013   -8.06833   -8.15103   -8.02702   -7.35025
   2502.74     35000   -6.75975   -7.90950   -7.79415   -7.78141   -7.42604
   2526.13     40000   -6.84003   -7.82939   -7.69956   -7.68676   -7.44710
   2549.52     45000   -6.81958   -7.98123   -7.88252   -7.85173   -7.49343
   2572.90     50000   -6.87805   -8.30943   -8.39493   -8.26966   -7.58893
   2596.29     55000   -6.99892   -8.13725   -8.02046   -8.00801   -7.66230
   2619.68     60000   -7.07058   -8.06606   -7.93702   -7.92383   -7.68272
   2643.06     65000   -7.05674   -8.22675   -8.13119   -8.09906   -7.73111
   2666.45     70000   -7.11633   -8.54936   -8.63326   -8.51137   -7.82755
   2689.84     75000   -7.23841   -8.36476   -8.24547   -8.23376   -7.89856
   2713.22     80000   -7.30151   -8.30255   -8.17355   -8.16008   -7.91851
   2736.61     85000   -7.29422   -8.47201   -8.37891   -8.34527   -7.96897
   2760.00     90000   -7.35501   -8.78735   -8.86772   -8.74886   -8.06615
   2783.38     95000   -7.47740   -8.59316   -8.47271   -8.46122   -8.13464
   2806.77    100000   -7.53245   -8.53981   -8.41160   -8.39772   -8.15424
   2830.16      5000   -7.53196   -8.71821   -8.62864   -8.59343   -8.20683
   2853.55     10000   -7.59388   -9.02392   -9.09594   -8.98444   -8.30469
   2876.94     15000   -7.71639   -8.82143   -8.69902   -8.68803   -8.37071
   2900.32     20000   -7.76368   -8.77695   -8.64893   -8.63473   -8.39013
   2923.71     25000   -7.76817   -8.96422   -8.87765   -8.84070   -8.44483
   2947.10     30000   -7.83253   -9.25868   -9.32161   -9.21653   -8.54319
   2970.49     35000   -7.95558   -9.05049   -8.92717   -8.91632   -8.60663
MyID= 0: Time=  0.1,has convergenced
     1682683 iterations for the convertgence of psi
 MyID=           0 has finish
