 START-UP FOR CHUNK...
     23.53      5000   -0.65786   -2.04459   -2.31437   -2.51489   -1.29260
     47.08     10000   -0.90542   -2.11537   -2.40637   -2.51784   -1.54326
     70.64     15000   -1.00424   -2.19894   -2.31287   -2.37461   -1.67606
     94.19     20000   -1.02145   -2.62684   -2.16263   -2.17188   -1.74272
    117.73     25000   -0.95631   -2.45040   -1.96665   -1.96080   -1.70279
    141.27     30000   -0.82813   -2.18611   -1.73354   -1.74513   -1.55699
    164.81     35000   -0.67538   -1.92621   -1.53634   -1.54394   -1.36743
    188.35     40000   -0.54266   -1.65607   -1.44096   -1.43096   -1.20233
    211.89     45000   -0.46538   -1.62866   -1.58299   -1.56756   -1.14443
    235.43     50000   -0.48904   -1.92724   -1.82339   -1.85138   -1.21953
    258.98     55000   -0.62186   -1.77830   -1.63094   -1.59796   -1.31022
    282.53     60000   -0.76784   -1.90981   -1.76097   -1.73418   -1.44248
    306.07     65000   -0.84460   -2.18191   -2.21637   -2.21557   -1.56767
    329.62     70000   -0.89959   -2.14534   -1.97341   -1.96328   -1.58636
    353.16     75000   -0.90099   -1.96330   -1.79091   -1.77285   -1.53335
    376.71     80000   -0.83478   -1.97133   -1.91079   -1.89461   -1.52976
    400.25     85000   -0.86179   -2.22222   -2.25921   -2.28564   -1.59283
    423.80     90000   -0.96148   -2.11216   -1.96940   -1.94367   -1.63982
    447.34     95000   -1.04192   -2.12533   -2.00002   -1.98042   -1.70693
    470.89    100000   -1.09032   -2.36532   -2.38039   -2.37457   -1.81005
 ITERATION...
    494.42      5000   -1.16200   -2.45410   -2.32713   -2.31577   -1.85972
    517.98     10000   -1.21243   -2.27667   -2.11758   -2.09599   -1.84411
    541.53     15000   -1.17541   -2.30444   -2.23372   -2.21732   -1.86677
    565.07     20000   -1.21128   -2.56248   -2.62538   -2.66008   -1.93872
    588.62     25000   -1.29849   -2.46934   -2.31863   -2.29281   -1.97742
    612.17     30000   -1.35796   -2.42974   -2.30244   -2.28144   -2.01853
    635.71     35000   -1.38782   -2.62929   -2.62994   -2.62276   -2.10560
    659.25     40000   -1.45988   -2.77290   -2.67957   -2.66815   -2.16487
    682.80     45000   -1.52857   -2.60276   -2.44382   -2.42249   -2.16435
    706.34     50000   -1.50924   -2.62996   -2.54738   -2.52965   -2.19637
    729.90     55000   -1.54622   -2.88280   -2.96778   -2.99764   -2.27238
    753.44     60000   -1.62535   -2.82055   -2.66603   -2.64272   -2.30916
    776.99     65000   -1.68259   -2.74728   -2.61417   -2.59183   -2.33617
    800.53     70000   -1.69736   -2.91668   -2.89836   -2.88760   -2.41267
    824.07     75000   -1.76816   -3.10056   -3.04004   -3.02982   -2.47823
    847.62     80000   -1.84359   -2.93129   -2.77168   -2.74967   -2.48541
    871.16     85000   -1.83667   -2.94761   -2.85208   -2.83378   -2.51896
    894.70     90000   -1.87103   -3.19116   -3.27790   -3.29954   -2.59698
    918.27     95000   -1.94769   -3.16703   -3.01645   -2.99503   -2.63647
    941.81    100000   -2.00931   -3.06780   -2.92915   -2.90692   -2.65542
    965.36      5000   -2.01321   -3.20951   -3.17354   -3.16051   -2.72399
    988.90     10000   -2.07996   -3.42732   -3.40469   -3.39930   -2.79460
   1012.44     15000   -2.15560   -3.26248   -3.10232   -3.07992   -2.80699
   1036.00     20000   -2.16112   -3.26095   -3.15541   -3.13602   -2.83844
   1059.55     25000   -2.19121   -3.49251   -3.56344   -3.57641   -2.91681
   1083.09     30000   -2.26695   -3.51302   -3.37086   -3.35052   -2.96125
   1106.63     35000   -2.33819   -3.39087   -3.24747   -3.22508   -2.97558
   1130.17     40000   -2.33304   -3.50637   -3.45436   -3.43993   -3.03737
   1153.71     45000   -2.39394   -3.74828   -3.76811   -3.76993   -3.11202
   1177.26     50000   -2.47021   -3.59712   -3.43643   -3.41401   -3.12911
   1200.80     55000   -2.48614   -3.57420   -3.46013   -3.43998   -3.15693
   1224.34     60000   -2.50964   -3.78875   -3.83680   -3.84178   -3.23420
   1247.88     65000   -2.58435   -3.85852   -3.72912   -3.71052   -3.28454
   1271.42     70000   -2.66909   -3.71675   -3.56880   -3.54615   -3.29642
   1294.96     75000   -2.65270   -3.80690   -3.74056   -3.72460   -3.35194
   1318.51     80000   -2.70836   -4.06254   -4.12161   -4.13200   -3.42960
   1342.05     85000   -2.78372   -3.93491   -3.77438   -3.75201   -3.45165
   1365.59     90000   -2.80968   -3.88936   -3.76749   -3.74670   -3.47538
   1389.13     95000   -2.82846   -4.08370   -4.10679   -4.10543   -3.55036
   1412.68    100000   -2.90173   -4.20171   -4.09156   -4.07538   -3.60679
   1436.22      5000   -2.98982   -4.04509   -3.89296   -3.87021   -3.61781
   1459.77     10000   -2.97473   -4.11052   -4.03130   -4.01403   -3.66729
   1483.31     15000   -3.02353   -4.36971   -4.45563   -4.47249   -3.74693
   1506.86     20000   -3.09899   -4.27510   -4.11620   -4.09414   -3.77441
   1530.40     25000   -3.13601   -4.20667   -4.07780   -4.05647   -3.79420
   1553.94     30000   -3.14834   -4.37917   -4.37834   -4.37211   -3.86590
   1577.49     35000   -3.21907   -4.54133   -4.45795   -4.44512   -3.92818
   1601.04     40000   -3.30248   -4.37563   -4.22005   -4.19725   -3.93969
   1624.59     45000   -3.29728   -4.41678   -4.32611   -4.30778   -3.98326
   1648.13     50000   -3.33894   -4.67104   -4.76471   -4.78251   -4.06380
   1671.67     55000   -3.41316   -4.61708   -4.46206   -4.44056   -4.09722
   1695.22     60000   -3.46311   -4.52618   -4.39109   -4.36934   -4.11353
   1718.76     65000   -3.46721   -4.67582   -4.65354   -4.64367   -4.18117
   1742.32     70000   -3.53588   -4.87580   -4.82707   -4.81903   -4.24876
   1765.87     75000   -3.61650   -4.70839   -4.55017   -4.52735   -4.26196
   1789.41     80000   -3.61892   -4.72547   -4.62467   -4.60545   -4.29979
   1812.96     85000   -3.65452   -4.96832   -5.05183   -5.06544   -4.38018
   1836.50     90000   -3.72995   -4.96040   -4.81217   -4.79149   -4.41989
   1860.05     95000   -3.79070   -4.84796   -4.70736   -4.68527   -4.43344
   1883.60    100000   -3.78791   -4.97418   -4.93313   -4.92054   -4.49638
   1907.15      5000   -3.85152   -5.20347   -5.19595   -5.19451   -4.56854
   1930.69     10000   -3.92961   -5.04342   -4.88343   -4.86067   -4.58455
   1954.23     15000   -3.94210   -5.03653   -4.92674   -4.90678   -4.61689
   1977.78     20000   -3.97067   -5.26324   -5.32572   -5.33294   -4.69610
   2001.32     25000   -4.04663   -5.30430   -5.16672   -5.14727   -4.74230
   2024.86     30000   -4.12063   -5.17211   -5.02658   -5.00421   -4.75393
   2048.41     35000   -4.10913   -5.27460   -5.21723   -5.20255   -4.81171
   2071.96     40000   -4.16760   -5.52329   -5.55874   -5.56548   -4.88753
   2095.50     45000   -4.24455   -5.38072   -5.22002   -5.19741   -4.90738
   2119.04     50000   -4.26550   -5.34997   -5.23213   -5.21154   -4.93458
   2142.59     55000   -4.28824   -5.55732   -5.59474   -5.59577   -5.01164
   2166.13     60000   -4.36178   -5.64763   -5.52585   -5.50821   -5.06429
   2189.67     65000   -4.44961   -5.49864   -5.34874   -5.32618   -5.07497
   2213.22     70000   -4.43115   -5.57727   -5.50568   -5.48937   -5.12728
   2236.76     75000   -4.48368   -5.83518   -5.90665   -5.92128   -5.20575
   2260.31     80000   -4.55917   -5.72015   -5.56011   -5.53778   -5.23033
   2283.85     85000   -4.59002   -5.66577   -5.54069   -5.51957   -5.25288
   2307.39     90000   -4.60686   -5.85172   -5.86426   -5.86014   -5.32691
   2330.94     95000   -4.67975   -5.98889   -5.88945   -5.87446   -5.38576
   2354.49    100000   -4.76457   -5.82755   -5.67389   -5.65118   -5.39653
   2378.03      5000   -4.75317   -5.88226   -5.79824   -5.78063   -5.44319
   2401.57     10000   -4.79953   -6.14009   -6.23130   -6.24997   -5.52325
   2425.12     15000   -4.87381   -6.06148   -5.90394   -5.88205   -5.55330
   2448.67     20000   -4.91668   -5.98392   -5.85231   -5.83075   -5.57179
   2472.21     25000   -4.92559   -6.14725   -6.13694   -6.12882   -5.64204
   2495.76     30000   -4.99617   -6.32628   -6.25684   -6.24571   -5.70660
   2519.30     35000   -5.07813   -6.15882   -6.00207   -5.97929   -5.71854
   2542.85     40000   -5.07610   -6.18961   -6.09466   -6.07599   -5.75952
   2566.39     45000   -5.11518   -6.43967   -6.53076   -6.54769   -5.84008
   2589.92     50000   -5.18950   -6.40436   -6.25176   -6.23054   -5.87616
   2613.44     55000   -5.24402   -6.30440   -6.16692   -6.14499   -5.89132
   2636.96     60000   -5.24545   -6.44443   -6.41388   -6.40268   -5.95714
   2660.48     65000   -5.31245   -6.65794   -6.62612   -6.62052   -6.02674
   2684.00     70000   -5.39112   -6.49245   -6.33339   -6.31060   -6.04093
   2707.52     75000   -5.39770   -6.49932   -6.39469   -6.37517   -6.07635
   2731.05     80000   -5.43089   -6.73582   -6.81137   -6.82261   -6.15633
   2754.58     85000   -5.50598   -6.74818   -6.60383   -6.58360   -6.19879
   2778.13     90000   -5.57261   -6.62723   -6.48448   -6.46225   -6.21146
   2801.68     95000   -5.56685   -6.74359   -6.69537   -6.68179   -6.27233
   2825.22    100000   -5.62802   -6.98233   -6.99319   -6.99497   -6.34614
   2848.77      5000   -5.70562   -6.82839   -6.66796   -6.64526   -6.36362
   2872.30     10000   -5.72228   -6.81140   -6.69815   -6.67792   -6.39372
   2895.81     15000   -5.74724   -7.03026   -7.08242   -7.08705   -6.47212
   2919.34     20000   -5.82228   -7.09206   -6.96036   -6.94159   -6.52106
   2942.88     25000   -5.90318   -6.95241   -6.80496   -6.78250   -6.53219
   2966.43     30000   -5.88748   -7.04493   -6.98133   -6.96590   -6.58772
   2989.98     35000   -5.94369   -7.29873   -7.35081   -7.36103   -6.66479
   3013.52     40000   -6.01982   -7.16656   -7.00595   -6.98345   -6.68651
   3037.07     45000   -6.04487   -7.12583   -7.00486   -6.98405   -6.71167
   3060.62     50000   -6.06513   -7.32437   -7.35119   -7.34996   -6.78755
   3084.16     55000   -6.13845   -7.43476   -7.32145   -7.30480   -6.84285
   3107.71     60000   -6.22605   -7.27996   -7.12840   -7.10576   -6.85345
   3131.26     65000   -6.21004   -7.34857   -7.27155   -7.25464   -6.90341
   3154.80     70000   -6.25948   -7.60751   -7.68969   -7.70663   -6.98268
   3178.35     75000   -6.33556   -7.50680   -7.34756   -7.32540   -7.00948
   3201.90     80000   -6.37082   -7.44261   -7.31471   -7.29340   -7.03023
   3225.44     85000   -6.38495   -7.61917   -7.62182   -7.61592   -7.10276
   3248.99     90000   -6.45573   -7.77464   -7.68680   -7.67326   -7.16408
   3272.53     95000   -6.53935   -7.60986   -7.45482   -7.43207   -7.17521
   3296.07    100000   -6.53249   -7.65454   -7.56576   -7.54768   -7.21949
   3319.59      5000   -6.57519   -7.90995   -8.00344   -8.02202   -7.29988
   3343.10     10000   -6.64949   -7.84883   -7.69302   -7.67138   -7.33241
   3366.61     15000   -6.69772   -7.76173   -7.62758   -7.60586   -7.34941
   3390.12     20000   -6.70311   -7.91534   -7.89622   -7.88671   -7.41787
   3413.63     25000   -6.77232   -8.10986   -8.05533   -8.04630   -7.48463
   3437.14     30000   -6.85374   -7.94213   -7.78431   -7.76151   -7.49739
   3460.65     35000   -6.85444   -7.96289   -7.86373   -7.84469   -7.53602
   3484.15     40000   -6.89089   -8.20786   -8.29387   -8.30869   -7.61646
   3507.66     45000   -6.96649   -8.19218   -8.04258   -8.02174   -7.65519
   3531.17     50000   -7.02508   -8.08320   -7.94343   -7.92137   -7.66920
   3554.68     55000   -7.02352   -8.21331   -8.17506   -8.16279   -7.73299
   3578.19     60000   -7.08807   -8.43862   -8.42436   -8.42165   -7.80447
   3601.70     65000   -7.16629   -8.27674   -8.11698   -8.09422   -7.81992
   3625.20     70000   -7.17712   -8.27359   -8.16523   -8.14539   -7.85306
   3648.71     75000   -7.20704   -8.50310   -8.56938   -8.57782   -7.93250
   3672.22     80000   -7.28267   -8.53615   -8.39650   -8.37682   -7.97768
   3695.73     85000   -7.35478   -8.40701   -8.26221   -8.23988   -7.98959
   3719.24     90000   -7.34492   -8.51337   -8.45844   -8.44403   -8.04826
   3742.74     95000   -7.40427   -8.75968   -8.78854   -8.79384   -8.12355
   3766.25    100000   -7.48151   -8.61364   -8.45297   -8.43033   -8.14270
   3789.76      5000   -7.50085   -8.58666   -8.47007   -8.44958   -8.17067
   3813.27     10000   -7.52444   -8.79726   -8.83878   -8.84081   -8.24813
   3836.78     15000   -7.59816   -8.87971   -8.75495   -8.73697   -8.29976
   3860.29     20000   -7.68572   -8.73318   -8.58393   -8.56139   -8.31054
   3883.80     25000   -7.66639   -8.81567   -8.74622   -8.73013   -8.36376
   3907.31     30000   -7.72032   -9.07278   -9.13941   -9.15288   -8.44188
   3930.74     35000   -7.79567   -8.95270   -8.79245   -8.77007   -8.46564
   3953.88     40000   -7.82484   -8.90208   -8.77811   -8.75708   -8.48888
   3977.05     45000   -7.84262   -9.09155   -9.10799   -9.10465   -8.56345
   3999.80     50000   -7.91571   -9.22144   -9.11789   -9.10241   -8.62133
MyID= 0: Time=  0.1,has convergenced
     1685569 iterations for the convertgence of psi
 MyID=           0 has finish
