 START-UP FOR CHUNK...
     23.53      5000   -0.66738   -2.04580   -2.34526   -2.70462   -1.29236
     46.98     10000   -0.93261   -2.11413   -2.53376   -2.71515   -1.54547
     70.42     15000   -1.05589   -2.19286   -2.47031   -2.57583   -1.68775
     93.87     20000   -1.10706   -2.64032   -2.33430   -2.37269   -1.78520
    117.31     25000   -1.08209   -2.65125   -2.16722   -2.15920   -1.80589
    140.75     30000   -0.98248   -2.38287   -1.92189   -1.93505   -1.71037
    164.20     35000   -0.83043   -2.15513   -1.68853   -1.70408   -1.52595
    187.65     40000   -0.66517   -1.86631   -1.49887   -1.49902   -1.31759
    211.09     45000   -0.50641   -1.59617   -1.42909   -1.41068   -1.15589
    234.54     50000   -0.41534   -1.63304   -1.61246   -1.63278   -1.12590
    257.98     55000   -0.46500   -1.89970   -1.70612   -1.67428   -1.20979
    281.43     60000   -0.66406   -1.76375   -1.60973   -1.57468   -1.31667
    304.87     65000   -0.75917   -1.95837   -1.83226   -1.80795   -1.46325
    328.31     70000   -0.84162   -2.19129   -2.20771   -2.21470   -1.56262
    351.76     75000   -0.86827   -2.06460   -1.84499   -1.83289   -1.53935
    375.20     80000   -0.83429   -1.90950   -1.76088   -1.74148   -1.48719
    398.65     85000   -0.78846   -1.99706   -1.98579   -1.99423   -1.50979
    422.10     90000   -0.84879   -2.21463   -2.09845   -2.08020   -1.57453
    445.54     95000   -0.98014   -2.05362   -1.90817   -1.88284   -1.62330
    468.98    100000   -1.02344   -2.16322   -2.05955   -2.04388   -1.71455
 ITERATION...
    492.43      5000   -1.08849   -2.43220   -2.49553   -2.50955   -1.80976
    515.87     10000   -1.14332   -2.34885   -2.16599   -2.14802   -1.82119
    539.32     15000   -1.15585   -2.22399   -2.08781   -2.06765   -1.80818
    562.76     20000   -1.13651   -2.34620   -2.33351   -2.33788   -1.85586
    586.21     25000   -1.20125   -2.55534   -2.45790   -2.44456   -1.92022
    609.66     30000   -1.30724   -2.38441   -2.23279   -2.20736   -1.94947
    633.10     35000   -1.32597   -2.44672   -2.34904   -2.33256   -2.01471
    656.55     40000   -1.37833   -2.71050   -2.78496   -2.80090   -2.10276
    679.99     45000   -1.44353   -2.66060   -2.48989   -2.46967   -2.12677
    703.44     50000   -1.47836   -2.54380   -2.40732   -2.38673   -2.12902
    726.88     55000   -1.46895   -2.67165   -2.65249   -2.65098   -2.18624
    750.33     60000   -1.53463   -2.88865   -2.81162   -2.80329   -2.25151
    773.77     65000   -1.62697   -2.71611   -2.55760   -2.53294   -2.27176
    797.22     70000   -1.63755   -2.74694   -2.64650   -2.62865   -2.32238
    820.66     75000   -1.68058   -3.00022   -3.07292   -3.08851   -2.40651
    844.11     80000   -1.75023   -2.98377   -2.81982   -2.79871   -2.43840
    867.55     85000   -1.80030   -2.86256   -2.72200   -2.70088   -2.44646
    891.00     90000   -1.79255   -2.98420   -2.95190   -2.94618   -2.50644
    914.44     95000   -1.85674   -3.21467   -3.16510   -3.16115   -2.57425
    937.89    100000   -1.94036   -3.04584   -2.88310   -2.85912   -2.59133
    961.34      5000   -1.95172   -3.05229   -2.94635   -2.92795   -2.63270
    984.78     10000   -1.98740   -3.29236   -3.35533   -3.36864   -2.71442
   1008.23     15000   -2.05970   -3.31159   -3.15462   -3.13357   -2.75251
   1031.68     20000   -2.12158   -3.18007   -3.03576   -3.01414   -2.76235
   1055.12     25000   -2.11189   -3.28973   -3.24431   -3.23548   -2.82177
   1078.57     30000   -2.17279   -3.53519   -3.51612   -3.51739   -2.89260
   1102.02     35000   -2.25221   -3.37493   -3.20988   -3.18609   -2.90961
   1125.46     40000   -2.26773   -3.36010   -3.24851   -3.22959   -2.94443
   1148.91     45000   -2.29733   -3.58535   -3.63407   -3.64439   -3.02420
   1172.36     50000   -2.37031   -3.64211   -3.49343   -3.47290   -3.06778
   1195.81     55000   -2.44395   -3.49828   -3.35039   -3.32836   -3.07786
   1219.25     60000   -2.43003   -3.59258   -3.53549   -3.52440   -3.13498
   1242.70     65000   -2.48740   -3.84967   -3.86179   -3.86962   -3.20862
   1266.15     70000   -2.56492   -3.70471   -3.53805   -3.51438   -3.22732
   1289.60     75000   -2.58627   -3.66999   -3.55277   -3.53326   -3.25706
   1313.04     80000   -2.60865   -3.87914   -3.91181   -3.91842   -3.33487
   1336.49     85000   -2.68116   -3.97377   -3.83551   -3.81608   -3.38355
   1359.94     90000   -2.76682   -3.81809   -3.66657   -3.64413   -3.39348
   1383.38     95000   -2.74611   -3.89547   -3.82774   -3.81484   -3.44734
   1406.83    100000   -2.79989   -4.15866   -4.19897   -4.21366   -3.52333
   1430.28      5000   -2.87523   -4.03532   -3.86780   -3.84430   -3.54478
   1453.72     10000   -2.90306   -3.98171   -3.85887   -3.83882   -3.57030
   1477.17     15000   -2.92164   -4.17389   -4.19006   -4.19278   -3.64592
   1500.62     20000   -2.99272   -4.30483   -4.18037   -4.16269   -3.69945
   1524.07     25000   -3.08085   -4.13942   -3.98443   -3.96167   -3.70933
   1547.51     30000   -3.06358   -4.19925   -4.12179   -4.10739   -3.75945
   1570.96     35000   -3.11262   -4.46322   -4.52457   -4.54478   -3.83722
   1594.41     40000   -3.18678   -4.36668   -4.19935   -4.17606   -3.86212
   1617.86     45000   -3.22187   -4.29489   -4.16669   -4.14614   -3.88400
   1641.30     50000   -3.23565   -4.46966   -4.46969   -4.46880   -3.95713
   1664.75     55000   -3.30634   -4.63412   -4.52760   -4.51234   -4.01525
   1688.20     60000   -3.39106   -4.46212   -4.30398   -4.28098   -4.02546
   1711.64     65000   -3.38020   -4.50413   -4.41782   -4.40217   -4.07157
   1735.09     70000   -3.42479   -4.76421   -4.83685   -4.85974   -4.15052
   1758.53     75000   -3.49779   -4.69879   -4.53285   -4.50986   -4.17937
   1781.98     80000   -3.54182   -4.60937   -4.47616   -4.45516   -4.19811
   1805.42     85000   -3.54996   -4.76644   -4.75124   -4.74719   -4.26839
   1828.87     90000   -3.61831   -4.96078   -4.87657   -4.86456   -4.33080
   1852.32     95000   -3.70095   -4.78619   -4.62528   -4.60208   -4.34184
   1875.76    100000   -3.69736   -4.81021   -4.71585   -4.69915   -4.38383
   1899.21      5000   -3.73655   -5.06253   -5.13639   -5.15863   -4.46335
   1922.65     10000   -3.80897   -5.03159   -4.86843   -4.84588   -4.49653
   1946.10     15000   -3.86276   -4.92515   -4.78726   -4.76583   -4.51258
   1969.54     20000   -3.86397   -5.06431   -5.03503   -5.02828   -4.57968
   1992.99     25000   -3.93071   -5.28395   -5.22627   -5.21856   -4.64603
   2016.44     30000   -4.01117   -5.11163   -4.94832   -4.92498   -4.65846
   2039.88     35000   -4.01424   -5.11759   -5.01584   -4.99823   -4.69632
   2063.33     40000   -4.04858   -5.35906   -5.42584   -5.44481   -4.77580
   2086.77     45000   -4.12197   -5.36488   -5.20623   -5.18428   -4.81356
   2110.22     50000   -4.18384   -5.24224   -5.09995   -5.07814   -4.82740
   2133.66     55000   -4.17945   -5.36336   -5.32118   -5.31213   -4.89103
   2157.11     60000   -4.24283   -5.60292   -5.57507   -5.57288   -4.96088
   2180.56     65000   -4.32047   -5.43844   -5.27315   -5.24972   -4.97527
   2204.00     70000   -4.33087   -5.42630   -5.31771   -5.29930   -5.00907
   2227.45     75000   -4.36089   -5.65458   -5.70875   -5.72307   -5.08793
   2250.89     80000   -4.43389   -5.69830   -5.54634   -5.52523   -5.13043
   2274.34     85000   -4.50585   -5.56066   -5.41425   -5.39209   -5.14255
   2297.78     90000   -4.49571   -5.66366   -5.60970   -5.59869   -5.20245
   2321.23     95000   -4.55473   -5.91730   -5.92054   -5.92497   -5.27534
   2344.68    100000   -4.63163   -5.76655   -5.59981   -5.57635   -5.29223
   2368.12      5000   -4.64934   -5.73633   -5.62140   -5.60229   -5.32212
   2391.57     10000   -4.67305   -5.94972   -5.98834   -5.99771   -5.39980
   2415.02     15000   -4.74649   -6.03137   -5.88879   -5.86886   -5.44709
   2438.46     20000   -4.82865   -5.88040   -5.73015   -5.70769   -5.45802
   2461.91     25000   -4.81126   -5.96526   -5.90055   -5.88788   -5.51400
   2485.35     30000   -4.86672   -6.22707   -6.25945   -6.27100   -5.58938
   2508.80     35000   -4.94214   -6.09590   -5.92837   -5.90495   -5.60930
   2532.24     40000   -4.96692   -6.04769   -5.92686   -5.90711   -5.63548
   2555.69     45000   -4.98666   -6.24499   -6.26703   -6.27175   -5.71147
   2579.13     50000   -5.05790   -6.36348   -6.23358   -6.21525   -5.76350
   2602.58     55000   -5.14665   -6.20147   -6.04767   -6.02493   -5.77380
   2626.02     60000   -5.12775   -6.26818   -6.19365   -6.17956   -5.82569
   2649.46     65000   -5.17914   -6.53257   -6.58833   -6.60624   -5.90302
   2672.91     70000   -5.25299   -6.42643   -6.25889   -6.23560   -5.92645
   2696.35     75000   -5.28517   -6.36036   -6.23403   -6.21372   -5.94918
   2719.80     80000   -5.30032   -6.54077   -6.54639   -6.54702   -6.02298
   2743.24     85000   -5.37114   -6.69390   -6.58053   -6.56438   -6.07961
   2766.69     90000   -5.45809   -6.52387   -6.36681   -6.34385   -6.08986
   2790.14     95000   -5.44469   -6.57242   -6.48892   -6.47359   -6.13758
   2813.59    100000   -5.49069   -6.83443   -6.90466   -6.92657   -6.21625
   2837.04      5000   -5.56453   -6.75800   -6.59147   -6.56840   -6.24361
   2860.49     10000   -5.60508   -6.67435   -6.54288   -6.52207   -6.26321
   2883.95     15000   -5.61546   -6.83733   -6.82734   -6.82448   -6.33439
   2907.40     20000   -5.68389   -7.02180   -6.92926   -6.91606   -6.39539
   2930.85     25000   -5.76734   -6.84760   -6.68763   -6.66446   -6.40618
   2954.30     30000   -5.76171   -6.87800   -6.78627   -6.76987   -6.44969
   2977.76     35000   -5.80265   -7.13345   -7.20806   -7.23062   -6.52912
   3001.21     40000   -5.87502   -7.09045   -6.92619   -6.90348   -6.56074
   3024.66     45000   -5.92538   -6.98966   -6.85337   -6.83210   -6.57758
   3048.11     50000   -5.92890   -7.13488   -7.11037   -7.10457   -6.64575
   3071.56     55000   -5.99647   -7.34637   -7.27902   -7.26974   -6.71080
   3095.01     60000   -6.07842   -7.17267   -7.01013   -6.98682   -6.72273
   3118.45     65000   -6.07866   -7.18492   -7.08561   -7.06827   -6.76206
   3141.90     70000   -6.11484   -7.43045   -7.50047   -7.52064   -6.84163
   3165.34     75000   -6.18736   -7.42353   -7.26313   -7.24096   -6.87778
   3188.79     80000   -6.24676   -7.30629   -7.16548   -7.14381   -6.89229
   3212.23     85000   -6.24417   -7.43355   -7.39570   -7.38743   -6.95711
   3235.68     90000   -6.30915   -7.66689   -7.62845   -7.62426   -7.02582
   3259.12     95000   -6.38707   -7.49906   -7.33439   -7.31097   -7.03949
   3282.57    100000   -6.39498   -7.49317   -7.38685   -7.36869   -7.07469
   3306.02      5000   -6.42651   -7.72622   -7.78518   -7.80110   -7.15384
   3329.46     10000   -6.49971   -7.75691   -7.60239   -7.58097   -7.19470
   3352.91     15000   -6.56810   -7.62424   -7.47921   -7.45718   -7.20733
   3376.35     20000   -6.55993   -7.73343   -7.68341   -7.67305   -7.26852
   3399.79     25000   -6.62044   -7.98290   -7.97545   -7.97753   -7.34043
   3423.23     30000   -6.69760   -7.82675   -7.66044   -7.63697   -7.35641
   3446.68     35000   -6.71281   -7.80275   -7.68994   -7.67105   -7.38763
   3470.12     40000   -6.73878   -8.02142   -8.06557   -8.07659   -7.46578
   3493.56     45000   -6.81260   -8.09014   -7.94401   -7.92363   -7.51143
   3517.00     50000   -6.89074   -7.94351   -7.79455   -7.77219   -7.52269
   3540.45     55000   -6.87603   -8.03458   -7.97346   -7.96134   -7.58003
   3563.89     60000   -6.93289   -8.29424   -8.31704   -8.32618   -7.65462
   3587.33     65000   -7.00878   -8.15569   -7.98835   -7.96490   -7.67345
   3610.78     70000   -7.03111   -8.11365   -7.99480   -7.97526   -7.70088
   3634.22     75000   -7.05191   -8.31660   -8.34435   -8.35059   -7.77751
   3657.66     80000   -7.12380   -8.42265   -8.28799   -8.26905   -7.82792
   3681.10     85000   -7.21269   -8.26411   -8.11150   -8.08886   -7.83837
   3704.55     90000   -7.19190   -8.33705   -8.26579   -8.25217   -7.89168
   3727.99     95000   -7.24469   -8.60115   -8.64974   -8.66567   -7.96840
   3751.44    100000   -7.31918   -8.48584   -8.31820   -8.29485   -7.99058
   3774.88      5000   -7.34872   -8.42588   -8.30139   -8.28127   -8.01446
   3798.32     10000   -7.36545   -8.61216   -8.62335   -8.62531   -8.08906
   3821.77     15000   -7.43641   -8.75373   -8.63422   -8.61725   -8.14414
   3845.22     20000   -7.52488   -8.58605   -8.43008   -8.40719   -8.15433
   3868.66     25000   -7.50929   -8.64083   -8.56033   -8.54541   -8.20350
   3892.11     30000   -7.55661   -8.90418   -8.97056   -8.99146   -8.28177
   3915.35     35000   -7.63094   -8.81707   -8.65006   -8.62691   -8.30774
   3938.51     40000   -7.66820   -8.73942   -8.60967   -8.58902   -8.32838
   3961.52     45000   -7.68031   -8.90843   -8.90368   -8.90195   -8.40050
   3984.25     50000   -7.74982   -9.08258   -8.98240   -8.96809   -8.46003
   4006.92     55000   -7.83397   -8.90933   -8.75032   -8.72722   -8.47057
   4029.34     60000   -7.82568   -8.94596   -8.85697   -8.84093   -8.51553
   4051.15     65000   -7.86887   -9.20408   -9.27829   -9.30102   -8.59476
   4072.97     70000   -7.94123   -9.14925   -8.98404   -8.96119   -8.62488
MyID= 0: Time=  0.1,has convergenced
     1685261 iterations for the convertgence of psi
 MyID=           0 has finish
