 START-UP FOR CHUNK...
     23.44      5000   -0.58274   -2.02348   -1.98568   -1.92117   -1.28474
     46.78     10000   -0.72168   -2.15727   -1.85718   -1.92735   -1.48689
     70.10     15000   -0.70199   -2.26979   -1.74894   -1.78928   -1.50472
     93.43     20000   -0.61110   -2.23713   -1.60942   -1.60918   -1.42179
    116.75     25000   -0.50676   -1.78145   -1.48820   -1.47411   -1.30367
    140.08     30000   -0.44257   -1.59133   -1.47615   -1.47926   -1.20624
    163.40     35000   -0.43201   -1.85197   -1.79506   -1.77815   -1.24192
    186.73     40000   -0.55238   -1.92102   -1.86773   -1.92973   -1.36156
    210.06     45000   -0.72419   -1.86582   -1.73767   -1.74061   -1.43846
    233.39     50000   -0.86180   -2.03468   -1.92615   -1.88178   -1.55571
    256.72     55000   -0.95334   -2.31698   -2.43244   -2.36109   -1.68500
    280.09     60000   -1.03433   -2.30257   -2.14385   -2.13956   -1.74067
    303.43     65000   -1.06704   -2.10209   -1.96648   -1.94319   -1.71143
    326.76     70000   -1.03499   -2.14186   -2.06050   -2.02939   -1.71359
    350.08     75000   -1.05977   -2.38055   -2.51720   -2.43450   -1.78570
    373.45     80000   -1.16152   -2.32756   -2.27318   -2.24584   -1.85001
    396.81     85000   -1.27015   -2.28693   -2.16083   -2.14932   -1.88425
    420.15     90000   -1.28473   -2.46494   -2.38817   -2.35394   -1.95873
    443.48     95000   -1.34912   -2.70086   -2.85338   -2.80228   -2.05810
    466.81    100000   -1.43473   -2.55341   -2.41782   -2.41128   -2.09480
 ITERATION...
    490.13      5000   -1.45876   -2.49716   -2.37359   -2.34814   -2.09489
    513.46     10000   -1.45744   -2.68113   -2.64181   -2.59132   -2.14783
    536.79     15000   -1.52391   -2.85189   -2.91689   -2.87422   -2.23370
    560.12     20000   -1.62503   -2.68801   -2.57552   -2.55480   -2.27124
    583.44     25000   -1.64933   -2.73280   -2.61494   -2.59356   -2.30558
    606.77     30000   -1.68720   -2.99128   -3.01964   -2.96502   -2.38961
    630.11     35000   -1.77511   -3.01877   -2.97339   -2.96257   -2.46738
    653.45     40000   -1.85410   -2.88263   -2.75197   -2.73865   -2.48188
    676.80     45000   -1.84218   -2.96213   -2.86203   -2.83214   -2.51244
    700.15     50000   -1.88271   -3.24161   -3.36356   -3.28238   -2.59638
    723.49     55000   -1.98048   -3.15922   -3.07026   -3.05461   -2.66062
    746.82     60000   -2.06325   -3.07705   -2.95308   -2.93145   -2.67953
    770.16     65000   -2.05539   -3.23036   -3.15225   -3.11855   -2.73455
    793.48     70000   -2.11234   -3.48369   -3.62337   -3.55985   -2.82599
    816.80     75000   -2.20874   -3.31548   -3.20227   -3.18850   -2.87004
    840.13     80000   -2.24219   -3.28926   -3.16782   -3.14732   -2.88517
    863.45     85000   -2.25534   -3.49185   -3.45848   -3.41554   -2.94952
    886.78     90000   -2.32947   -3.65103   -3.68033   -3.65622   -3.03597
    910.12     95000   -2.42361   -3.48397   -3.35940   -3.34390   -3.06675
    933.48    100000   -2.43321   -3.52083   -3.40840   -3.38240   -3.09459
    956.82      5000   -2.46749   -3.77956   -3.82019   -3.75984   -3.17481
    980.15     10000   -2.55865   -3.80272   -3.74473   -3.72933   -3.25065
   1003.49     15000   -2.64384   -3.66924   -3.54153   -3.52353   -3.26865
   1026.84     20000   -2.63520   -3.76343   -3.66638   -3.63732   -3.30678
   1050.19     25000   -2.68005   -4.04038   -4.18187   -4.10420   -3.39408
   1073.55     30000   -2.77761   -3.94266   -3.84570   -3.83273   -3.45445
   1096.90     35000   -2.84859   -3.86991   -3.74246   -3.72301   -3.47033
   1120.26     40000   -2.84225   -4.02613   -3.95504   -3.91909   -3.52491
   1143.61     45000   -2.90200   -4.26674   -4.39267   -4.33927   -3.61526
   1166.97     50000   -2.99844   -4.10073   -3.98235   -3.96824   -3.65757
   1190.30     55000   -3.02908   -4.08573   -3.96386   -3.94104   -3.67595
   1213.62     60000   -3.04821   -4.29970   -4.27489   -4.22890   -3.74441
   1236.94     65000   -3.12539   -4.43408   -4.44564   -4.42274   -3.82967
   1260.26     70000   -3.21662   -4.27059   -4.14458   -4.12870   -3.85721
   1283.59     75000   -3.22206   -4.31750   -4.20517   -4.17960   -3.88570
   1306.91     80000   -3.25742   -4.57967   -4.63703   -4.57333   -3.96688
   1330.24     85000   -3.35061   -4.57864   -4.51415   -4.50042   -4.04038
   1353.57     90000   -3.43691   -4.45827   -4.32948   -4.31177   -4.05797
   1376.91     95000   -3.42545   -4.56460   -4.46958   -4.43911   -4.09940
   1400.27    100000   -3.47300   -4.84098   -4.99317   -4.91354   -4.18803
   1423.64      5000   -3.57168   -4.72401   -4.62259   -4.60921   -4.24517
   1447.01     10000   -3.63392   -4.66085   -4.53434   -4.51410   -4.26062
   1470.36     15000   -3.63232   -4.82782   -4.76174   -4.72479   -4.31734
   1493.69     20000   -3.69471   -5.05275   -5.16137   -5.11413   -4.40724
   1517.02     25000   -3.79121   -4.88238   -4.76358   -4.74927   -4.44685
   1540.34     30000   -3.81633   -4.87928   -4.75878   -4.73595   -4.46680
   1563.67     35000   -3.83886   -5.10348   -5.08938   -5.04114   -4.53786
   1586.99     40000   -3.91953   -5.21483   -5.20974   -5.18991   -4.62161
   1610.33     45000   -4.00939   -5.05645   -4.93006   -4.91391   -4.64685
   1633.70     50000   -4.01189   -5.11338   -5.00395   -4.97748   -4.67718
   1657.07     55000   -4.04914   -5.38192   -5.45648   -5.38919   -4.75994
   1680.43     60000   -4.14434   -5.35776   -5.28547   -5.27168   -4.83090
   1703.76     65000   -4.22963   -5.24643   -5.11845   -5.10025   -4.84766
   1727.10     70000   -4.21577   -5.36337   -5.27261   -5.24146   -4.89173
   1750.43     75000   -4.26573   -5.63619   -5.79497   -5.71731   -4.98112
   1773.75     80000   -4.36398   -5.50509   -5.39992   -5.38657   -5.03521
   1797.11     85000   -4.41937   -5.45207   -5.32659   -5.30600   -5.05089
   1820.44     90000   -4.42328   -5.62893   -5.57025   -5.53171   -5.11011
   1843.77     95000   -4.48835   -5.83860   -5.92638   -5.88636   -5.19948
   1867.09    100000   -4.58354   -5.66626   -5.54569   -5.53101   -5.23635
   1890.42      5000   -4.60420   -5.67325   -5.55452   -5.53105   -5.25775
   1913.74     10000   -4.62986   -5.90642   -5.90484   -5.85404   -5.33110
   1937.08     15000   -4.71364   -5.99499   -5.97511   -5.95708   -5.41310
   1960.44     20000   -4.80265   -5.84306   -5.71612   -5.69964   -5.43639
   1983.82     25000   -4.80168   -5.91013   -5.80337   -5.77625   -5.46884
   2007.21     30000   -4.84157   -6.18296   -6.27629   -6.20521   -5.55313
   2030.54     35000   -4.93773   -6.13756   -6.05773   -6.04432   -5.62142
   2053.88     40000   -5.02193   -6.03582   -5.90795   -5.88935   -5.63748
   2077.21     45000   -5.00663   -6.16296   -6.07658   -6.04432   -5.68412
   2100.54     50000   -5.05894   -6.43024   -6.58928   -6.51542   -5.77402
   2123.87     55000   -5.15679   -6.28694   -6.17819   -6.16464   -5.82507
   2147.19     60000   -5.20551   -6.24409   -6.11945   -6.09840   -5.84127
   2170.52     65000   -5.21342   -6.43098   -6.37985   -6.33969   -5.90302
   2193.84     70000   -5.28222   -6.62298   -6.68989   -6.65577   -5.99164
   2217.17     75000   -5.37596   -6.45066   -6.32848   -6.31354   -6.02585
   2240.49     80000   -5.39251   -6.46795   -6.35079   -6.32677   -6.04883
   2263.81     85000   -5.42142   -6.70965   -6.72153   -6.66779   -6.12434
   2287.15     90000   -5.50696   -6.77492   -6.74158   -6.72504   -6.20438
   2310.51     95000   -5.59564   -6.63023   -6.50277   -6.48595   -6.22594
   2333.88    100000   -5.59187   -6.70753   -6.60352   -6.57564   -6.26065
   2357.25      5000   -5.63380   -6.98363   -7.09510   -7.02049   -6.34632
   2380.61     10000   -5.73048   -6.91759   -6.83119   -6.81791   -6.41181
   2403.95     15000   -5.81477   -6.82562   -6.69801   -6.67902   -6.42738
   2427.28     20000   -5.79809   -6.96305   -6.88135   -6.84801   -6.47660
   2450.62     25000   -5.85173   -7.22256   -7.37544   -7.30739   -6.56680
   2473.94     30000   -5.95021   -7.06916   -6.95728   -6.94355   -6.61484
   2497.27     35000   -5.99198   -7.03656   -6.91286   -6.89135   -6.63176
   2520.57     40000   -6.00393   -7.23340   -7.19060   -7.14862   -6.69601
   2543.87     45000   -6.07575   -7.40628   -7.45266   -7.42347   -6.78368
   2567.17     50000   -6.16900   -7.23554   -7.11199   -7.09674   -6.81534
   2590.48     55000   -6.18067   -7.26307   -7.14769   -7.12309   -6.84003
   2613.79     60000   -6.21214   -7.51277   -7.53933   -7.48243   -6.91759
   2637.10     65000   -6.30090   -7.55457   -7.50928   -7.49384   -6.99551
   2660.41     70000   -6.38796   -7.41783   -7.29002   -7.27285   -7.01552
   2683.72     75000   -6.38266   -7.50538   -7.40438   -7.37571   -7.05257
   2707.04     80000   -6.42665   -7.78319   -7.91172   -7.83422   -7.13947
   2730.35     85000   -6.52291   -7.69793   -7.60571   -7.59250   -7.20208
   2753.66     90000   -6.59965   -7.61588   -7.48865   -7.46926   -7.21738
   2776.97     95000   -6.58881   -7.76357   -7.68704   -7.65251   -7.26919
   2800.30    100000   -6.64500   -8.01313   -8.15414   -8.09322   -7.35948
   2823.63      5000   -6.74292   -7.85180   -7.73719   -7.72325   -7.40453
   2846.96     10000   -6.77895   -7.82947   -7.70685   -7.68486   -7.42236
   2870.29     15000   -6.79504   -8.03609   -8.00251   -7.95854   -7.48908
   2893.63     20000   -6.86991   -8.18848   -8.21551   -8.19029   -7.57556
   2916.97     25000   -6.96203   -8.02088   -7.89617   -7.88062   -7.60482
   2940.31     30000   -6.96946   -8.05866   -7.94522   -7.92001   -7.63135
   2963.63     35000   -7.00295   -8.31568   -8.35817   -8.29783   -7.71084
   2986.97     40000   -7.09449   -8.33410   -8.27822   -8.26359   -7.78647
   3010.31     45000   -7.18088   -8.20588   -8.07786   -8.06034   -7.80516
   3033.64     50000   -7.17282   -8.30369   -8.20599   -8.17648   -7.84462
   3056.95     55000   -7.21846   -8.58155   -8.72468   -8.64541   -7.93257
   3080.26     60000   -7.31595   -8.47857   -8.38125   -8.36804   -7.99223
   3103.59     65000   -7.38497   -8.40659   -8.27986   -8.26006   -8.00746
   3126.91     70000   -7.37878   -8.56452   -8.49368   -8.45786   -8.06187
   3150.21     75000   -7.43888   -8.80196   -8.92666   -8.87340   -8.15204
   3173.52     80000   -7.53547   -8.63488   -8.51789   -8.50372   -8.19415
   3196.83     85000   -7.56567   -8.62283   -8.50143   -8.47893   -8.21309
   3220.13     90000   -7.58558   -8.83903   -8.81563   -8.76947   -8.28219
   3243.44     95000   -7.66334   -8.96981   -8.97893   -8.95684   -8.36730
   3266.75    100000   -7.75412   -8.80667   -8.68101   -8.66515   -8.39430
   3290.06      5000   -7.75887   -8.85470   -8.74341   -8.71755   -8.42280
   3313.37     10000   -7.79437   -9.11823   -9.17779   -9.11378   -8.50410
   3336.67     15000   -7.88789   -9.11364   -9.04839   -9.03434   -8.57728
   3359.98     20000   -7.97443   -8.99438   -8.86629   -8.84840   -8.59485
   3383.29     25000   -7.96253   -9.10246   -9.00838   -8.97797   -8.63679
MyID= 0: Time=  0.1,has convergenced
     1686137 iterations for the convertgence of psi
 MyID=           0 has finish
