 START-UP FOR CHUNK...
     23.44      5000   -0.67962   -2.04541   -2.36923   -3.06080   -1.29352
     46.81     10000   -0.96700   -2.11147   -2.70580   -3.13896   -1.54818
     70.18     15000   -1.12182   -2.19586   -2.66391   -3.05982   -1.69666
     93.55     20000   -1.22959   -2.73017   -2.60910   -2.86271   -1.81769
    116.93     25000   -1.27788   -3.12775   -2.64800   -2.64921   -1.90630
    140.30     30000   -1.25912   -2.68494   -2.38667   -2.41821   -1.94303
    163.67     35000   -1.17756   -2.46287   -2.15002   -2.17063   -1.89158
    187.04     40000   -1.03247   -2.34281   -1.89093   -1.91186   -1.72137
    210.42     45000   -0.83826   -2.06658   -1.64331   -1.65565   -1.48279
    233.79     50000   -0.59037   -1.74655   -1.45096   -1.43897   -1.24740
    257.16     55000   -0.38098   -1.51496   -1.39346   -1.38202   -1.08975
    280.54     60000   -0.31528   -1.69038   -1.57497   -1.61339   -1.08901
    303.91     65000   -0.42821   -1.75398   -1.56602   -1.51355   -1.18285
    327.28     70000   -0.66163   -1.76296   -1.61634   -1.57086   -1.32567
    350.65     75000   -0.74249   -2.01362   -1.95496   -1.92604   -1.47860
    374.02     80000   -0.81701   -2.15062   -1.97193   -1.96759   -1.52309
    397.39     85000   -0.81374   -1.93709   -1.71546   -1.70200   -1.45654
    420.76     90000   -0.74548   -1.84325   -1.74583   -1.73851   -1.42259
    444.14     95000   -0.74166   -2.08513   -2.05616   -2.11175   -1.47798
    467.51    100000   -0.83306   -2.07371   -1.90409   -1.86905   -1.53817
 ITERATION...
    490.88      5000   -0.95562   -2.02885   -1.89284   -1.86914   -1.61333
    514.25     10000   -1.00201   -2.24412   -2.21074   -2.20539   -1.72534
    537.62     15000   -1.07410   -2.41381   -2.28197   -2.27254   -1.78031
    560.99     20000   -1.11879   -2.21845   -2.03459   -2.01515   -1.75835
    584.36     25000   -1.08020   -2.19401   -2.10931   -2.09832   -1.76960
    607.73     30000   -1.10415   -2.45145   -2.47050   -2.51327   -1.83698
    631.11     35000   -1.18860   -2.40054   -2.23027   -2.20154   -1.87812
    654.47     40000   -1.26270   -2.33297   -2.19857   -2.17729   -1.92370
    677.85     45000   -1.29129   -2.52208   -2.49659   -2.49395   -2.01409
    701.22     50000   -1.36178   -2.70747   -2.59036   -2.57684   -2.07092
    724.59     55000   -1.42722   -2.51859   -2.34594   -2.32458   -2.06595
    747.96     60000   -1.40352   -2.51943   -2.43210   -2.41998   -2.09444
    771.33     65000   -1.43663   -2.77642   -2.81620   -2.85202   -2.16692
    794.70     70000   -1.51425   -2.72960   -2.55611   -2.52997   -2.20126
    818.07     75000   -1.57364   -2.64034   -2.50455   -2.48351   -2.23205
    841.44     80000   -1.59064   -2.80656   -2.78043   -2.77740   -2.31140
    864.81     85000   -1.65847   -3.01335   -2.91048   -2.89744   -2.37107
    888.18     90000   -1.73327   -2.82718   -2.65710   -2.63457   -2.37409
    911.56     95000   -1.71987   -2.83119   -2.73830   -2.72461   -2.40872
    934.93    100000   -1.75476   -3.08375   -3.13291   -3.16479   -2.48398
    958.30      5000   -1.82764   -3.05747   -2.88257   -2.85766   -2.51710
    981.67     10000   -1.88534   -2.94954   -2.81041   -2.78923   -2.53963
   1005.04     15000   -1.89304   -3.09565   -3.06348   -3.05961   -2.61227
   1028.41     20000   -1.95976   -3.32239   -3.23726   -3.22689   -2.67503
   1051.78     25000   -2.03789   -3.14013   -2.96934   -2.94623   -2.68239
   1075.15     30000   -2.03202   -3.13760   -3.03842   -3.02343   -2.71825
   1098.52     35000   -2.06571   -3.38271   -3.43345   -3.46136   -2.79506
   1121.90     40000   -2.13708   -3.38363   -3.20935   -3.18540   -2.82963
   1145.27     45000   -2.19816   -3.25981   -3.11681   -3.09537   -2.84723
   1168.64     50000   -2.19806   -3.38834   -3.34806   -3.34279   -2.91516
   1192.01     55000   -2.26287   -3.63155   -3.56683   -3.56031   -2.98085
   1215.38     60000   -2.34048   -3.45539   -3.28310   -3.25958   -2.99102
   1238.75     65000   -2.34328   -3.44229   -3.33701   -3.32100   -3.02584
   1262.12     70000   -2.37407   -3.67786   -3.72443   -3.74805   -3.10331
   1285.49     75000   -2.44546   -3.70822   -3.53668   -3.51354   -3.14056
   1308.86     80000   -2.51181   -3.57068   -3.42393   -3.40224   -3.15503
   1332.23     85000   -2.50537   -3.68313   -3.63443   -3.62766   -3.21917
   1355.60     90000   -2.56768   -3.93909   -3.89666   -3.89495   -3.28754
   1378.97     95000   -2.64369   -3.77220   -3.59832   -3.57452   -3.29999
   1402.34    100000   -2.65289   -3.74661   -3.63580   -3.61892   -3.33271
   1425.71      5000   -2.68085   -3.97128   -4.01002   -4.02930   -3.41018
   1449.08     10000   -2.75195   -4.03186   -3.86481   -3.84245   -3.45068
   1472.45     15000   -2.82523   -3.88215   -3.73188   -3.70992   -3.46306
   1495.82     20000   -2.81347   -3.97934   -3.92246   -3.91423   -3.52380
   1519.19     25000   -2.87211   -4.24427   -4.22486   -4.22869   -3.59458
   1542.56     30000   -2.94810   -4.09030   -3.91491   -3.89092   -3.60921
   1565.93     35000   -2.96322   -4.05126   -3.93536   -3.91772   -3.63938
   1589.30     40000   -2.98744   -4.26391   -4.29284   -4.30793   -3.71632
   1612.67     45000   -3.05867   -4.35477   -4.19392   -4.17247   -3.76034
   1636.04     50000   -3.13937   -4.19432   -4.04070   -4.01843   -3.77130
   1659.40     55000   -3.12278   -4.27669   -4.21199   -4.20236   -3.82879
   1682.77     60000   -3.17799   -4.54688   -4.54966   -4.55947   -3.90167
   1706.14     65000   -3.25313   -4.40949   -4.23278   -4.20867   -3.91860
   1729.51     70000   -3.27452   -4.35658   -4.23587   -4.21756   -3.94608
   1752.88     75000   -3.29377   -4.55639   -4.57450   -4.58566   -4.02206
   1776.25     80000   -3.36442   -4.67682   -4.52410   -4.50380   -4.06968
   1799.62     85000   -3.45262   -4.50726   -4.35040   -4.32783   -4.07972
   1822.99     90000   -3.43068   -4.57503   -4.50291   -4.49196   -4.13400
   1846.36     95000   -3.48327   -4.84697   -4.86945   -4.88510   -4.20867
   1869.73    100000   -3.55697   -4.72959   -4.55190   -4.52775   -4.22811
   1893.10      5000   -3.58465   -4.66267   -4.53738   -4.51845   -4.25289
   1916.47     10000   -3.60105   -4.84909   -4.85601   -4.86357   -4.32756
   1939.84     15000   -3.66989   -4.99772   -4.85538   -4.83655   -4.37879
   1963.21     20000   -3.75966   -4.82097   -4.66102   -4.63817   -4.38832
   1986.58     25000   -3.73972   -4.87428   -4.79511   -4.78297   -4.43938
   2009.95     30000   -3.78915   -5.14479   -5.18294   -5.20356   -4.51550
   2033.32     35000   -3.86159   -5.05045   -4.87225   -4.84812   -4.53769
   2056.68     40000   -3.89511   -4.96955   -4.83988   -4.82039   -4.55988
   2080.05     45000   -3.90790   -5.14222   -5.13800   -5.14230   -4.63291
   2103.42     50000   -3.97640   -5.31714   -5.18766   -5.17072   -4.68767
   2126.79     55000   -4.06473   -5.13546   -4.97258   -4.94946   -4.69708
   2150.16     60000   -4.04990   -5.17438   -5.08856   -5.07532   -4.74491
   2173.53     65000   -4.09471   -5.44070   -5.48941   -5.51342   -4.82214
   2196.90     70000   -4.16722   -5.37197   -5.19383   -5.16981   -4.84729
   2220.27     75000   -4.20668   -5.27722   -5.14337   -5.12337   -4.86704
   2243.64     80000   -4.21578   -5.43590   -5.42086   -5.42225   -4.93817
   2267.01     85000   -4.28362   -5.63469   -5.52072   -5.50617   -4.99634
   2290.38     90000   -4.36785   -5.45074   -5.28511   -5.26174   -5.00600
   2313.75     95000   -4.35883   -5.47530   -5.38320   -5.36896   -5.05057
   2337.12    100000   -4.40057   -5.73510   -5.78891   -5.81431   -5.12856
   2360.49      5000   -4.47133   -5.69402   -5.51668   -5.49285   -5.15690
   2383.86     10000   -4.51852   -5.58570   -5.44783   -5.42735   -5.17441
   2407.22     15000   -4.52346   -5.73023   -5.70482   -5.70362   -5.24337
   2430.59     20000   -4.58934   -5.95000   -5.85421   -5.84267   -5.30479
   2453.96     25000   -4.67209   -5.76683   -5.59862   -5.57504   -5.31506
   2477.33     30000   -4.66843   -5.77705   -5.67901   -5.66384   -5.35639
   2500.70     35000   -4.70601   -6.02839   -6.08221   -6.10705   -5.43479
   2524.07     40000   -4.77629   -6.01648   -5.84081   -5.81727   -5.46648
   2547.44     45000   -4.83103   -5.89497   -5.75325   -5.73233   -5.48197
   2570.80     50000   -4.83047   -6.02526   -5.99001   -5.98653   -5.54855
   2594.17     55000   -4.89541   -6.26271   -6.18756   -6.17975   -5.61301
   2617.54     60000   -4.97621   -6.08373   -5.91314   -5.88937   -5.62426
   2640.91     65000   -4.97790   -6.07961   -5.97593   -5.95993   -5.66236
   2664.27     70000   -5.01197   -6.32095   -6.37056   -6.39329   -5.74081
   2687.64     75000   -5.08235   -6.33919   -6.16625   -6.14313   -5.77601
   2711.01     80000   -5.14464   -6.20505   -6.05963   -6.03829   -5.78973
   2734.38     85000   -5.13857   -6.32105   -6.27651   -6.27100   -5.85373
   2757.75     90000   -5.20168   -6.57260   -6.51996   -6.51667   -5.92100
   2781.12     95000   -5.27931   -6.40143   -6.22870   -6.20477   -5.93357
   2804.48    100000   -5.28737   -6.38297   -6.27395   -6.25718   -5.96850
   2827.85      5000   -5.31731   -6.61310   -6.65539   -6.67499   -6.04666
   2851.22     10000   -5.38842   -6.66194   -6.49301   -6.47046   -6.08546
   2874.59     15000   -5.45787   -6.51593   -6.36695   -6.34523   -6.09769
   2897.95     20000   -5.44726   -6.61761   -6.56434   -6.55702   -6.15893
   2921.32     25000   -5.50699   -6.87952   -6.85035   -6.85232   -6.22874
   2944.69     30000   -5.58353   -6.71992   -6.54531   -6.52126   -6.24298
   2968.06     35000   -5.59703   -6.68715   -6.57304   -6.55556   -6.27482
   2991.42     40000   -5.62356   -6.90513   -6.93802   -6.95403   -6.35234
   3014.79     45000   -5.69427   -6.98449   -6.82110   -6.79933   -6.39481
   3038.16     50000   -5.77175   -6.82762   -6.67523   -6.65314   -6.40584
   3061.53     55000   -5.75642   -6.91497   -6.85349   -6.84456   -6.46419
   3084.90     60000   -5.81280   -7.18351   -7.17743   -7.18520   -6.53624
   3108.27     65000   -5.88886   -7.03918   -6.86302   -6.83888   -6.55248
   3131.63     70000   -5.90781   -6.99212   -6.87316   -6.85503   -6.58132
   3155.00     75000   -5.92924   -7.19727   -7.21957   -7.23188   -6.65789
   3178.36     80000   -6.00056   -7.30653   -7.15051   -7.12975   -6.70404
   3201.73     85000   -6.08562   -7.14011   -6.98445   -6.96203   -6.71418
   3225.10     90000   -6.06505   -7.21314   -7.14395   -7.13359   -6.76951
   3248.46     95000   -6.11879   -7.48474   -7.49976   -7.51342   -6.84349
   3271.83    100000   -6.19293   -7.35918   -7.18185   -7.15767   -6.86203
   3295.20      5000   -6.21864   -7.29790   -7.17431   -7.15557   -6.88800
   3318.56     10000   -6.23597   -7.48970   -7.50089   -7.50963   -6.96331
   3341.93     15000   -6.30550   -7.62771   -7.48116   -7.46173   -7.01312
   3365.29     20000   -6.39526   -7.45343   -7.29463   -7.27191   -7.02270
   3388.66     25000   -6.37373   -7.51212   -7.43568   -7.42403   -7.07491
   3412.03     30000   -6.42433   -7.78349   -7.81603   -7.83502   -7.15049
   3435.40     35000   -6.49735   -7.67988   -7.50182   -7.47766   -7.17164
   3458.76     40000   -6.52866   -7.60447   -7.47645   -7.45716   -7.19489
   3482.13     45000   -6.54291   -7.78257   -7.78258   -7.78801   -7.26863
   3505.49     50000   -6.61154   -7.94764   -7.81296   -7.79523   -7.32203
   3528.86     55000   -6.70104   -7.76755   -7.60578   -7.58277   -7.33139
   3552.23     60000   -6.68351   -7.81193   -7.72866   -7.71585   -7.38042
   3575.59     65000   -6.73040   -8.08014   -8.12536   -8.14837   -7.45726
   3598.96     70000   -6.80258   -8.00122   -7.82299   -7.79891   -7.48126
   3622.33     75000   -6.83979   -7.91185   -7.77958   -7.75976   -7.50197
   3645.69     80000   -6.85035   -8.07599   -8.06505   -8.06748   -7.57389
   3669.06     85000   -6.91867   -8.26592   -8.14569   -8.13014   -7.63075
   3692.43     90000   -7.00422   -8.08250   -7.91790   -7.89463   -7.64025
   3715.80     95000   -6.99297   -8.11254   -8.02284   -8.00898   -7.68606
   3739.17    100000   -7.03586   -8.37510   -8.42755   -8.45271   -7.76379
   3762.54      5000   -7.10740   -8.32312   -8.14538   -8.12146   -7.79089
   3785.90     10000   -7.15170   -8.22002   -8.08368   -8.06337   -7.80925
   3809.27     15000   -7.15876   -8.37004   -8.34855   -8.34830   -7.87909
   3832.64     20000   -7.22472   -8.58211   -8.47903   -8.46625   -7.93928
   3856.01     25000   -7.30803   -8.39826   -8.23101   -8.20752   -7.94926
   3879.38     30000   -7.30252   -8.41398   -8.31820   -8.30338   -7.99182
   3902.75     35000   -7.34169   -8.66878   -8.72314   -8.74843   -8.07010
   3926.13     40000   -7.41194   -8.64546   -8.46903   -8.44536   -8.10049
   3949.49     45000   -7.46377   -8.52899   -8.38874   -8.36798   -8.11673
   3972.85     50000   -7.46535   -8.66479   -8.63326   -8.63062   -8.18426
   3995.46     55000   -7.53100   -8.89585   -8.81249   -8.80315   -8.24758
   4018.03     60000   -7.61295   -8.71483   -8.54513   -8.52143   -8.25840
   4040.59     65000   -7.61182   -8.71623   -8.61469   -8.59901   -8.29774
   4062.78     70000   -7.64724   -8.96158   -9.01324   -9.03694   -8.37620
   4085.18     75000   -7.71758   -8.96811   -8.79397   -8.77067   -8.41004
   4107.26     80000   -7.77700   -8.83876   -8.69475   -8.67357   -8.42441
   4129.12     85000   -7.77303   -8.96028   -8.91926   -8.91449   -8.48943
   4150.91     90000   -7.83684   -9.20684   -9.14536   -9.14023   -8.55565
   4172.74     95000   -7.91568   -9.03222   -8.86028   -8.83641   -8.56767
   4194.52    100000   -7.92163   -9.01928   -8.91229   -8.89581   -8.60381
   4216.21      5000   -7.95288   -9.25385   -9.29926   -9.32016   -8.68212
MyID= 0: Time=  0.1,has convergenced
     1684371 iterations for the convertgence of psi
 MyID=           0 has finish
