 START-UP FOR CHUNK...
     23.42      5000   -0.66453   -2.04515   -2.33722   -2.63245   -1.29283
     46.73     10000   -0.92370   -2.11397   -2.49428   -2.63917   -1.54526
     70.04     15000   -1.03914   -2.19633   -2.41205   -2.49823   -1.68483
     93.35     20000   -1.07644   -2.65274   -2.27113   -2.29502   -1.77279
    116.66     25000   -1.03520   -2.57557   -2.08883   -2.08170   -1.77094
    139.99     30000   -0.92331   -2.31069   -1.84705   -1.85959   -1.65254
    163.32     35000   -0.76763   -2.07312   -1.62384   -1.63664   -1.46164
    186.65     40000   -0.61575   -1.77376   -1.46339   -1.45889   -1.26550
    209.98     45000   -0.47792   -1.57623   -1.46156   -1.44156   -1.13849
    233.31     50000   -0.43523   -1.75049   -1.73394   -1.79160   -1.15692
    256.64     55000   -0.52086   -1.82644   -1.66067   -1.62110   -1.24875
    279.96     60000   -0.72156   -1.80607   -1.64951   -1.62075   -1.36504
    303.28     65000   -0.79136   -2.04443   -1.96298   -1.94483   -1.50901
    326.60     70000   -0.86956   -2.19963   -2.12383   -2.12684   -1.57746
    349.91     75000   -0.87924   -2.01517   -1.80631   -1.79248   -1.53442
    373.22     80000   -0.82686   -1.91621   -1.80067   -1.78023   -1.49772
    396.53     85000   -0.80929   -2.08820   -2.11987   -2.14917   -1.54102
    419.85     90000   -0.88787   -2.17097   -2.03000   -2.00184   -1.59994
    443.17     95000   -1.01964   -2.06820   -1.92843   -1.90544   -1.65337
    466.48    100000   -1.04668   -2.23638   -2.16325   -2.15115   -1.75248
 ITERATION...
    489.80      5000   -1.11872   -2.47157   -2.47005   -2.47264   -1.83248
    513.11     10000   -1.16860   -2.30887   -2.12943   -2.11021   -1.82777
    536.42     15000   -1.15653   -2.24105   -2.12796   -2.10901   -1.82626
    559.73     20000   -1.15940   -2.43057   -2.46511   -2.48686   -1.88726
    583.04     25000   -1.23615   -2.52251   -2.38465   -2.36165   -1.94224
    606.35     30000   -1.34341   -2.38901   -2.24531   -2.22166   -1.97301
    629.66     35000   -1.34647   -2.50965   -2.43988   -2.42585   -2.04884
    652.98     40000   -1.40956   -2.76606   -2.79984   -2.80665   -2.12862
    676.30     45000   -1.47412   -2.62634   -2.45464   -2.43342   -2.13881
    699.62     50000   -1.48287   -2.56471   -2.44686   -2.42719   -2.15076
    722.96     55000   -1.49343   -2.75234   -2.78093   -2.79201   -2.21857
    746.31     60000   -1.56617   -2.86648   -2.73677   -2.71762   -2.27333
    769.64     65000   -1.66758   -2.71532   -2.56531   -2.54180   -2.29292
    792.98     70000   -1.65647   -2.80311   -2.72750   -2.71195   -2.35495
    816.30     75000   -1.71310   -3.06579   -3.12721   -3.13951   -2.43490
    839.63     80000   -1.78277   -2.95191   -2.78347   -2.76164   -2.45382
    862.95     85000   -1.80622   -2.88358   -2.75875   -2.73855   -2.47002
    886.27     90000   -1.81733   -3.06103   -3.07355   -3.07648   -2.53980
    909.59     95000   -1.88870   -3.20486   -3.09122   -3.07512   -2.59740
    932.91    100000   -1.98180   -3.04168   -2.88695   -2.86365   -2.61192
    956.24      5000   -1.97176   -3.10328   -3.01927   -3.00274   -2.66469
    979.56     10000   -2.02080   -3.36546   -3.44372   -3.46052   -2.74506
   1002.88     15000   -2.09323   -3.28157   -3.11640   -3.09433   -2.77051
   1026.21     20000   -2.12893   -3.19980   -3.06906   -3.04836   -2.78697
   1049.53     25000   -2.13750   -3.36265   -3.35702   -3.35449   -2.85609
   1072.86     30000   -2.20656   -3.53883   -3.44773   -3.43481   -2.91772
   1096.20     35000   -2.29241   -3.36846   -3.21037   -3.18711   -2.93053
   1119.52     40000   -2.28869   -3.40668   -3.31446   -3.29711   -2.97627
   1142.84     45000   -2.33116   -3.66293   -3.74552   -3.76414   -3.05683
   1166.16     50000   -2.40338   -3.61463   -3.45312   -3.43111   -3.08809
   1189.49     55000   -2.45174   -3.51619   -3.38028   -3.35905   -3.10323
   1212.82     60000   -2.45412   -3.66155   -3.63893   -3.63252   -3.17010
   1236.14     65000   -2.52192   -3.86806   -3.80526   -3.79657   -3.23597
   1259.47     70000   -2.60462   -3.69662   -3.53568   -3.51240   -3.24906
   1282.79     75000   -2.60645   -3.71279   -3.61268   -3.59453   -3.28895
   1306.11     80000   -2.64288   -3.95834   -4.03426   -4.05112   -3.36924
   1329.43     85000   -2.71626   -3.94996   -3.79334   -3.77178   -3.40609
   1352.75     90000   -2.77472   -3.83410   -3.69326   -3.67155   -3.41950
   1376.06     95000   -2.77161   -3.96043   -3.92235   -3.91296   -3.48314
   1399.38    100000   -2.83600   -4.19163   -4.16212   -4.15912   -3.55295
   1422.70      5000   -2.91442   -4.02628   -3.86298   -3.83971   -3.56765
   1446.02     10000   -2.92403   -4.02125   -3.91355   -3.89464   -3.60237
   1469.33     15000   -2.95539   -4.25269   -4.31422   -4.32673   -3.68181
   1492.64     20000   -3.02895   -4.28623   -4.13692   -4.11622   -3.72422
   1515.96     25000   -3.09875   -4.15372   -4.00823   -3.98613   -3.73606
   1539.28     30000   -3.08969   -4.26037   -4.20831   -4.19658   -3.79582
   1562.60     35000   -3.14922   -4.50911   -4.51536   -4.51941   -3.86905
   1585.92     40000   -3.22651   -4.35730   -4.19243   -4.16922   -3.88634
   1609.24     45000   -3.24415   -4.33163   -4.21682   -4.19723   -3.91637
   1632.56     50000   -3.26829   -4.54672   -4.58979   -4.59711   -3.99435
   1655.89     55000   -3.34215   -4.62244   -4.48380   -4.46437   -4.04224
   1679.22     60000   -3.42387   -4.47498   -4.32528   -4.30285   -4.05297
   1702.54     65000   -3.40670   -4.56167   -4.49709   -4.48350   -4.10845
   1725.85     70000   -3.46221   -4.82063   -4.86053   -4.87224   -4.18444
   1749.16     75000   -3.53788   -4.68968   -4.52417   -4.50108   -4.20511
   1772.48     80000   -3.56292   -4.64371   -4.52234   -4.50216   -4.23085
   1795.81     85000   -3.58278   -4.84094   -4.86436   -4.86674   -4.30676
   1819.16     90000   -3.65467   -4.95769   -4.83387   -4.81624   -4.36003
   1842.49     95000   -3.74286   -4.79792   -4.64441   -4.62173   -4.37025
   1865.82    100000   -3.72524   -4.86447   -4.78871   -4.77360   -4.42118
   1889.14      5000   -3.77551   -5.12668   -5.19253   -5.21079   -4.49922
   1912.46     10000   -3.85002   -5.02342   -4.85836   -4.83548   -4.52392
   1935.78     15000   -3.88341   -4.95744   -4.83005   -4.80933   -4.54579
   1959.11     20000   -3.89813   -5.13581   -5.14006   -5.13817   -4.61906
   1982.43     25000   -3.96957   -5.29092   -5.18685   -5.17176   -4.67748
   2005.75     30000   -4.05430   -5.12255   -4.96566   -4.94277   -4.68788
   2029.06     35000   -4.04328   -5.16890   -5.08309   -5.06672   -4.73412
   2052.37     40000   -4.08848   -5.42817   -5.50782   -5.52932   -4.81345
   2075.70     45000   -4.16178   -5.35841   -5.19515   -5.17261   -4.84271
   2099.03     50000   -4.20531   -5.27284   -5.13986   -5.11868   -4.86117
   2122.37     55000   -4.21359   -5.43169   -5.41808   -5.41263   -4.93129
   2145.69     60000   -4.28265   -5.62096   -5.54213   -5.53057   -4.99450
   2169.02     65000   -4.36502   -5.44890   -5.28906   -5.26601   -5.00583
   2192.34     70000   -4.36197   -5.47499   -5.38009   -5.36266   -5.04734
   2215.66     75000   -4.40102   -5.72622   -5.80651   -5.82704   -5.12721
   2238.98     80000   -4.47404   -5.69443   -5.53468   -5.51265   -5.16143
   2262.29     85000   -4.52853   -5.58991   -5.45175   -5.43015   -5.17699
   2285.59     90000   -4.52927   -5.72885   -5.69896   -5.69059   -5.24350
   2308.90     95000   -4.59610   -5.94663   -5.89841   -5.89166   -5.31106
   2332.22    100000   -4.67565   -5.77693   -5.61464   -5.59150   -5.32406
   2355.54      5000   -4.67997   -5.78276   -5.67961   -5.66127   -5.36089
   2378.85     10000   -4.71376   -6.02201   -6.09236   -6.10874   -5.44054
   2402.17     15000   -4.78783   -6.03109   -5.87711   -5.85582   -5.48000
   2425.50     20000   -4.85128   -5.90863   -5.76570   -5.74372   -5.49324
   2448.82     25000   -4.84622   -6.02746   -5.98289   -5.97214   -5.55575
   2472.14     30000   -4.90867   -6.26703   -6.25337   -6.25290   -5.62711
   2495.46     35000   -4.98624   -6.10662   -5.94249   -5.91931   -5.64251
   2518.78     40000   -4.99887   -6.09220   -5.98152   -5.96240   -5.67480
   2542.10     45000   -5.02703   -6.31658   -6.37055   -6.38144   -5.75351
   2565.42     50000   -5.10122   -6.36787   -6.22256   -6.20233   -5.79836
   2588.74     55000   -5.17598   -6.22901   -6.08168   -6.05939   -5.80991
   2612.06     60000   -5.16398   -6.32762   -6.26988   -6.25717   -5.86812
   2635.39     65000   -5.22216   -6.58167   -6.60326   -6.61027   -5.94263
   2658.71     70000   -5.29864   -6.43792   -6.27267   -6.24954   -5.96114
   2682.03     75000   -5.31889   -6.40332   -6.28572   -6.26593   -5.98911
   2705.36     80000   -5.34097   -6.61079   -6.64557   -6.65100   -6.06618
   2728.68     85000   -5.41374   -6.70405   -6.57107   -6.55233   -6.11643
   2752.00     90000   -5.50123   -6.55107   -6.39971   -6.37715   -6.12697
   2775.32     95000   -5.48111   -6.62941   -6.55985   -6.54551   -6.18065
   2798.64    100000   -5.53473   -6.89064   -6.94308   -6.95762   -6.25762
   2821.95      5000   -5.60966   -6.77075   -6.60531   -6.58231   -6.27988
   2845.25     10000   -5.63805   -6.71609   -6.59215   -6.57176   -6.30383
   2868.53     15000   -5.65565   -6.90530   -6.92050   -6.92110   -6.37863
   2891.82     20000   -5.72735   -7.03873   -6.92258   -6.90594   -6.43415
   2915.10     25000   -5.81545   -6.87480   -6.71981   -6.69702   -6.44441
   2938.40     30000   -5.79982   -6.93286   -6.85266   -6.83696   -6.49341
   2961.72     35000   -5.84752   -7.19456   -7.26804   -7.28803   -6.57210
   2985.04     40000   -5.92250   -7.10497   -6.94050   -6.91776   -6.59866
   3008.37     45000   -5.95957   -7.03053   -6.90073   -6.87982   -6.61897
   3031.70     50000   -5.97204   -7.20060   -7.19711   -7.19368   -6.69094
   3055.01     55000   -6.04154   -7.37082   -7.27673   -7.26302   -6.75145
   3078.31     60000   -6.12527   -7.20021   -7.04201   -7.01904   -6.76218
   3101.62     65000   -6.11806   -7.23799   -7.14818   -7.13133   -6.80643
   3124.93     70000   -6.16045   -7.49441   -7.57590   -7.59740   -6.88610
   3148.24     75000   -6.23344   -7.44040   -7.27839   -7.25605   -6.91741
   3171.54     80000   -6.28166   -7.34663   -7.21141   -7.19005   -6.93455
   3194.85     85000   -6.28667   -7.49701   -7.47630   -7.46957   -7.00317
   3218.16     90000   -6.35507   -7.69916   -7.63269   -7.62302   -7.06830
   3241.46     95000   -6.43700   -7.52730   -7.36635   -7.34325   -7.08026
   3264.77    100000   -6.43673   -7.54479   -7.44628   -7.42844   -7.11978
   3288.08      5000   -6.47344   -7.79135   -7.86849   -7.88748   -7.19965
   3311.39     10000   -6.54668   -7.77671   -7.61912   -7.59737   -7.23607
   3334.69     15000   -6.60471   -7.66439   -7.52416   -7.50240   -7.25056
   3358.00     20000   -6.60324   -7.79478   -7.75846   -7.74904   -7.31540
   3381.30     25000   -6.66850   -8.02269   -7.98881   -7.98457   -7.38465
   3404.61     30000   -6.74658   -7.85605   -7.69290   -7.66973   -7.39859
   3427.92     35000   -6.75444   -7.85328   -7.74683   -7.72815   -7.43347
   3451.23     40000   -6.78619   -8.08650   -8.15044   -8.16452   -7.51281
   3474.53     45000   -6.85995   -8.11348   -7.96281   -7.94192   -7.55456
   3497.83     50000   -6.92835   -7.98382   -7.83897   -7.81685   -7.56699
   3521.14     55000   -6.92060   -8.09404   -8.04370   -8.03208   -7.62770
   3544.45     60000   -6.98096   -8.34068   -8.34218   -8.34479   -7.70048
   3567.75     65000   -7.05817   -8.18644   -8.02174   -7.99857   -7.71713
   3591.06     70000   -7.07434   -8.16343   -8.04973   -8.03031   -7.74755
   3614.37     75000   -7.09939   -8.38083   -8.42680   -8.43530   -7.82564
   3637.67     80000   -7.17369   -8.45010   -8.30955   -8.28989   -7.87280
   3660.98     85000   -7.25339   -8.30491   -8.15582   -8.13340   -7.88383
   3684.29     90000   -7.23769   -8.39489   -8.33197   -8.31853   -7.94013
   3707.60     95000   -7.29393   -8.65287   -8.68844   -8.69876   -8.01578
   3730.91    100000   -7.36975   -8.51841   -8.35296   -8.32987   -8.03581
   3754.22      5000   -7.39347   -8.47526   -8.35490   -8.33484   -8.06203
   3777.53     10000   -7.41398   -8.67509   -8.70150   -8.70477   -8.13821
   3800.84     15000   -7.48596   -8.78576   -8.65935   -8.64142   -8.19073
   3824.15     20000   -7.57432   -8.62767   -8.47472   -8.45206   -8.20106
   3847.22     25000   -7.55581   -8.69739   -8.62316   -8.60822   -8.25276
   3869.82     30000   -7.60729   -8.95959   -9.02244   -9.03969   -8.33055
   3892.35     35000   -7.68158   -8.85186   -8.68667   -8.66376   -8.35457
   3914.84     40000   -7.71362   -8.78874   -8.66225   -8.64163   -8.37693
   3937.33     45000   -7.72905   -8.96989   -8.97698   -8.97577   -8.45060
   3959.37     50000   -7.80056   -9.11948   -9.01204   -8.99653   -8.50828
   3981.64     55000   -7.88632   -8.95212   -8.79571   -8.77283   -8.51864
   4004.15     60000   -7.87400   -9.00155   -8.91714   -8.90093   -8.56562
   4025.93     65000   -7.91986   -9.26164   -9.34017   -9.36134   -8.64483
   4047.64     70000   -7.99359   -9.18662   -9.02300   -9.00040   -8.67336
MyID= 0: Time=  0.1,has convergenced
     1685276 iterations for the convertgence of psi
 MyID=           0 has finish
