 START-UP FOR CHUNK...
     23.46      5000   -0.67188   -2.04616   -2.35588   -2.82758   -1.29229
     46.84     10000   -0.94594   -2.11365   -2.59627   -2.84898   -1.54619
     70.19     15000   -1.08123   -2.19115   -2.55696   -2.71653   -1.69159
     93.55     20000   -1.15489   -2.64841   -2.43604   -2.51390   -1.80065
    116.94     25000   -1.15250   -2.79038   -2.30803   -2.29975   -1.85307
    140.30     30000   -1.07790   -2.50370   -2.05804   -2.07287   -1.80259
    163.65     35000   -0.94027   -2.28047   -1.81488   -1.83335   -1.64267
    187.02     40000   -0.76575   -2.03059   -1.59024   -1.59892   -1.42574
    210.41     45000   -0.58857   -1.70425   -1.43717   -1.42391   -1.22004
    233.79     50000   -0.41965   -1.53576   -1.45727   -1.44615   -1.10573
    257.16     55000   -0.39154   -1.81843   -1.70589   -1.74007   -1.14239
    280.53     60000   -0.51897   -1.76055   -1.59697   -1.55117   -1.24017
    303.91     65000   -0.70467   -1.82510   -1.67182   -1.63981   -1.37658
    327.28     70000   -0.78437   -2.07966   -2.05752   -2.04336   -1.51621
    350.66     75000   -0.84887   -2.15149   -1.96928   -1.96475   -1.54705
    374.03     80000   -0.84736   -1.94680   -1.74441   -1.72882   -1.48641
    397.40     85000   -0.77776   -1.89498   -1.81460   -1.80295   -1.46688
    420.77     90000   -0.78931   -2.15364   -2.14720   -2.19248   -1.52585
    444.14     95000   -0.88486   -2.08384   -1.92659   -1.89551   -1.57900
    467.50    100000   -0.98808   -2.06842   -1.93581   -1.91454   -1.65123
 ITERATION...
    490.86      5000   -1.03582   -2.29705   -2.27968   -2.27750   -1.75893
    514.23     10000   -1.10733   -2.42642   -2.29159   -2.27904   -1.80941
    537.59     15000   -1.15440   -2.23681   -2.06443   -2.04437   -1.79002
    560.96     20000   -1.11543   -2.23791   -2.16040   -2.14919   -1.80774
    584.32     25000   -1.14616   -2.50055   -2.52940   -2.56787   -1.87702
    607.71     30000   -1.23165   -2.42166   -2.25957   -2.23196   -1.91594
    631.09     35000   -1.29805   -2.36989   -2.24077   -2.22000   -1.96095
    654.47     40000   -1.32787   -2.56814   -2.55680   -2.55455   -2.05044
    677.83     45000   -1.39923   -2.72965   -2.61244   -2.59820   -2.10579
    701.20     50000   -1.46674   -2.54628   -2.38146   -2.35963   -2.10239
    724.56     55000   -1.44251   -2.56345   -2.48218   -2.46906   -2.13448
    747.94     60000   -1.47951   -2.82368   -2.87375   -2.90834   -2.20823
    771.30     65000   -1.55888   -2.75811   -2.59113   -2.56553   -2.24165
    794.68     70000   -1.61299   -2.68104   -2.54911   -2.52796   -2.27248
    818.04     75000   -1.63161   -2.85465   -2.83863   -2.83516   -2.35189
    841.40     80000   -1.70072   -3.04279   -2.94292   -2.92967   -2.41124
    864.79     85000   -1.77662   -2.86245   -2.69781   -2.67535   -2.41537
    888.18     90000   -1.76315   -2.87868   -2.78968   -2.77503   -2.45221
    911.56     95000   -1.80075   -3.13329   -3.19427   -3.22498   -2.52853
    934.95    100000   -1.87480   -3.09138   -2.92309   -2.89892   -2.56148
    958.33      5000   -1.92957   -2.99445   -2.85829   -2.83689   -2.58426
    981.70     10000   -1.93884   -3.14759   -3.12200   -3.11683   -2.65727
   1005.07     15000   -2.00673   -3.35897   -3.27925   -3.26838   -2.72031
   1028.46     20000   -2.08534   -3.18089   -3.01530   -2.99236   -2.72855
   1051.83     25000   -2.08001   -3.18858   -3.09199   -3.07620   -2.76575
   1075.20     30000   -2.11538   -3.43576   -3.49797   -3.52435   -2.84349
   1098.56     35000   -2.18792   -3.42241   -3.25594   -3.23264   -2.87846
   1121.92     40000   -2.24747   -3.30852   -3.16844   -3.14687   -2.89635
   1145.29     45000   -2.24861   -3.44326   -3.40746   -3.40072   -2.96461
   1168.66     50000   -2.31458   -3.67482   -3.61808   -3.61095   -3.03103
   1192.05     55000   -2.39265   -3.50128   -3.33442   -3.31110   -3.04206
   1215.43     60000   -2.39559   -3.49647   -3.39334   -3.37654   -3.07757
   1238.80     65000   -2.42763   -3.73410   -3.79074   -3.81255   -3.15585
   1262.16     70000   -2.50056   -3.75274   -3.58986   -3.56725   -3.19403
   1285.53     75000   -2.56582   -3.62357   -3.47975   -3.45789   -3.20876
   1308.89     80000   -2.56074   -3.74093   -3.69522   -3.68692   -3.27302
   1332.26     85000   -2.62352   -3.98848   -3.95697   -3.95492   -3.34246
   1355.63     90000   -2.70013   -3.82362   -3.65520   -3.63162   -3.35590
   1379.02     95000   -2.71012   -3.80440   -3.69526   -3.67760   -3.38881
   1402.39    100000   -2.73887   -4.03037   -4.07721   -4.09427   -3.46691
   1425.75      5000   -2.81116   -4.08253   -3.92502   -3.90326   -3.50885
   1449.13     10000   -2.88447   -3.93973   -3.79218   -3.77001   -3.52146
   1472.51     15000   -2.87375   -4.04033   -3.98511   -3.97523   -3.58202
   1495.87     20000   -2.93267   -4.29909   -4.29367   -4.29774   -3.65410
   1519.25     25000   -3.00907   -4.14749   -3.97761   -3.95388   -3.66999
   1542.62     30000   -3.02572   -4.11310   -3.99829   -3.97986   -3.69994
   1565.98     35000   -3.04953   -4.32595   -4.36050   -4.37286   -3.77728
   1589.38     40000   -3.12261   -4.41153   -4.26161   -4.24093   -3.82322
   1612.76     45000   -3.20388   -4.25687   -4.10573   -4.08328   -3.83443
   1636.13     50000   -3.18706   -4.34113   -4.27687   -4.26554   -3.89137
   1659.49     55000   -3.24282   -4.60641   -4.62586   -4.63648   -3.96570
   1682.86     60000   -3.31793   -4.47250   -4.30158   -4.27780   -3.98426
   1706.23     65000   -3.34150   -4.42267   -4.30255   -4.28346   -4.01116
   1729.61     70000   -3.36081   -4.62147   -4.64262   -4.65062   -4.08726
   1752.97     75000   -3.43183   -4.73948   -4.59972   -4.58040   -4.13726
   1776.34     80000   -3.52134   -4.57491   -4.42044   -4.39772   -4.14763
   1799.70     85000   -3.50025   -4.64307   -4.57038   -4.55771   -4.20096
   1823.09     90000   -3.55245   -4.91059   -4.95120   -4.96795   -4.27713
   1846.45     95000   -3.62641   -4.79850   -4.62710   -4.60336   -4.29864
   1869.82    100000   -3.65633   -4.73317   -4.60809   -4.58840   -4.32257
   1893.21      5000   -3.67230   -4.91724   -4.92485   -4.92895   -4.39700
   1916.56     10000   -3.74231   -5.06607   -4.93931   -4.92175   -4.45101
   1939.92     15000   -3.83138   -4.89389   -4.73632   -4.71335   -4.46105
   1963.27     20000   -3.81489   -4.94606   -4.86552   -4.85166   -4.51074
   1986.64     25000   -3.86261   -5.21199   -5.26790   -5.28932   -4.58832
   2009.99     30000   -3.93591   -5.12540   -4.95420   -4.93056   -4.61308
   2033.38     35000   -3.97254   -5.04464   -4.91489   -4.89467   -4.63419
   2056.76     40000   -3.98448   -5.21352   -5.20796   -5.20866   -4.70659
   2080.13     45000   -4.05413   -5.39081   -5.28020   -5.26495   -4.76450
   2103.50     50000   -4.13909   -5.21387   -5.05342   -5.03022   -4.77467
   2126.87     55000   -4.12878   -5.25009   -5.16222   -5.14730   -4.82071
   2150.23     60000   -4.17257   -5.51109   -5.57522   -5.59901   -4.89925
   2173.58     65000   -4.24483   -5.45307   -5.28288   -5.25945   -4.92753
   2196.96     70000   -4.28949   -5.35712   -5.22294   -5.20223   -4.94607
   2220.33     75000   -4.29686   -5.51051   -5.49241   -5.49016   -5.01610
   2243.70     80000   -4.36420   -5.71316   -5.62202   -5.60975   -5.07770
   2267.09     85000   -4.44722   -5.53484   -5.37175   -5.34836   -5.08848
   2290.47     90000   -4.44327   -5.55515   -5.46044   -5.44455   -5.13086
   2313.84     95000   -4.48237   -5.80845   -5.87374   -5.89735   -5.20992
   2337.21    100000   -4.55389   -5.78134   -5.61320   -5.59010   -5.24196
   2360.59      5000   -4.60705   -5.67060   -5.53221   -5.51107   -5.25819
   2383.96     10000   -4.60837   -5.80832   -5.77843   -5.77363   -5.32557
   2407.33     15000   -4.67471   -6.03261   -5.96411   -5.95566   -5.39062
   2430.71     20000   -4.75600   -5.85682   -5.69136   -5.66780   -5.40246
   2454.08     25000   -4.75758   -5.86123   -5.76011   -5.74335   -5.44121
   2477.46     30000   -4.79269   -6.10460   -6.16512   -6.18642   -5.52034
   2500.82     35000   -4.86435   -6.11001   -5.94520   -5.92256   -5.55632
   2524.17     40000   -4.92572   -5.98509   -5.84270   -5.82115   -5.57056
   2547.50     45000   -4.92125   -6.10701   -6.06615   -6.05914   -5.63504
   2570.84     50000   -4.98549   -6.34876   -6.30546   -6.30177   -5.70323
   2594.17     55000   -5.06317   -6.17980   -6.01228   -5.98858   -5.71658
   2617.51     60000   -5.07149   -6.16831   -6.06118   -6.04364   -5.75177
   2640.85     65000   -5.10233   -6.40003   -6.45145   -6.46914   -5.83054
   2664.19     70000   -5.17468   -6.43883   -6.27891   -6.25693   -5.87058
   2687.54     75000   -5.24377   -6.30057   -6.15440   -6.13247   -5.88318
   2710.88     80000   -5.23454   -6.40666   -6.35560   -6.34668   -5.94454
   2734.22     85000   -5.29479   -6.66135   -6.64460   -6.64658   -6.01554
   2757.60     90000   -5.37176   -6.50376   -6.33453   -6.31075   -6.03083
   2780.93     95000   -5.38631   -6.47641   -6.36362   -6.34537   -6.06255
   2804.26    100000   -5.41273   -6.69516   -6.73481   -6.74833   -6.14054
   2827.59      5000   -5.48520   -6.76747   -6.61436   -6.59326   -6.18471
   2850.92     10000   -5.56304   -6.61707   -6.46730   -6.44504   -6.19605
   2874.27     15000   -5.54871   -6.70728   -6.64677   -6.63618   -6.25411
   2897.64     20000   -5.60539   -6.97034   -6.97962   -6.98792   -6.32754
   2921.00     25000   -5.68153   -6.82867   -6.65818   -6.63436   -6.34518
   2944.37     30000   -5.70253   -6.78550   -6.66739   -6.64849   -6.37357
   2967.71     35000   -5.72322   -6.99032   -7.01684   -7.02619   -6.45037
   2991.06     40000   -5.79505   -7.09554   -6.95153   -6.93162   -6.49867
   3014.41     45000   -5.88218   -6.93457   -6.78141   -6.75884   -6.50915
   3037.75     50000   -5.86147   -7.00889   -6.93963   -6.92757   -6.56377
   3061.10     55000   -5.91503   -7.27593   -7.30838   -7.32299   -6.63922
   3084.44     60000   -5.98960   -7.15450   -6.98326   -6.95946   -6.65959
   3107.79     65000   -6.01706   -7.09560   -6.97245   -6.95296   -6.68483
   3131.14     70000   -6.03473   -7.28580   -7.29878   -7.30421   -6.76005
   3154.51     75000   -6.10489   -7.42258   -7.29034   -7.27200   -6.81244
   3177.87     80000   -6.19401   -7.25309   -7.09674   -7.07389   -6.82247
   3201.23     85000   -6.17560   -7.31152   -7.23412   -7.22078   -6.87355
   3224.58     90000   -6.22564   -7.57848   -7.62892   -7.64886   -6.95059
   3247.93     95000   -6.29870   -7.48118   -7.30982   -7.28611   -6.97406
   3271.31    100000   -6.33269   -7.40670   -7.27878   -7.25875   -6.99634
   3294.67      5000   -6.34630   -7.58179   -7.58142   -7.58335   -7.06963
   3318.03     10000   -6.41610   -7.74804   -7.63062   -7.61436   -7.12598
   3341.40     15000   -6.50306   -7.57262   -7.41330   -7.39020   -7.13601
   3364.76     20000   -6.49005   -7.61516   -7.53020   -7.51572   -7.18347
   3388.11     25000   -6.53518   -7.87848   -7.94012   -7.96337   -7.26167
   3411.45     30000   -6.60838   -7.80863   -7.63792   -7.61438   -7.28853
   3434.78     35000   -6.64967   -7.71879   -7.58635   -7.56582   -7.30810
   3458.12     40000   -6.65925   -7.87846   -7.86528   -7.86413   -7.37914
   3481.45     45000   -6.72691   -8.07137   -7.97206   -7.95849   -7.43928
   3504.79     50000   -6.81061   -7.89316   -7.73110   -7.70779   -7.44974
   3528.15     55000   -6.80423   -7.91982   -7.82781   -7.81231   -7.49356
   3551.52     60000   -6.84539   -8.17649   -8.24208   -8.26611   -7.57247
   3574.88     65000   -6.91689   -8.13671   -7.96761   -7.94435   -7.60298
   3598.25     70000   -6.96665   -8.03188   -7.89514   -7.87416   -7.62011
   3621.60     75000   -6.97042   -8.17592   -8.15065   -8.14681   -7.68860
   3644.97     80000   -7.03760   -8.39202   -8.31411   -8.30401   -7.75230
   3668.33     85000   -7.11958   -8.21472   -8.05018   -8.02668   -7.76365
   3691.67     90000   -7.11848   -8.22549   -8.12690   -8.11048   -7.80384
   3715.02     95000   -7.15524   -8.47307   -8.53611   -8.55857   -7.88300
   3738.36    100000   -7.22680   -8.46527   -8.29895   -8.27610   -7.91738
   3761.71      5000   -7.28508   -8.34596   -8.20515   -8.18376   -7.93238
   3785.05     10000   -7.28274   -8.47425   -8.43768   -8.43152   -7.99806
   3808.39     15000   -7.34783   -8.70952   -8.65588   -8.65016   -8.06503
   3831.74     20000   -7.42694   -8.53729   -8.37055   -8.34691   -8.07771
   3855.09     25000   -7.43275   -8.53217   -8.42741   -8.41018   -8.11432
   3878.43     30000   -7.46510   -8.76874   -8.82422   -8.84348   -8.19329
   3901.78     35000   -7.53766   -8.79407   -8.63198   -8.60971   -8.23169
   3925.12     40000   -7.60316   -8.66105   -8.51637   -8.49459   -8.24491
   3948.47     45000   -7.59598   -8.77350   -8.72644   -8.71825   -8.30754
   3971.35     50000   -7.65775   -9.02355   -8.99610   -8.99570   -8.37746
   3993.93     55000   -7.73496   -8.86085   -8.69226   -8.66851   -8.39192
   4016.50     60000   -7.74701   -8.83986   -8.72931   -8.71133   -8.42501
   4039.10     65000   -7.77557   -9.06395   -9.10855   -9.12378   -8.50337
   4061.63     70000   -7.84763   -9.12283   -8.96674   -8.94525   -8.54587
   4084.09     75000   -7.92210   -8.97714   -8.82879   -8.80666   -8.55768
   4106.61     80000   -7.90979   -9.07373   -9.01693   -9.00697   -8.61708
   4128.63     85000   -7.96779   -9.33398   -9.33302   -9.33874   -8.68958
MyID= 0: Time=  0.1,has convergenced
     1685058 iterations for the convertgence of psi
 MyID=           0 has finish
