 START-UP FOR CHUNK...
     23.44      5000   -0.63665   -2.04068   -2.22169   -2.25616   -1.29229
     46.79     10000   -0.84881   -2.12091   -2.18485   -2.25681   -1.53378
     70.14     15000   -0.90153   -2.21833   -2.07290   -2.11367   -1.63543
     93.49     20000   -0.86361   -2.55576   -1.91429   -1.91429   -1.63221
    116.83     25000   -0.75558   -2.17323   -1.71533   -1.71368   -1.52107
    140.18     30000   -0.62152   -1.87692   -1.53182   -1.53573   -1.36086
    163.54     35000   -0.51798   -1.64443   -1.45365   -1.45194   -1.21908
    186.90     40000   -0.45998   -1.69693   -1.64352   -1.61385   -1.18097
    210.26     45000   -0.52752   -1.92958   -1.90133   -2.00159   -1.27043
    233.62     50000   -0.65172   -1.80670   -1.67703   -1.65402   -1.35075
    256.98     55000   -0.80460   -1.92755   -1.79281   -1.76213   -1.47168
    280.34     60000   -0.88570   -2.21834   -2.25257   -2.24013   -1.59977
    303.70     65000   -0.95295   -2.20273   -2.07342   -2.06457   -1.64082
    327.06     70000   -0.96158   -2.01220   -1.85367   -1.83590   -1.59711
    350.44     75000   -0.90804   -2.01885   -1.94120   -1.91521   -1.58870
    373.81     80000   -0.92338   -2.24205   -2.37051   -2.38233   -1.65031
    397.16     85000   -1.01679   -2.19306   -2.07441   -2.05094   -1.70153
    420.52     90000   -1.10627   -2.16090   -2.03227   -2.01260   -1.75057
    443.86     95000   -1.14264   -2.36473   -2.33921   -2.31689   -1.84546
    467.19    100000   -1.21677   -2.53883   -2.51311   -2.51336   -1.92067
 ITERATION...
    490.54      5000   -1.27087   -2.36156   -2.20432   -2.18508   -1.91787
    513.90     10000   -1.25417   -2.34893   -2.24958   -2.22423   -1.92652
    537.25     15000   -1.27249   -2.57140   -2.65873   -2.66178   -1.99552
    560.61     20000   -1.35638   -2.58758   -2.47534   -2.45419   -2.05145
    583.97     25000   -1.44786   -2.49098   -2.35333   -2.33066   -2.07873
    607.33     30000   -1.45414   -2.63098   -2.57003   -2.54945   -2.15013
    630.68     35000   -1.51919   -2.85888   -2.93494   -2.93444   -2.23303
    654.05     40000   -1.58883   -2.71408   -2.56181   -2.54399   -2.24983
    677.41     45000   -1.60028   -2.68185   -2.56412   -2.54127   -2.26333
    700.77     50000   -1.61604   -2.88024   -2.92302   -2.90976   -2.33306
    724.12     55000   -1.69369   -2.96782   -2.88021   -2.86618   -2.39560
    747.47     60000   -1.78746   -2.83360   -2.68932   -2.66645   -2.41396
    770.83     65000   -1.78211   -2.92436   -2.84039   -2.81740   -2.46830
    794.18     70000   -1.83366   -3.17782   -3.30765   -3.30596   -2.55331
    817.53     75000   -1.90939   -3.07268   -2.93052   -2.91174   -2.58418
    840.88     80000   -1.94440   -3.01143   -2.88214   -2.85989   -2.59705
    864.23     85000   -1.95203   -3.18095   -3.17519   -3.15739   -2.66310
    887.58     90000   -2.02556   -3.33628   -3.30018   -3.29131   -2.73365
    910.93     95000   -2.10999   -3.18223   -3.03494   -3.01340   -2.75105
    934.28    100000   -2.11424   -3.22790   -3.12717   -3.10428   -2.79187
    957.65      5000   -2.15390   -3.47750   -3.59413   -3.58601   -2.87570
    981.02     10000   -2.23353   -3.43956   -3.31144   -3.29376   -2.91938
   1004.37     15000   -2.29151   -3.34362   -3.20681   -3.18442   -2.93045
   1027.71     20000   -2.28815   -3.47829   -3.43536   -3.41474   -2.98971
   1051.05     25000   -2.35215   -3.69240   -3.72819   -3.72638   -3.06712
   1074.41     30000   -2.43360   -3.53823   -3.39087   -3.36982   -3.08890
   1097.77     35000   -2.45002   -3.54103   -3.42686   -3.40412   -3.11875
   1121.13     40000   -2.47869   -3.76671   -3.83082   -3.81650   -3.19854
   1144.50     45000   -2.55770   -3.81033   -3.70725   -3.69167   -3.25428
   1167.86     50000   -2.64220   -3.68219   -3.53935   -3.51736   -3.26486
   1191.22     55000   -2.62427   -3.77813   -3.70765   -3.68572   -3.31541
   1214.58     60000   -2.67796   -4.02546   -4.13366   -4.13906   -3.39706
   1237.93     65000   -2.75773   -3.90139   -3.75710   -3.73702   -3.42692
   1261.28     70000   -2.79028   -3.86263   -3.73742   -3.71459   -3.44816
   1284.63     75000   -2.80763   -4.05453   -4.06603   -4.04752   -3.52152
   1307.98     80000   -2.88368   -4.17962   -4.11914   -4.10704   -3.58795
   1331.33     85000   -2.96546   -4.02780   -3.88089   -3.85924   -3.60057
   1354.68     90000   -2.96046   -4.08410   -3.99230   -3.96986   -3.64162
   1378.04     95000   -3.00226   -4.33581   -4.46341   -4.46482   -3.72432
   1401.39    100000   -3.08302   -4.26987   -4.13495   -4.11634   -3.76455
   1424.76      5000   -3.13399   -4.19168   -4.05745   -4.03485   -3.77973
   1448.12     10000   -3.13970   -4.34527   -4.31532   -4.29449   -3.84483
   1471.48     15000   -3.20787   -4.53870   -4.54407   -4.53803   -3.91974
   1494.83     20000   -3.28741   -4.38030   -4.23187   -4.21077   -3.93738
   1518.19     25000   -3.29743   -4.39666   -4.28846   -4.26574   -3.96909
   1541.54     30000   -3.32844   -4.63154   -4.71852   -4.70940   -4.04964
   1564.89     35000   -3.40814   -4.64186   -4.52623   -4.50961   -4.10119
   1588.24     40000   -3.48409   -4.52764   -4.38657   -4.36428   -4.11321
   1611.59     45000   -3.47391   -4.64143   -4.58029   -4.55835   -4.16883
   1634.94     50000   -3.53184   -4.87900   -4.96334   -4.96482   -4.24935
   1658.29     55000   -3.61103   -4.73950   -4.59304   -4.57275   -4.27484
   1681.64     60000   -3.63631   -4.71590   -4.59501   -4.57228   -4.29822
   1704.98     65000   -3.65807   -4.92101   -4.95302   -4.93683   -4.37377
   1728.34     70000   -3.73474   -5.01365   -4.93259   -4.91909   -4.43626
   1751.71     75000   -3.81875   -4.87047   -4.72469   -4.70279   -4.44835
   1775.08     80000   -3.80993   -4.94398   -4.85946   -4.83696   -4.49395
   1798.43     85000   -3.85590   -5.19718   -5.32705   -5.32982   -4.57681
   1821.78     90000   -3.93491   -5.10499   -4.96553   -4.94635   -4.61236
   1845.13     95000   -3.97844   -5.04199   -4.91120   -4.88860   -4.62918
   1868.49    100000   -3.98802   -5.21079   -5.19645   -5.17676   -4.69745
   1891.84      5000   -4.06011   -5.37846   -5.35383   -5.34537   -4.76928
   1915.20     10000   -4.14064   -5.22025   -5.07204   -5.05067   -4.78480
   1938.55     15000   -4.14500   -5.25335   -5.15101   -5.12827   -4.82052
   1961.90     20000   -4.18016   -5.49737   -5.60504   -5.59904   -4.90244
   1985.25     25000   -4.26146   -5.47544   -5.35084   -5.33329   -4.94928
   2008.61     30000   -4.32575   -5.37500   -5.23658   -5.21419   -4.96199
   2031.98     35000   -4.32163   -5.50474   -5.45528   -5.43387   -5.02137
   2055.35     40000   -4.38436   -5.72760   -5.78004   -5.77898   -5.09999
   2078.70     45000   -4.46379   -5.57692   -5.42919   -5.40852   -5.12211
   2102.05     50000   -4.48198   -5.56971   -5.45350   -5.43072   -5.14882
   2125.40     55000   -4.50794   -5.78811   -5.84180   -5.82757   -5.22678
   2148.76     60000   -4.58704   -5.84777   -5.75072   -5.73573   -5.28494
   2172.12     65000   -4.67263   -5.71498   -5.57095   -5.54889   -5.29651
   2195.47     70000   -4.65700   -5.80465   -5.72893   -5.70668   -5.34609
   2218.83     75000   -4.70855   -6.05484   -6.17383   -6.17797   -5.42839
   2242.19     80000   -4.78751   -5.94015   -5.79709   -5.77739   -5.45971
   2265.54     85000   -4.82315   -5.89303   -5.76593   -5.74324   -5.47899
   2288.90     90000   -4.83796   -6.07707   -6.07997   -6.06127   -5.55048
   2312.25     95000   -4.91296   -6.21630   -6.16616   -6.15530   -5.61878
   2335.62    100000   -4.99531   -6.06192   -5.91444   -5.89284   -5.63248
   2358.97      5000   -4.99241   -6.11126   -6.01564   -5.99300   -5.67208
   2382.31     10000   -5.03272   -6.36142   -6.48481   -6.48315   -5.75476
   2405.65     15000   -5.11303   -6.30896   -6.17709   -6.15880   -5.79698
   2428.99     20000   -5.16827   -6.22329   -6.08768   -6.06518   -5.81104
   2452.34     25000   -5.17111   -6.36903   -6.33249   -6.31158   -5.87419
   2475.68     30000   -5.23749   -6.57274   -6.59274   -6.58840   -5.95042
   2499.03     35000   -5.31730   -6.41580   -6.26748   -6.24651   -5.96950
   2522.38     40000   -5.32927   -6.42481   -6.31382   -6.29106   -5.99968
   2545.74     45000   -5.35884   -6.65495   -6.73128   -6.71999   -6.07957
   2569.09     50000   -5.43819   -6.68109   -6.57093   -6.55477   -6.13324
   2592.44     55000   -5.51927   -6.56048   -6.41845   -6.39624   -6.14489
   2615.80     60000   -5.50546   -6.66640   -6.60037   -6.57837   -6.19850
   2639.15     65000   -5.56126   -6.90912   -7.00635   -7.00927   -6.27972
   2662.50     70000   -5.64119   -6.77643   -6.63087   -6.61074   -6.30705
   2685.86     75000   -5.66945   -6.74532   -6.62232   -6.59958   -6.32909
   2709.21     80000   -5.68839   -6.94391   -6.96605   -6.94884   -6.40346
   2732.56     85000   -5.76499   -7.05206   -6.98017   -6.96740   -6.46788
   2755.92     90000   -5.84793   -6.90462   -6.75824   -6.73644   -6.48032
   2779.27     95000   -5.84146   -6.97027   -6.88204   -6.85951   -6.52393
   2802.62    100000   -5.88536   -7.22337   -7.35375   -7.35562   -6.60685
   2825.98      5000   -5.96519   -7.14315   -7.00577   -6.98685   -6.64453
   2849.33     10000   -6.01188   -7.07277   -6.94034   -6.91775   -6.66039
   2872.68     15000   -6.01951   -7.23425   -7.21231   -7.19212   -6.72709
   2896.03     20000   -6.08972   -7.41450   -7.40359   -7.39632   -6.80044
   2919.39     25000   -6.16985   -7.25572   -7.10737   -7.08612   -6.81697
   2942.75     30000   -6.17725   -7.28101   -7.17576   -7.15302   -6.85085
   2966.11     35000   -6.21023   -7.52107   -7.61929   -7.61155   -6.93222
   2989.47     40000   -6.29097   -7.51432   -7.39379   -7.37666   -6.98128
   3012.82     45000   -6.36051   -7.40715   -7.26747   -7.24514   -6.99354
   3036.18     50000   -6.35347   -7.52925   -7.47412   -7.45247   -7.05109
   3059.54     55000   -6.41447   -7.75968   -7.82754   -7.82788   -7.13068
   3082.90     60000   -6.49324   -7.61367   -7.46646   -7.44596   -7.15438
   3106.26     65000   -6.51483   -7.59871   -7.48021   -7.45745   -7.17951
   3129.61     70000   -6.53906   -7.81098   -7.85417   -7.83887   -7.25640
   3152.97     75000   -6.61717   -7.88648   -7.79669   -7.78235   -7.31664
   3176.33     80000   -6.70219   -7.74848   -7.60360   -7.58162   -7.32836
   3199.68     85000   -6.68931   -7.83042   -7.75043   -7.72807   -7.37602
   3223.05     90000   -6.73806   -8.08258   -8.20823   -8.21211   -7.45865
   3246.43     95000   -6.81705   -7.97806   -7.83655   -7.81709   -7.49197
   3269.80    100000   -6.85649   -7.92336   -7.79446   -7.77180   -7.51004
   3293.18      5000   -6.86898   -8.10024   -8.09468   -8.07544   -7.58005
   3316.55     10000   -6.94316   -8.25340   -8.21496   -8.20516   -7.65008
   3339.92     15000   -7.02404   -8.09677   -7.94889   -7.92740   -7.66456
   3363.25     20000   -7.02444   -8.13836   -8.03947   -8.01678   -7.70230
   3386.59     25000   -7.06255   -8.38595   -8.50272   -8.49906   -7.78467
   3409.93     30000   -7.14307   -8.34772   -8.21906   -8.20111   -7.82909
   3433.27     35000   -7.20292   -8.25495   -8.11795   -8.09550   -7.84246
   3456.61     40000   -7.20216   -8.39310   -8.35021   -8.32904   -7.90384
   3479.94     45000   -7.26680   -8.60651   -8.64192   -8.63910   -7.98127
   3503.28     50000   -7.34693   -8.45198   -8.30386   -8.28303   -8.00173
   3526.62     55000   -7.36135   -8.45325   -8.33972   -8.31694   -8.03023
   3549.96     60000   -7.38921   -8.67799   -8.74352   -8.73077   -8.10925
   3573.30     65000   -7.46844   -8.72006   -8.61576   -8.60013   -8.16508
   3596.63     70000   -7.55434   -8.59347   -8.45044   -8.42830   -8.17663
   3619.97     75000   -7.53699   -8.69167   -8.62088   -8.59875   -8.22833
   3643.31     80000   -7.59118   -8.93854   -9.04734   -9.05106   -8.31013
   3666.64     85000   -7.67054   -8.81385   -8.66936   -8.64943   -8.33932
   3689.98     90000   -7.70200   -8.77509   -8.65009   -8.62737   -8.36000
   3713.32     95000   -7.71898   -8.96685   -8.97960   -8.96163   -8.43304
   3736.65    100000   -7.79517   -9.09004   -9.02799   -9.01609   -8.49935
   3759.99      5000   -7.87748   -8.93894   -8.79199   -8.77028   -8.51232
   3783.33     10000   -7.87271   -8.99684   -8.90499   -8.88240   -8.55402
   3806.67     15000   -7.91490   -9.24898   -9.37736   -9.37768   -8.63689
   3830.01     20000   -7.99550   -9.18160   -9.04665   -9.02802   -8.67672
MyID= 0: Time=  0.1,has convergenced
     1686021 iterations for the convertgence of psi
 MyID=           0 has finish
