 START-UP FOR CHUNK...
     23.47      5000   -0.59684   -2.02827   -2.04228   -1.98409   -1.28841
     46.84     10000   -0.75207   -2.14224   -1.92306   -1.98849   -1.50157
     70.21     15000   -0.74441   -2.26650   -1.80904   -1.85018   -1.53705
     93.58     20000   -0.65977   -2.31794   -1.66012   -1.66359   -1.46256
    116.96     25000   -0.54660   -1.85067   -1.51640   -1.50611   -1.33760
    140.33     30000   -0.47146   -1.60782   -1.46093   -1.46247   -1.22366
    163.70     35000   -0.43095   -1.77429   -1.70436   -1.66936   -1.21429
    187.07     40000   -0.51952   -1.92211   -1.89006   -2.05021   -1.32842
    210.44     45000   -0.68081   -1.84923   -1.73248   -1.72299   -1.40646
    233.81     50000   -0.84155   -1.96555   -1.84647   -1.81783   -1.51826
    257.18     55000   -0.93076   -2.24880   -2.29980   -2.24974   -1.64883
    280.55     60000   -1.00933   -2.29664   -2.18761   -2.19523   -1.71846
    303.92     65000   -1.04310   -2.09664   -1.94670   -1.93345   -1.69088
    327.29     70000   -1.01166   -2.09060   -1.99934   -1.96984   -1.67959
    350.66     75000   -1.02233   -2.31850   -2.41622   -2.34846   -1.74126
    374.03     80000   -1.11267   -2.32597   -2.27381   -2.24568   -1.80852
    397.40     85000   -1.22279   -2.24596   -2.12156   -2.10284   -1.84263
    420.77     90000   -1.24350   -2.39807   -2.31398   -2.28478   -1.91498
    444.15     95000   -1.30447   -2.65061   -2.83388   -2.78256   -2.01376
    467.51    100000   -1.38508   -2.52159   -2.39075   -2.38222   -2.05088
 ITERATION...
    490.89      5000   -1.41234   -2.44973   -2.32212   -2.30053   -2.04752
    514.26     10000   -1.40419   -2.60799   -2.57314   -2.53120   -2.09626
    537.63     15000   -1.46848   -2.79441   -2.86740   -2.84394   -2.17972
    561.00     20000   -1.56669   -2.64424   -2.52050   -2.50091   -2.21590
    584.37     25000   -1.59291   -2.68022   -2.56153   -2.53707   -2.25169
    607.74     30000   -1.63024   -2.92886   -2.97403   -2.92373   -2.33681
    631.11     35000   -1.71685   -2.95940   -2.90240   -2.89094   -2.40898
    654.48     40000   -1.79193   -2.82556   -2.69056   -2.67356   -2.41906
    677.85     45000   -1.77719   -2.90751   -2.81251   -2.78351   -2.45184
    701.23     50000   -1.81845   -3.16867   -3.32513   -3.26509   -2.53580
    724.60     55000   -1.91351   -3.07602   -2.97417   -2.95965   -2.59163
    747.97     60000   -1.98016   -3.01512   -2.88544   -2.86389   -2.61036
    771.34     65000   -1.98401   -3.18332   -3.12251   -3.08740   -2.67215
    794.71     70000   -2.04894   -3.39494   -3.49134   -3.46049   -2.76018
    818.08     75000   -2.13586   -3.22766   -3.10178   -3.08613   -2.79176
    841.46     80000   -2.15374   -3.22716   -3.10776   -3.08406   -2.81008
    864.83     85000   -2.17654   -3.45153   -3.46408   -3.41990   -2.88213
    888.20     90000   -2.26028   -3.53085   -3.50039   -3.48615   -2.95934
    911.57     95000   -2.34708   -3.38901   -3.25764   -3.23953   -2.97999
    934.94    100000   -2.34690   -3.46536   -3.36260   -3.33516   -3.01758
    958.32      5000   -2.38874   -3.73389   -3.86508   -3.80392   -3.10386
    981.69     10000   -2.48116   -3.66414   -3.56697   -3.55358   -3.16237
   1005.06     15000   -2.55243   -3.57750   -3.44743   -3.42686   -3.17504
   1028.43     20000   -2.54237   -3.71985   -3.65061   -3.61782   -3.22717
   1051.80     25000   -2.60015   -3.95662   -4.08661   -4.05009   -3.31490
   1075.18     30000   -2.69264   -3.80013   -3.67793   -3.66230   -3.35383
   1098.54     35000   -2.72218   -3.78581   -3.66298   -3.63983   -3.37353
   1121.91     40000   -2.74311   -3.99797   -3.98882   -3.94700   -3.44450
   1145.28     45000   -2.82203   -4.11690   -4.10937   -4.09397   -3.52495
   1168.65     50000   -2.90825   -3.96144   -3.82968   -3.81220   -3.54638
   1192.03     55000   -2.90996   -4.01578   -3.90871   -3.88210   -3.57751
   1215.40     60000   -2.94721   -4.27638   -4.37680   -4.32107   -3.66047
   1238.77     65000   -3.03824   -4.24354   -4.15706   -4.14388   -3.72459
   1262.14     70000   -3.12339   -4.14217   -4.01013   -3.99012   -3.73913
   1285.51     75000   -3.10765   -4.26831   -4.18826   -4.15686   -3.78820
   1308.88     80000   -3.16074   -4.52126   -4.67833   -4.63012   -3.87656
   1332.26     85000   -3.25304   -4.37897   -4.26016   -4.24533   -3.91983
   1355.62     90000   -3.29129   -4.34555   -4.21986   -4.19738   -3.93641
   1379.00     95000   -3.30516   -4.54003   -4.51206   -4.47308   -4.00260
   1402.37    100000   -3.37935   -4.69418   -4.71706   -4.69977   -4.08589
   1425.74      5000   -3.46654   -4.53248   -4.40140   -4.38441   -4.11131
   1449.11     10000   -3.47494   -4.57016   -4.45739   -4.43167   -4.13938
   1472.48     15000   -3.50864   -4.82192   -4.89072   -4.83779   -4.22006
   1495.85     20000   -3.59878   -4.82579   -4.75360   -4.74050   -4.28876
   1519.23     25000   -3.68242   -4.70863   -4.57581   -4.55651   -4.30383
   1542.60     30000   -3.67061   -4.81671   -4.72798   -4.69804   -4.34804
   1565.97     35000   -3.71905   -5.07923   -5.24395   -5.18870   -4.43591
   1589.34     40000   -3.81272   -4.95637   -4.84302   -4.82875   -4.48454
   1612.71     45000   -3.86145   -4.90601   -4.77779   -4.75598   -4.49985
   1636.08     50000   -3.86902   -5.08416   -5.03925   -5.00244   -4.56201
   1659.45     55000   -3.93828   -5.27032   -5.32944   -5.30728   -4.64751
   1682.82     60000   -4.02712   -5.10537   -4.97634   -4.95992   -4.67674
   1706.19     65000   -4.04001   -5.12529   -5.00848   -4.98370   -4.70120
   1729.56     70000   -4.06940   -5.36527   -5.40446   -5.35589   -4.77875
   1752.93     75000   -4.15699   -5.40701   -5.35205   -5.33891   -4.85187
   1776.30     80000   -4.24201   -5.27555   -5.14249   -5.12379   -4.86866
   1799.67     85000   -4.23390   -5.36621   -5.26992   -5.24119   -4.90859
   1823.04     90000   -4.27881   -5.63326   -5.78808   -5.72813   -4.99550
   1846.42     95000   -4.37181   -5.53561   -5.42960   -5.41576   -5.04931
   1869.78    100000   -4.43299   -5.46781   -5.33800   -5.31687   -5.06356
   1893.16      5000   -4.43245   -5.62872   -5.57013   -5.53547   -5.12128
   1916.53     10000   -4.49610   -5.84248   -5.93875   -5.91034   -5.20837
   1939.90     15000   -4.58578   -5.67918   -5.55268   -5.53682   -5.24204
   1963.27     20000   -4.60704   -5.68150   -5.56114   -5.53716   -5.26352
   1986.64     25000   -4.63226   -5.90778   -5.92077   -5.87571   -5.33765
   2010.02     30000   -4.71608   -5.98843   -5.95513   -5.94127   -5.41469
   2033.39     35000   -4.80063   -5.84415   -5.71143   -5.69331   -5.43370
   2056.76     40000   -4.79849   -5.91707   -5.81457   -5.78698   -5.46936
   2080.13     45000   -4.83932   -6.18317   -6.31389   -6.25458   -5.55469
   2103.50     50000   -4.93221   -6.11567   -6.01848   -6.00506   -5.61370
   2126.87     55000   -5.00501   -6.03084   -5.89964   -5.87914   -5.62762
   2150.24     60000   -4.99621   -6.17428   -6.10393   -6.07102   -5.68087
   2173.61     65000   -5.05433   -6.41047   -6.54209   -6.50441   -5.76888
   2196.98     70000   -5.14615   -6.25462   -6.13158   -6.11625   -5.80729
   2220.35     75000   -5.17485   -6.23924   -6.11591   -6.09271   -5.82617
   2243.72     80000   -5.19505   -6.45029   -6.44085   -6.39904   -5.89654
   2267.10     85000   -5.27393   -6.56868   -6.56133   -6.54617   -5.97700
   2290.46     90000   -5.36073   -6.41402   -6.28197   -6.26443   -5.99889
   2313.84     95000   -5.36301   -6.46926   -6.36126   -6.33468   -6.03053
   2337.21    100000   -5.40057   -6.72995   -6.83003   -6.77349   -6.11375
   2360.58      5000   -5.49145   -6.69671   -6.61077   -6.59762   -6.17776
   2383.95     10000   -5.57609   -6.59534   -6.46319   -6.44331   -6.19197
   2407.32     15000   -5.56015   -6.72118   -6.64087   -6.60954   -6.24071
   2430.69     20000   -5.61309   -6.97368   -7.13029   -7.08275   -6.32898
   2454.07     25000   -5.70558   -6.83129   -6.71260   -6.69780   -6.37242
   2477.44     30000   -5.74410   -6.79828   -6.67236   -6.64988   -6.38921
   2500.81     35000   -5.75815   -6.99314   -6.96449   -6.92541   -6.45554
   2524.18     40000   -5.83230   -7.14720   -7.17097   -7.15323   -6.53884
   2547.54     45000   -5.91935   -6.98534   -6.85455   -6.83757   -6.56417
   2570.93     50000   -5.92766   -7.02289   -6.91017   -6.88454   -6.59206
   2594.32     55000   -5.96124   -7.27457   -7.34304   -7.29046   -6.67266
   2617.72     60000   -6.05141   -7.27823   -7.20622   -7.19319   -6.74142
   2641.12     65000   -6.13517   -7.16115   -7.02839   -7.00910   -6.75659
   2664.51     70000   -6.12343   -7.26933   -7.18045   -7.15049   -6.80085
   2687.91     75000   -6.17188   -7.53206   -7.69700   -7.64119   -6.88874
   2711.30     80000   -6.26550   -7.40927   -7.29620   -7.28191   -6.93737
   2734.70     85000   -6.31427   -7.35872   -7.23066   -7.20887   -6.95260
   2758.10     90000   -6.32171   -7.53674   -7.49185   -7.45514   -7.01469
   2781.49     95000   -6.39094   -7.72301   -7.78216   -7.76016   -7.10021
   2804.89    100000   -6.47986   -7.55800   -7.42904   -7.41262   -7.12950
   2828.28      5000   -6.49280   -7.57787   -7.46105   -7.43628   -7.15398
   2851.68     10000   -6.52220   -7.81779   -7.85676   -7.80813   -7.23152
   2875.07     15000   -6.60974   -7.85994   -7.80532   -7.79212   -7.30466
   2898.47     20000   -6.69473   -7.72836   -7.59540   -7.57671   -7.32144
   2921.87     25000   -6.68665   -7.81884   -7.72262   -7.69391   -7.36131
   2945.26     30000   -6.73152   -8.08589   -8.24052   -8.18082   -7.44821
   2968.66     35000   -6.82454   -7.98841   -7.88241   -7.86858   -7.50207
   2992.05     40000   -6.88581   -7.92049   -7.79068   -7.76954   -7.51633
   3015.45     45000   -6.88524   -8.08127   -8.02259   -7.98792   -7.57403
   3038.84     50000   -6.94884   -8.29527   -8.39207   -8.36342   -7.66113
   3062.24     55000   -7.03852   -8.13205   -8.00564   -7.98978   -7.69482
   3085.64     60000   -7.05983   -8.13423   -8.01389   -7.98993   -7.71626
   3109.03     65000   -7.08502   -8.36037   -8.37326   -8.32827   -7.79037
   3132.43     70000   -7.16879   -8.44127   -8.40807   -8.39425   -7.86744
   3155.83     75000   -7.25337   -8.29691   -8.16418   -8.14607   -7.88648
   3179.22     80000   -7.25126   -8.36971   -8.26715   -8.23956   -7.92212
   3202.62     85000   -7.29208   -8.63578   -8.76633   -8.70693   -8.00743
   3226.02     90000   -7.38493   -8.56859   -8.47152   -8.45809   -8.06647
   3249.41     95000   -7.45784   -8.48362   -8.35244   -8.33195   -8.08039
   3272.81    100000   -7.44896   -8.62693   -8.55653   -8.52365   -8.13360
   3296.20      5000   -7.50705   -8.86323   -8.99499   -8.95735   -8.22162
   3319.60     10000   -7.59890   -8.70745   -8.58441   -8.56910   -8.26007
   3343.00     15000   -7.62765   -8.69194   -8.56858   -8.54538   -8.27893
   3366.40     20000   -7.64781   -8.90287   -8.89327   -8.85146   -8.34927
   3389.79     25000   -7.72666   -9.02158   -9.01450   -8.99930   -8.42976
   3413.19     30000   -7.81345   -8.86685   -8.73482   -8.71729   -8.45166
   3436.58     35000   -7.81578   -8.92196   -8.81393   -8.78736   -8.48328
   3459.98     40000   -7.85331   -9.18259   -9.28245   -9.22597   -8.56647
   3483.37     45000   -7.94419   -9.14959   -9.06372   -9.05057   -8.63052
MyID= 0: Time=  0.1,has convergenced
     1686018 iterations for the convertgence of psi
 MyID=           0 has finish
