 START-UP FOR CHUNK...
     23.50      5000   -0.66739   -2.04517   -2.34564   -2.68931   -1.29310
     46.89     10000   -0.93141   -2.11324   -2.53495   -2.69890   -1.54611
     70.28     15000   -1.05304   -2.19644   -2.45593   -2.56003   -1.68798
     93.68     20000   -1.10141   -2.67190   -2.32233   -2.35673   -1.78385
    117.07     25000   -1.07294   -2.63834   -2.14973   -2.14244   -1.79911
    140.45     30000   -0.96889   -2.36799   -1.90516   -1.91808   -1.69784
    163.84     35000   -0.81533   -2.13846   -1.67371   -1.68838   -1.51125
    187.22     40000   -0.65333   -1.84425   -1.48980   -1.48869   -1.30490
    210.60     45000   -0.49904   -1.58737   -1.43442   -1.41559   -1.15047
    233.98     50000   -0.41936   -1.65724   -1.64175   -1.67038   -1.13243
    257.37     55000   -0.47952   -1.88215   -1.69403   -1.65851   -1.21962
    280.77     60000   -0.68866   -1.77255   -1.61730   -1.58387   -1.32874
    304.17     65000   -0.76803   -1.97925   -1.86233   -1.83889   -1.47556
    327.57     70000   -0.84954   -2.19849   -2.19570   -2.20307   -1.56770
    350.97     75000   -0.87110   -2.05328   -1.83337   -1.82077   -1.53841
    374.37     80000   -0.83098   -1.90958   -1.76856   -1.74856   -1.48902
    397.77     85000   -0.79357   -2.01757   -2.01744   -2.03024   -1.51690
    421.17     90000   -0.85688   -2.20629   -2.07995   -2.05768   -1.58075
    444.56     95000   -0.99525   -2.05582   -1.91057   -1.88600   -1.63030
    467.96    100000   -1.02848   -2.18071   -2.08234   -2.06752   -1.72384
 ITERATION...
    491.35      5000   -1.09584   -2.44561   -2.50294   -2.51550   -1.81585
    514.74     10000   -1.14955   -2.33851   -2.15426   -2.13623   -1.82267
    538.14     15000   -1.15420   -2.22677   -2.09510   -2.07518   -1.81171
    561.53     20000   -1.14206   -2.36556   -2.36357   -2.37107   -1.86275
    584.92     25000   -1.20910   -2.54938   -2.43811   -2.42122   -1.92518
    608.32     30000   -1.31833   -2.38353   -2.23305   -2.20807   -1.95432
    631.71     35000   -1.33038   -2.46065   -2.36793   -2.35198   -2.02219
    655.11     40000   -1.38548   -2.72686   -2.80108   -2.81657   -2.10874
    678.50     45000   -1.45015   -2.65077   -2.47841   -2.45792   -2.12901
    701.90     50000   -1.47742   -2.54666   -2.41385   -2.39353   -2.13295
    725.29     55000   -1.47376   -2.68893   -2.67995   -2.68082   -2.19277
    748.69     60000   -1.54099   -2.88508   -2.79208   -2.78017   -2.25587
    772.09     65000   -1.63511   -2.71345   -2.55636   -2.53203   -2.27548
    795.48     70000   -1.64094   -2.75785   -2.66219   -2.64480   -2.32868
    818.88     75000   -1.68685   -3.01680   -3.09517   -3.11208   -2.41227
    842.27     80000   -1.75598   -2.97466   -2.80807   -2.78675   -2.44089
    865.67     85000   -1.79978   -2.86491   -2.72737   -2.70641   -2.45027
    889.06     90000   -1.79623   -2.99940   -2.97624   -2.97204   -2.51255
    912.45     95000   -1.86255   -3.21410   -3.14703   -3.13945   -2.57835
    935.83    100000   -1.94912   -3.04238   -2.88072   -2.85692   -2.59439
    959.22      5000   -1.95510   -3.06124   -2.95935   -2.94130   -2.63813
    982.61     10000   -1.99356   -3.30846   -3.38083   -3.39638   -2.71991
   1006.00     15000   -2.06523   -3.30311   -3.14254   -3.12130   -2.75506
   1029.39     20000   -2.12112   -3.18186   -3.03981   -3.01837   -2.76586
   1052.79     25000   -2.11523   -3.30313   -3.26533   -3.25745   -2.82741
   1076.19     30000   -2.17898   -3.53735   -3.50105   -3.49854   -2.89654
   1099.59     35000   -2.25894   -3.37090   -3.20652   -3.18289   -2.91224
   1123.00     40000   -2.26993   -3.36750   -3.25917   -3.24051   -2.94916
   1146.40     45000   -2.30248   -3.60077   -3.65996   -3.67250   -3.02938
   1169.80     50000   -2.37526   -3.63431   -3.48118   -3.46035   -3.07032
   1193.20     55000   -2.44292   -3.49931   -3.35319   -3.33134   -3.08100
   1216.61     60000   -2.43265   -3.60426   -3.55327   -3.54283   -3.14009
   1240.01     65000   -2.49206   -3.85431   -3.85140   -3.85530   -3.21243
   1263.42     70000   -2.57001   -3.70016   -3.53390   -3.51040   -3.22965
   1286.81     75000   -2.58733   -3.67591   -3.56136   -3.54208   -3.26116
   1310.20     80000   -2.61301   -3.89334   -3.93602   -3.94449   -3.33968
   1333.59     85000   -2.68676   -3.96693   -3.82331   -3.80342   -3.38605
   1356.99     90000   -2.76568   -3.81830   -3.66825   -3.64599   -3.39623
   1380.38     95000   -2.74888   -3.90539   -3.84253   -3.83008   -3.45191
   1403.76    100000   -2.80471   -4.16531   -4.19460   -4.20576   -3.52698
   1427.15      5000   -2.88072   -4.03049   -3.86309   -3.83971   -3.54687
   1450.55     10000   -2.90477   -3.98630   -3.86566   -3.84580   -3.57384
   1473.94     15000   -2.92557   -4.18650   -4.21148   -4.21562   -3.65032
   1497.34     20000   -2.99697   -4.29931   -4.16855   -4.15022   -3.70187
   1520.73     25000   -3.08511   -4.13896   -3.98514   -3.96254   -3.71172
   1544.13     30000   -3.06534   -4.20750   -4.13390   -4.11980   -3.76347
   1567.52     35000   -3.11697   -4.47108   -4.52667   -4.54451   -3.84066
   1590.92     40000   -3.19119   -4.36184   -4.19427   -4.17107   -3.86402
   1614.31     45000   -3.22265   -4.29838   -4.17192   -4.15152   -3.88703
   1637.70     50000   -3.23845   -4.48059   -4.48791   -4.48801   -3.96107
   1661.10     55000   -3.30945   -4.63018   -4.51656   -4.50045   -4.01756
   1684.50     60000   -3.39625   -4.46118   -4.30391   -4.28106   -4.02752
   1707.90     65000   -3.38222   -4.51089   -4.42755   -4.41210   -4.07503
   1731.30     70000   -3.42832   -4.77249   -4.84447   -4.86647   -4.15369
   1754.70     75000   -3.50233   -4.69415   -4.52760   -4.50469   -4.18110
   1778.08     80000   -3.54247   -4.61194   -4.48005   -4.45916   -4.20066
   1801.47     85000   -3.55311   -4.77569   -4.76625   -4.76282   -4.27184
   1824.87     90000   -3.62168   -4.95848   -4.86682   -4.85377   -4.33298
   1848.26     95000   -3.70487   -4.78491   -4.62459   -4.60154   -4.34362
   1871.65    100000   -3.69917   -4.81565   -4.72349   -4.70690   -4.38676
   1895.05      5000   -3.73986   -5.07059   -5.14740   -5.16985   -4.46621
   1918.44     10000   -3.81237   -5.02731   -4.86325   -4.84075   -4.49811
   1941.83     15000   -3.86282   -4.92695   -4.79000   -4.76867   -4.51470
   1965.23     20000   -3.86620   -5.07193   -5.04700   -5.04058   -4.58263
   1988.63     25000   -3.93370   -5.28320   -5.21838   -5.20947   -4.64804
   2012.04     30000   -4.01522   -5.11015   -4.94720   -4.92400   -4.65997
   2035.43     35000   -4.01599   -5.12184   -5.02164   -5.00408   -4.69873
   2058.83     40000   -4.05152   -5.36638   -5.43779   -5.45739   -4.77830
   2082.23     45000   -4.12445   -5.36112   -5.20136   -5.17945   -4.81499
   2105.62     50000   -4.18402   -5.24342   -5.10175   -5.08003   -4.82913
   2129.01     55000   -4.18124   -5.36944   -5.33037   -5.32144   -4.89346
   2152.41     60000   -4.24566   -5.60346   -5.56962   -5.56614   -4.96269
   2175.81     65000   -4.32343   -5.43689   -5.27179   -5.24850   -4.97656
   2199.21     70000   -4.33200   -5.42951   -5.32193   -5.30352   -5.01100
   2222.61     75000   -4.36298   -5.66079   -5.71968   -5.73454   -5.09003
   2246.00     80000   -4.43619   -5.69522   -5.54203   -5.52096   -5.13171
   2269.39     85000   -4.50571   -5.56136   -5.41530   -5.39322   -5.14394
   2292.79     90000   -4.49692   -5.66831   -5.61641   -5.60539   -5.20437
   2316.19     95000   -4.55674   -5.91871   -5.91795   -5.92118   -5.27689
   2339.59    100000   -4.63374   -5.76510   -5.59841   -5.57509   -5.29332
   2362.99      5000   -4.65005   -5.73866   -5.62427   -5.60513   -5.32359
   2386.39     10000   -4.67475   -5.95462   -5.99713   -6.00671   -5.40145
   2409.78     15000   -4.74861   -6.02907   -5.88536   -5.86546   -5.44820
   2433.18     20000   -4.82860   -5.88077   -5.73063   -5.70824   -5.45910
   2456.58     25000   -4.81243   -5.96862   -5.90509   -5.89230   -5.51540
   2479.98     30000   -4.86840   -6.22880   -6.25969   -6.27037   -5.59063
   2503.38     35000   -4.94397   -6.09470   -5.92713   -5.90386   -5.61021
   2526.77     40000   -4.96762   -6.04927   -5.92859   -5.90880   -5.63654
   2550.17     45000   -4.98791   -6.24848   -6.27320   -6.27782   -5.71264
   2573.57     50000   -5.05934   -6.36198   -6.23132   -6.21305   -5.76442
   2596.98     55000   -5.14795   -6.20167   -6.04777   -6.02510   -5.77461
   2620.37     60000   -5.12857   -6.27038   -6.19631   -6.18203   -5.82660
   2643.78     65000   -5.18025   -6.53408   -6.59067   -6.60813   -5.90391
   2667.18     70000   -5.25425   -6.42562   -6.25804   -6.23491   -5.92718
   2690.58     75000   -5.28565   -6.36136   -6.23483   -6.21447   -5.94985
   2713.98     80000   -5.30112   -6.54286   -6.54989   -6.55017   -6.02366
   2737.38     85000   -5.37211   -6.69311   -6.57977   -6.56375   -6.08031
   2760.77     90000   -5.45899   -6.52404   -6.36673   -6.34384   -6.09043
   2784.14     95000   -5.44529   -6.57363   -6.48997   -6.47442   -6.13801
   2807.52    100000   -5.49137   -6.83522   -6.90767   -6.92937   -6.21675
   2830.90      5000   -5.56524   -6.75772   -6.59124   -6.56836   -6.24418
   2854.27     10000   -5.60549   -6.67492   -6.54295   -6.52208   -6.26354
   2877.67     15000   -5.61585   -6.83809   -6.82836   -6.82498   -6.33456
   2901.07     20000   -5.68442   -7.02152   -6.93029   -6.91735   -6.39582
   2924.48     25000   -5.76766   -6.84791   -6.68754   -6.66447   -6.40655
   2947.88     30000   -5.76221   -6.87836   -6.78596   -6.76931   -6.44968
   2971.29     35000   -5.80279   -7.13316   -7.21004   -7.23225   -6.52916
   2994.70     40000   -5.87527   -7.09080   -6.92684   -6.90436   -6.56113
   3018.10     45000   -5.92591   -6.98994   -6.85290   -6.83158   -6.57760
   3041.50     50000   -5.92906   -7.13440   -7.10918   -7.10276   -6.64541
   3064.91     55000   -5.99649   -7.34623   -7.28199   -7.27322   -6.71092
   3088.31     60000   -6.07795   -7.17325   -7.01026   -6.98704   -6.72292
   3111.71     65000   -6.07895   -7.18458   -7.08417   -7.06657   -6.76162
   3135.12     70000   -6.11439   -7.42886   -7.50008   -7.51948   -6.84120
   3158.52     75000   -6.18737   -7.42457   -7.26494   -7.24305   -6.87799
   3181.92     80000   -6.24709   -7.30643   -7.16467   -7.14294   -6.89205
   3205.31     85000   -6.24414   -7.43197   -7.39261   -7.38367   -6.95627
   3228.71     90000   -6.30845   -7.66642   -7.63327   -7.62996   -7.02558
   3252.11     95000   -6.38622   -7.50007   -7.33492   -7.31162   -7.03952
   3275.51    100000   -6.39498   -7.49228   -7.38452   -7.36609   -7.07388
   3298.90      5000   -6.42588   -7.72324   -7.78179   -7.79647   -7.15290
   3322.30     10000   -6.49907   -7.75863   -7.60564   -7.58459   -7.19469
   3345.70     15000   -6.56883   -7.62440   -7.47824   -7.45615   -7.20686
   3369.09     20000   -6.55989   -7.73089   -7.67872   -7.66766   -7.26720
   3392.49     25000   -6.61959   -7.98157   -7.98153   -7.98496   -7.33978
   3415.89     30000   -6.69658   -7.82833   -7.66161   -7.63829   -7.35629
   3439.29     35000   -6.71308   -7.80146   -7.68691   -7.66776   -7.38648
   3462.68     40000   -6.73762   -8.01706   -8.05916   -8.06860   -7.46431
   3486.08     45000   -6.81143   -8.09244   -7.94900   -7.92913   -7.51117
   3509.48     50000   -6.89173   -7.94384   -7.79360   -7.77121   -7.52204
   3532.88     55000   -6.87536   -8.03123   -7.96745   -7.95463   -7.57824
   3556.27     60000   -6.93123   -8.29156   -8.32310   -8.33396   -7.65352
   3579.67     65000   -7.00676   -8.15797   -7.99039   -7.96712   -7.67318
   3603.07     70000   -7.03059   -8.11212   -7.99129   -7.97148   -7.69943
   3626.47     75000   -7.05078   -8.31093   -8.33523   -8.33972   -7.77549
   3649.87     80000   -7.12220   -8.42531   -8.29502   -8.27679   -7.82738
   3673.26     85000   -7.21080   -8.26476   -8.11078   -8.08811   -7.83755
   3696.66     90000   -7.19155   -8.33303   -8.25872   -8.24442   -7.88944
   3720.06     95000   -7.24313   -8.59673   -8.65381   -8.67141   -7.96679
   3743.45    100000   -7.31708   -8.48893   -8.32136   -8.29823   -7.99016
   3766.85      5000   -7.34867   -8.42424   -8.29758   -8.27720   -8.01275
   3790.25     10000   -7.36404   -8.60532   -8.61195   -8.61213   -8.08650
   3813.65     15000   -7.43502   -8.75639   -8.64351   -8.62755   -8.14325
   3837.04     20000   -7.52174   -8.58717   -8.42978   -8.40688   -8.15339
   3860.44     25000   -7.50824   -8.63630   -8.55244   -8.53686   -8.20086
   3883.84     30000   -7.55423   -8.89779   -8.97047   -8.99223   -8.27962
   3906.78     35000   -7.62803   -8.82105   -8.65462   -8.63174   -8.30715
   3929.37     40000   -7.66853   -8.73783   -8.60574   -8.58486   -8.32644
   3951.96     45000   -7.67872   -8.90057   -8.89047   -8.88701   -8.39740
   3974.57     50000   -7.74728   -9.08472   -8.99406   -8.98121   -8.45876
   3997.16     55000   -7.83047   -8.91106   -8.75063   -8.72755   -8.46951
   4019.73     60000   -7.82518   -8.94107   -8.84848   -8.83181   -8.51253
   4041.89     65000   -7.86562   -9.19567   -9.27251   -9.29470   -8.59203
   4063.89     70000   -7.93811   -9.15415   -8.99027   -8.96780   -8.62411
MyID= 0: Time=  0.1,has convergenced
     1685096 iterations for the convertgence of psi
 MyID=           0 has finish
