 START-UP FOR CHUNK...
     23.44      5000   -0.64089   -2.04232   -2.24237   -2.30454   -1.29167
     46.79     10000   -0.86086   -2.12053   -2.22535   -2.30513   -1.53574
     70.13     15000   -0.92250   -2.20974   -2.11975   -2.16069   -1.64550
     93.48     20000   -0.89761   -2.55902   -1.96169   -1.96044   -1.65720
    116.82     25000   -0.79505   -2.22493   -1.76026   -1.75772   -1.55676
    140.16     30000   -0.65815   -1.93552   -1.56237   -1.56888   -1.39456
    163.51     35000   -0.54244   -1.67924   -1.45278   -1.45265   -1.23932
    186.85     40000   -0.46095   -1.64887   -1.56808   -1.53975   -1.16907
    210.19     45000   -0.50095   -1.88679   -1.89867   -2.05040   -1.24016
    233.52     50000   -0.61338   -1.81482   -1.68753   -1.65938   -1.32434
    256.86     55000   -0.78402   -1.87545   -1.73566   -1.71071   -1.43735
    280.20     60000   -0.86242   -2.14639   -2.12037   -2.10496   -1.57088
    303.54     65000   -0.93391   -2.22202   -2.13848   -2.13855   -1.63088
    326.87     70000   -0.94690   -2.02541   -1.85513   -1.84078   -1.59204
    350.21     75000   -0.89739   -1.98563   -1.89066   -1.86525   -1.57065
    373.57     80000   -0.89731   -2.18673   -2.27868   -2.28365   -1.62347
    396.92     85000   -0.98294   -2.21214   -2.10200   -2.07685   -1.68031
    420.27     90000   -1.09369   -2.13450   -2.00355   -1.98174   -1.72554
    443.62     95000   -1.12015   -2.30752   -2.24954   -2.22991   -1.81672
    466.97    100000   -1.19045   -2.53184   -2.57181   -2.57530   -1.90039
 ITERATION...
    490.33      5000   -1.24598   -2.36808   -2.20799   -2.18965   -1.90409
    513.70     10000   -1.24047   -2.31936   -2.20782   -2.18446   -1.90507
    537.06     15000   -1.24735   -2.50949   -2.55846   -2.55618   -1.96760
    560.38     20000   -1.32533   -2.59888   -2.50286   -2.48506   -2.02913
    583.69     25000   -1.43199   -2.47332   -2.33195   -2.30900   -2.05567
    607.00     30000   -1.43193   -2.58236   -2.50422   -2.48353   -2.12196
    630.32     35000   -1.49060   -2.83374   -2.94621   -2.95016   -2.20819
    653.63     40000   -1.56016   -2.71743   -2.56525   -2.54707   -2.23094
    676.94     45000   -1.58313   -2.65475   -2.52917   -2.50657   -2.23967
    700.25     50000   -1.58891   -2.82595   -2.83596   -2.82293   -2.30412
    723.56     55000   -1.66330   -2.96807   -2.90536   -2.89374   -2.37092
    746.87     60000   -1.75404   -2.81821   -2.67122   -2.64843   -2.39030
    770.18     65000   -1.75837   -2.88203   -2.78739   -2.76563   -2.43992
    793.50     70000   -1.80364   -3.13634   -3.25926   -3.25868   -2.52532
    816.83     75000   -1.88001   -3.07128   -2.93176   -2.91331   -2.56122
    840.18     80000   -1.92488   -2.98529   -2.85123   -2.82916   -2.57143
    863.52     85000   -1.92536   -3.13132   -3.10560   -3.08865   -2.63307
    886.85     90000   -1.99292   -3.32504   -3.31592   -3.31085   -2.70612
    910.19     95000   -2.07603   -3.16690   -3.01790   -2.99586   -2.72544
    933.53    100000   -2.08891   -3.19017   -3.08333   -3.06115   -2.76273
    956.87      5000   -2.12286   -3.43042   -3.51979   -3.51329   -2.84543
    980.23     10000   -2.20174   -3.43238   -3.30924   -3.29150   -2.89273
   1003.59     15000   -2.26961   -3.31793   -3.17802   -3.15579   -2.90275
   1026.92     20000   -2.25939   -3.43307   -3.37951   -3.36035   -2.95861
   1050.29     25000   -2.31930   -3.66674   -3.72390   -3.72741   -3.03688
   1073.62     30000   -2.39913   -3.52122   -3.37228   -3.35087   -3.06062
   1096.98     35000   -2.42198   -3.50619   -3.38868   -3.36631   -3.08834
   1120.34     40000   -2.44723   -3.71993   -3.76387   -3.75191   -3.16657
   1143.67     45000   -2.52469   -3.79596   -3.69855   -3.68310   -3.22425
   1167.01     50000   -2.60944   -3.65596   -3.51089   -3.48871   -3.23476
   1190.35     55000   -2.59335   -3.73724   -3.66169   -3.64100   -3.28316
   1213.68     60000   -2.64390   -3.98955   -4.09994   -4.10995   -3.36457
   1237.03     65000   -2.72225   -3.88049   -3.73477   -3.71423   -3.39564
   1260.39     70000   -2.75989   -3.82909   -3.70204   -3.67950   -3.41599
   1283.75     75000   -2.77425   -4.01086   -4.01294   -3.99696   -3.48820
   1307.11     80000   -2.84848   -4.15600   -4.09983   -4.08831   -3.55496
   1330.45     85000   -2.93019   -3.99935   -3.85058   -3.82863   -3.56771
   1353.78     90000   -2.92685   -4.04599   -3.95259   -3.93106   -3.60797
   1377.13     95000   -2.96714   -4.29620   -4.41318   -4.41896   -3.69007
   1400.50    100000   -3.04666   -4.24327   -4.10623   -4.08699   -3.73020
   1423.84      5000   -3.10019   -4.15760   -4.02258   -4.00004   -3.74532
   1447.19     10000   -3.10405   -4.30520   -4.27318   -4.25460   -3.81023
   1470.54     15000   -3.17127   -4.50662   -4.50943   -4.50422   -3.88434
   1493.90     20000   -3.25044   -4.34786   -4.19758   -4.17600   -3.90150
   1517.24     25000   -3.26131   -4.35956   -4.25191   -4.22989   -3.93367
   1540.58     30000   -3.29154   -4.59280   -4.67522   -4.67127   -4.01402
   1563.94     35000   -3.37056   -4.60821   -4.48787   -4.47041   -4.06395
   1587.28     40000   -3.44529   -4.49129   -4.35001   -4.32757   -4.07612
   1610.62     45000   -3.43526   -4.60382   -4.54507   -4.52492   -4.13283
   1633.97     50000   -3.49454   -4.84230   -4.91292   -4.91602   -4.21209
   1657.31     55000   -3.57245   -4.70154   -4.55237   -4.53135   -4.23581
   1680.64     60000   -3.59605   -4.67817   -4.55910   -4.53680   -4.26058
   1703.99     65000   -3.61869   -4.88504   -4.92182   -4.91035   -4.33696
   1727.36     70000   -3.69579   -4.97284   -4.88071   -4.86598   -4.39654
   1750.71     75000   -3.78113   -4.83026   -4.68427   -4.66202   -4.40821
   1774.05     80000   -3.76813   -4.90735   -4.82766   -4.80653   -4.45624
   1797.38     85000   -3.81696   -5.16082   -5.27775   -5.28567   -4.53821
   1820.71     90000   -3.89475   -5.06016   -4.91567   -4.89546   -4.57027
   1844.06     95000   -3.93453   -5.00205   -4.87366   -4.85123   -4.58887
   1867.40    100000   -3.94661   -5.17736   -5.17335   -5.15735   -4.65942
   1890.73      5000   -4.02001   -5.33262   -5.28469   -5.27433   -4.72764
   1914.07     10000   -4.10221   -5.17461   -5.02550   -5.00354   -4.74138
   1937.40     15000   -4.10073   -5.21616   -5.11980   -5.09805   -4.78070
   1960.73     20000   -4.13991   -5.46478   -5.57827   -5.58114   -4.86285
   1984.06     25000   -4.21902   -5.42285   -5.28837   -5.26938   -4.90444
   2007.41     30000   -4.27575   -5.33127   -5.19527   -5.17281   -4.91857
   2030.76     35000   -4.27762   -5.47257   -5.43578   -5.41713   -4.98188
   2054.10     40000   -4.34331   -5.68159   -5.69528   -5.69174   -5.05703
   2077.47     45000   -4.42245   -5.52428   -5.37403   -5.35249   -5.07534
   2100.81     50000   -4.43522   -5.53034   -5.42051   -5.39837   -5.10640
   2124.15     55000   -4.46451   -5.75987   -5.83459   -5.82857   -5.18632
   2147.48     60000   -4.54268   -5.78781   -5.67157   -5.65445   -5.23787
   2170.85     65000   -4.62173   -5.66582   -5.52374   -5.50136   -5.24964
   2194.20     70000   -4.60911   -5.77209   -5.70960   -5.68937   -5.30476
   2217.55     75000   -4.66621   -6.01463   -6.09532   -6.10016   -5.38465
   2240.89     80000   -4.74449   -5.87909   -5.73039   -5.70946   -5.40975
   2264.22     85000   -4.77081   -5.84987   -5.72904   -5.70667   -5.43347
   2287.54     90000   -4.79214   -6.05172   -6.08096   -6.06832   -5.50902
   2310.87     95000   -4.86784   -6.15186   -6.06619   -6.05201   -5.57014
   2334.23    100000   -4.95232   -6.00571   -5.85909   -5.83689   -5.58193
   2357.57      5000   -4.94225   -6.07660   -5.99388   -5.97267   -5.62840
   2380.90     10000   -4.98885   -6.33045   -6.45030   -6.45839   -5.71056
   2404.22     15000   -5.06670   -6.23862   -6.09532   -6.07528   -5.74422
   2427.54     20000   -5.10947   -6.17472   -6.04488   -6.02241   -5.76197
   2450.89     25000   -5.11986   -6.34439   -6.33416   -6.31751   -5.83140
   2474.22     30000   -5.19252   -6.51013   -6.47172   -6.46227   -5.90093
   2497.55     35000   -5.27323   -6.35093   -6.20148   -6.17958   -5.91525
   2520.88     40000   -5.27448   -6.38635   -6.28752   -6.26570   -5.95309
   2544.19     45000   -5.31229   -6.63251   -6.74092   -6.74246   -6.03501
   2567.51     50000   -5.39119   -6.60190   -6.46980   -6.45108   -6.07831
   2590.83     55000   -5.45151   -6.50487   -6.36770   -6.34523   -6.09190
   2614.15     60000   -5.45084   -6.64026   -6.59858   -6.57957   -6.15388
   2637.47     65000   -5.51535   -6.85661   -6.88215   -6.87995   -6.23000
   2660.79     70000   -5.59478   -6.70145   -6.55126   -6.52982   -6.24931
   2684.12     75000   -5.60886   -6.70144   -6.58958   -6.56740   -6.27902
   2707.44     80000   -5.63694   -6.92669   -6.99356   -6.98627   -6.35834
   2730.77     85000   -5.71483   -6.96700   -6.85495   -6.83824   -6.41158
   2754.10     90000   -5.79791   -6.84034   -6.69737   -6.67501   -6.42318
   2777.42     95000   -5.78305   -6.94060   -6.87428   -6.85383   -6.47685
   2800.76    100000   -5.83803   -7.18663   -7.27715   -7.28311   -6.55731
   2824.08      5000   -5.91682   -7.05708   -6.90900   -6.88820   -6.58376
   2847.41     10000   -5.94577   -7.02187   -6.89938   -6.87699   -6.60634
   2870.74     15000   -5.96488   -7.21845   -7.24039   -7.22694   -6.68096
   2894.07     20000   -6.04002   -7.33048   -7.25157   -7.23806   -6.74362
   2917.40     25000   -6.12373   -7.18115   -7.03391   -7.01176   -6.75567
   2940.72     30000   -6.11637   -7.24599   -7.16025   -7.13891   -6.80065
   2964.06     35000   -6.16104   -7.49973   -7.62116   -7.62867   -6.88295
   2987.40     40000   -6.23891   -7.41733   -7.27548   -7.25563   -6.91819
   3010.72     45000   -6.28464   -7.34762   -7.21641   -7.19394   -6.93509
   3034.02     50000   -6.29287   -7.51152   -7.49538   -7.47825   -7.00333
   3057.36     55000   -6.36426   -7.68717   -7.65864   -7.65025   -7.07413
   3080.69     60000   -6.44448   -7.52729   -7.37754   -7.35571   -7.08914
   3104.03     65000   -6.44848   -7.55665   -7.45539   -7.43350   -7.12554
   3127.36     70000   -6.48419   -7.80001   -7.90254   -7.90246   -7.20718
   3150.68     75000   -6.56360   -7.78109   -7.65169   -7.63326   -7.25217
   3173.99     80000   -6.62740   -7.67867   -7.54040   -7.51795   -7.26526
   3197.31     85000   -6.62396   -7.80809   -7.76177   -7.74246   -7.32587
   3220.63     90000   -6.68710   -8.03109   -8.06844   -8.06772   -7.40290
   3243.97     95000   -6.76653   -7.87871   -7.72865   -7.70730   -7.42329
   3267.31    100000   -6.78273   -7.87266   -7.75883   -7.73660   -7.45170
   3290.63      5000   -6.80943   -8.09344   -8.15239   -8.14382   -7.53035
   3313.97     10000   -6.88721   -8.14620   -8.03876   -8.02250   -7.58526
   3337.30     15000   -6.97364   -8.01505   -7.87123   -7.84890   -7.59676
   3360.64     20000   -6.95636   -8.10926   -8.03931   -8.01867   -7.64896
   3383.95     25000   -7.01008   -8.35811   -8.45734   -8.46430   -7.72991
   3407.25     30000   -7.08923   -8.23518   -8.08782   -8.06716   -7.75777
   3430.54     35000   -7.12063   -8.19400   -8.06989   -8.04748   -7.77926
   3453.84     40000   -7.13734   -8.38520   -8.40006   -8.38583   -7.85290
   3477.14     45000   -7.21243   -8.50892   -8.43733   -8.42453   -7.91706
   3500.44     50000   -7.29537   -8.35676   -8.20897   -8.18686   -7.92943
   3523.74     55000   -7.29010   -8.41555   -8.32691   -8.30546   -7.97293
   3547.04     60000   -7.33317   -8.66864   -8.79001   -8.79669   -8.05529
   3570.34     65000   -7.41134   -8.59613   -8.45588   -8.43624   -8.09215
   3593.64     70000   -7.45954   -8.52065   -8.38813   -8.36565   -8.10826
   3616.94     75000   -7.46612   -8.67876   -8.65692   -8.63933   -8.17527
   3640.24     80000   -7.53602   -8.86384   -8.84571   -8.83846   -8.24728
   3663.54     85000   -7.61595   -8.70381   -8.55384   -8.53208   -8.26304
   3686.85     90000   -7.62270   -8.72712   -8.62353   -8.60156   -8.29802
   3710.15     95000   -7.65627   -8.96732   -9.06325   -9.06159   -8.37931
   3733.45    100000   -7.73623   -8.96031   -8.83388   -8.81575   -8.42601
   3756.75      5000   -7.80309   -8.85262   -8.71329   -8.69086   -8.43866
   3780.05     10000   -7.79730   -8.97606   -8.92528   -8.90570   -8.49788
   3803.35     15000   -7.85908   -9.20507   -9.25420   -9.25495   -8.57575
   3826.65     20000   -7.93800   -9.05612   -8.90628   -8.88503   -8.59728
   3849.96     25000   -7.95683   -9.04404   -8.92830   -8.90603   -8.62442
   3873.27     30000   -7.98213   -9.26014   -9.31121   -9.30147   -8.70235
MyID= 0: Time=  0.1,has convergenced
     1686151 iterations for the convertgence of psi
 MyID=           0 has finish
