 START-UP FOR CHUNK...
     23.42      5000   -0.59633   -2.02925   -2.04091   -1.98689   -1.28718
     46.75     10000   -0.75263   -2.14530   -1.92278   -1.99103   -1.50102
     70.08     15000   -0.74605   -2.26011   -1.81221   -1.85098   -1.53775
     93.40     20000   -0.66239   -2.32142   -1.66346   -1.66441   -1.46416
    116.73     25000   -0.54794   -1.85452   -1.51718   -1.50733   -1.33929
    140.06     30000   -0.47185   -1.60658   -1.45799   -1.46070   -1.22430
    163.39     35000   -0.42951   -1.76043   -1.69273   -1.65724   -1.21103
    186.71     40000   -0.51413   -1.91534   -1.89098   -2.06629   -1.32409
    210.04     45000   -0.67475   -1.85103   -1.73395   -1.72333   -1.40235
    233.37     50000   -0.83859   -1.95766   -1.83963   -1.81018   -1.51293
    256.69     55000   -0.92665   -2.23556   -2.28301   -2.23201   -1.64336
    280.02     60000   -1.00513   -2.29625   -2.19715   -2.20438   -1.71524
    303.34     65000   -1.04053   -2.09787   -1.94739   -1.93382   -1.68915
    326.67     70000   -1.01018   -2.08555   -1.99308   -1.96423   -1.67681
    350.00     75000   -1.01889   -2.30664   -2.40072   -2.33342   -1.73713
    373.32     80000   -1.10771   -2.32623   -2.28073   -2.25291   -1.80497
    396.65     85000   -1.21791   -2.24457   -2.11966   -2.10113   -1.83915
    419.97     90000   -1.23958   -2.39172   -2.30531   -2.27578   -1.91070
    443.30     95000   -1.29993   -2.64569   -2.83286   -2.77801   -2.00954
    466.63    100000   -1.38074   -2.52231   -2.39375   -2.38483   -2.04798
 ITERATION...
    489.95      5000   -1.41085   -2.44735   -2.31931   -2.29738   -2.04471
    513.27     10000   -1.40107   -2.60229   -2.56300   -2.52186   -2.09262
    536.60     15000   -1.46394   -2.79238   -2.87500   -2.84860   -2.17597
    559.93     20000   -1.56191   -2.64232   -2.52101   -2.50133   -2.21274
    583.25     25000   -1.59021   -2.67589   -2.55695   -2.53307   -2.24829
    606.58     30000   -1.62655   -2.92325   -2.96173   -2.91295   -2.33304
    629.90     35000   -1.71263   -2.95894   -2.90583   -2.89430   -2.40562
    653.23     40000   -1.78781   -2.82285   -2.68920   -2.67213   -2.41612
    676.55     45000   -1.77434   -2.90259   -2.80757   -2.77859   -2.44869
    699.88     50000   -1.81490   -3.16585   -3.31550   -3.25690   -2.53240
    723.20     55000   -1.90956   -3.07502   -2.97533   -2.96000   -2.58843
    746.53     60000   -1.97783   -3.01130   -2.88343   -2.86164   -2.60734
    769.85     65000   -1.98086   -3.17802   -3.11705   -3.08288   -2.66907
    793.18     70000   -2.04544   -3.39290   -3.49018   -3.45933   -2.75699
    816.50     75000   -2.13222   -3.22539   -3.10080   -3.08492   -2.78868
    839.83     80000   -2.15110   -3.22326   -3.10528   -3.08163   -2.80724
    863.16     85000   -2.17348   -3.44652   -3.45900   -3.41583   -2.87935
    886.48     90000   -2.25699   -3.52960   -3.49906   -3.48486   -2.95631
    909.81     95000   -2.34378   -3.38669   -3.25621   -3.23771   -2.97700
    933.13    100000   -2.34420   -3.46195   -3.36085   -3.33325   -3.01500
    956.46      5000   -2.38590   -3.73030   -3.86037   -3.80171   -3.10133
    979.79     10000   -2.47820   -3.66187   -3.56457   -3.55074   -3.15935
   1003.11     15000   -2.54908   -3.57511   -3.44590   -3.42504   -3.17226
   1026.44     20000   -2.53972   -3.71734   -3.64990   -3.61729   -3.22498
   1049.76     25000   -2.59785   -3.95279   -4.08000   -4.04553   -3.31250
   1073.09     30000   -2.68963   -3.79745   -3.67525   -3.65939   -3.35082
   1096.41     35000   -2.71926   -3.78416   -3.66225   -3.63888   -3.37110
   1119.74     40000   -2.74070   -3.99681   -3.99072   -3.94901   -3.44272
   1143.07     45000   -2.81987   -4.11253   -4.10198   -4.08701   -3.52247
   1166.39     50000   -2.90592   -3.95883   -3.82737   -3.80952   -3.54347
   1189.72     55000   -2.90768   -4.01519   -3.90944   -3.88259   -3.57558
   1213.04     60000   -2.94548   -4.27583   -4.38050   -4.32563   -3.65897
   1236.37     65000   -3.03600   -4.23830   -4.15074   -4.13725   -3.72190
   1259.70     70000   -3.12056   -4.14013   -4.00883   -3.98854   -3.73652
   1283.02     75000   -3.10520   -4.26931   -4.19156   -4.16003   -3.78684
   1306.35     80000   -3.15948   -4.51836   -4.67048   -4.62566   -3.87507
   1329.68     85000   -3.25117   -4.37389   -4.25497   -4.23982   -3.91695
   1353.00     90000   -3.28751   -4.34463   -4.22015   -4.19740   -3.93430
   1376.33     95000   -3.30276   -4.54275   -4.51943   -4.48021   -4.00179
   1399.65    100000   -3.37865   -4.68771   -4.70308   -4.68654   -4.08411
   1422.98      5000   -3.46514   -4.52825   -4.39786   -4.38046   -4.10846
   1446.31     10000   -3.47269   -4.57093   -4.46018   -4.43419   -4.13796
   1469.63     15000   -3.50717   -4.82511   -4.90255   -4.84964   -4.21959
   1492.96     20000   -3.59772   -4.81767   -4.74225   -4.72886   -4.28648
   1516.28     25000   -3.68123   -4.70578   -4.57419   -4.55452   -4.30130
   1539.61     30000   -3.66883   -4.81966   -4.73442   -4.70418   -4.34740
   1562.93     35000   -3.71852   -5.07865   -5.24103   -5.18992   -4.43541
   1586.26     40000   -3.81193   -4.94891   -4.83474   -4.82000   -4.48184
   1609.58     45000   -3.85698   -4.90511   -4.77875   -4.75656   -4.49795
   1632.91     50000   -3.86749   -5.08954   -5.05126   -5.01399   -4.56209
   1656.23     55000   -3.93802   -5.26314   -5.30827   -5.28823   -4.64653
   1679.56     60000   -4.02584   -5.09952   -4.97095   -4.95402   -4.67392
   1702.89     65000   -4.03750   -5.12686   -5.01281   -4.98763   -4.70018
   1726.21     70000   -4.06857   -5.37176   -5.42344   -5.37427   -4.77929
   1749.53     75000   -4.15770   -5.39663   -5.33473   -5.32143   -4.85012
   1772.86     80000   -4.24214   -5.27195   -5.14015   -5.12096   -4.86616
   1796.19     85000   -4.23225   -5.37081   -5.27894   -5.24973   -4.90857
   1819.51     90000   -4.27926   -5.63582   -5.79628   -5.73962   -4.99601
   1842.84     95000   -4.37181   -5.52585   -5.41737   -5.40299   -5.04685
   1866.16    100000   -4.42689   -5.46693   -5.33914   -5.31751   -5.06180
   1889.49      5000   -4.43057   -5.63662   -5.58593   -5.55056   -5.12219
   1912.81     10000   -4.49735   -5.83578   -5.91190   -5.88777   -5.20829
   1936.14     15000   -4.58643   -5.67165   -5.54490   -5.52844   -5.23928
   1959.46     20000   -4.60345   -5.68385   -5.56655   -5.54204   -5.26281
   1982.79     25000   -4.63092   -5.91777   -5.94581   -5.89956   -5.33918
   2006.12     30000   -4.71682   -5.97605   -5.93073   -5.91709   -5.41360
   2029.44     35000   -4.80162   -5.83958   -5.70784   -5.68914   -5.43120
   2052.77     40000   -4.79644   -5.92321   -5.82557   -5.79735   -5.46987
   2076.09     45000   -4.83966   -6.18980   -6.33566   -6.27763   -5.55628
   2099.42     50000   -4.93239   -6.10337   -6.00147   -5.98750   -5.61160
   2122.74     55000   -4.99770   -6.02971   -5.90050   -5.87940   -5.62592
   2146.07     60000   -4.99496   -6.18454   -6.12277   -6.08895   -5.68254
   2169.39     65000   -5.05690   -6.40573   -6.51376   -6.48322   -5.76981
   2192.72     70000   -5.14646   -6.24501   -6.12074   -6.10474   -5.80464
   2216.04     75000   -5.17081   -6.24204   -6.12190   -6.09807   -5.82567
   2239.37     80000   -5.19459   -6.46369   -6.47065   -6.42730   -5.89902
   2262.70     85000   -5.27669   -6.55483   -6.52894   -6.51471   -5.97670
   2286.02     90000   -5.36170   -6.40807   -6.27662   -6.25840   -5.99637
   2309.35     95000   -5.36121   -6.47656   -6.37370   -6.34637   -6.03146
   2332.67    100000   -5.40132   -6.74115   -6.86441   -6.80712   -6.11642
   2356.00      5000   -5.49331   -6.68172   -6.58803   -6.57435   -6.17614
   2379.33     10000   -5.56923   -6.59356   -6.46330   -6.44273   -6.19026
   2402.65     15000   -5.55877   -6.73341   -6.66205   -6.62966   -6.24304
   2425.97     20000   -5.61605   -6.97239   -7.10839   -7.07027   -6.33100
   2449.30     25000   -5.70788   -6.81925   -6.69803   -6.68250   -6.36995
   2472.63     30000   -5.73828   -6.80115   -6.67849   -6.65527   -6.38883
   2495.95     35000   -5.75755   -7.00959   -6.99797   -6.95710   -6.45893
   2519.28     40000   -5.83589   -7.13279   -7.13001   -7.11449   -6.53946
   2542.61     45000   -5.92256   -6.97764   -6.84689   -6.82915   -6.56163
   2565.94     50000   -5.92611   -7.03097   -6.92356   -6.89706   -6.59331
   2589.27     55000   -5.96314   -7.29040   -7.38730   -7.33257   -6.67642
   2612.59     60000   -6.05362   -7.26057   -7.17672   -7.16330   -6.74041
   2635.92     65000   -6.13837   -7.15836   -7.02728   -7.00723   -6.75482
   2659.28     70000   -6.12305   -7.28312   -7.20335   -7.17223   -6.80374
   2682.63     75000   -6.17595   -7.53552   -7.69148   -7.64510   -6.89191
   2705.98     80000   -6.26804   -7.39450   -7.27715   -7.26205   -6.93515
   2729.34     85000   -6.30709   -7.36129   -7.23647   -7.21386   -6.95224
   2752.66     90000   -6.32102   -7.55584   -7.52806   -7.48944   -7.01890
   2775.97     95000   -6.39539   -7.70929   -7.73310   -7.71550   -7.10187
   2799.29    100000   -6.48217   -7.54819   -7.41850   -7.40124   -7.12697
   2822.64      5000   -6.49102   -7.58636   -7.47490   -7.44918   -7.15543
   2845.99     10000   -6.52445   -7.83805   -7.90815   -7.85651   -7.23634
   2869.34     15000   -6.61454   -7.83982   -7.76796   -7.75465   -7.30440
   2892.70     20000   -6.69827   -7.72419   -7.59260   -7.57305   -7.31957
   2916.05     25000   -6.68699   -7.83381   -7.74671   -7.71675   -7.36466
   2939.40     30000   -6.73557   -8.09510   -8.25853   -8.20533   -7.45257
   2962.75     35000   -6.82915   -7.97065   -7.85803   -7.84337   -7.50023
   2986.08     40000   -6.87656   -7.92241   -7.79572   -7.77368   -7.51593
   3009.40     45000   -6.88522   -8.10258   -8.06075   -8.02408   -7.57898
   3032.74     50000   -6.95487   -8.28384   -8.33750   -8.31657   -7.66394
   3056.07     55000   -7.04316   -8.11975   -7.99161   -7.97481   -7.69235
   3079.40     60000   -7.05597   -8.14277   -8.02776   -8.00277   -7.71783
   3102.73     65000   -7.08604   -8.38468   -8.42945   -8.38104   -7.79620
   3126.06     70000   -7.17424   -8.41919   -8.36172   -8.34834   -7.86808
   3149.39     75000   -7.25935   -8.29099   -8.15918   -8.14012   -7.88450
   3172.73     80000   -7.25021   -8.38547   -8.29192   -8.26300   -7.92582
   3196.06     85000   -7.29624   -8.65131   -8.80865   -8.75141   -8.01301
   3219.37     90000   -7.38874   -8.54767   -8.44087   -8.42662   -8.06513
   3242.71     95000   -7.44690   -8.48453   -8.35628   -8.33480   -8.07987
   3266.01    100000   -7.44861   -8.65001   -8.59598   -8.56105   -8.13920
   3289.31      5000   -7.51400   -8.85587   -8.94127   -8.91543   -8.22568
   3312.63     10000   -7.60321   -8.69232   -8.56620   -8.54988   -8.25773
   3335.96     15000   -7.62232   -8.70018   -8.58203   -8.55772   -8.28051
   3359.29     20000   -7.64873   -8.93072   -8.95249   -8.90712   -8.35604
   3382.60     25000   -7.73372   -8.99838   -8.95820   -8.94445   -8.43143
   3405.93     30000   -7.81842   -8.85881   -8.72709   -8.70852   -8.44957
   3429.26     35000   -7.81481   -8.93813   -8.83892   -8.81095   -8.48722
   3452.57     40000   -7.85691   -9.20452   -9.34456   -9.28646   -8.57325
   3475.88     45000   -7.94972   -9.12547   -9.02576   -9.01187   -8.62983
MyID= 0: Time=  0.1,has convergenced
     1686370 iterations for the convertgence of psi
 MyID=           0 has finish
